Número de póliza,Fecha de inicio,Fecha de vencimiento,Tipo de cobertura,Modelo del coche,Año del coche,Valor asegurado,Deducible,Estado del seguro,Gastos médicos,Daños a terceros
P000000,2021-04-01,2022-04-01,Cobertura de colisión,Volkswagen Jetta,2013,25311,700,Al día,0,0
P000001,2020-04-12,2021-04-12,Responsabilidad civil,Honda Civic,2016,14068,600,Al día,0,1
P000002,2023-01-31,2024-01-31,Cobertura amplia,Chevrolet Cruze,2012,33597,500,Al día,1,0
P000003,2022-09-30,2023-09-30,Cobertura total,Ford Focus,2022,33622,700,Vencido,0,1
P000004,2022-07-03,2023-07-03,Cobertura de robo,Chevrolet Cruze,2012,46800,600,Vencido,1,1
P000005,2021-07-25,2022-07-25,Responsabilidad civil,Kia Forte,2019,30800,500,Al día,0,0
P000006,2021-02-23,2022-02-23,Cobertura de robo,Nissan Sentra,2011,23481,700,Vencido,1,1
P000007,2020-12-22,2021-12-22,Cobertura de robo,Ford Focus,2015,44965,700,Vencido,0,0
P000008,2024-09-24,2025-09-24,Responsabilidad civil,Volkswagen Jetta,2021,20716,700,Vencido,0,1
P000009,2020-05-10,2021-05-10,Cobertura total,Toyota Corolla,2010,26396,700,Vencido,0,0
P0000010,2020-05-02,2021-05-02,Responsabilidad civil,Nissan Sentra,2018,37476,600,Al día,0,0
P0000011,2021-01-18,2022-01-18,Responsabilidad civil,Toyota Corolla,2017,47099,700,Vencido,1,0
P0000012,2022-06-14,2023-06-14,Cobertura total,Honda Civic,2018,21344,500,Vencido,0,0
P0000013,2022-08-10,2023-08-10,Cobertura de robo,Honda Civic,2010,14968,500,Vencido,1,1
P0000014,2025-08-31,2026-08-31,Cobertura total,Chevrolet Cruze,2019,26801,600,Vencido,0,1
P0000015,2020-04-18,2021-04-18,Cobertura de colisión,Toyota Corolla,2019,45838,500,Vencido,0,0
P0000016,2022-03-25,2023-03-25,Cobertura de robo,Hyundai Elantra,2022,14192,700,Vencido,1,1
P0000017,2024-09-14,2025-09-14,Cobertura de robo,Hyundai Elantra,2018,20949,700,Al día,0,0
P0000018,2022-06-21,2023-06-21,Responsabilidad civil,Mazda 3,2016,21861,500,Al día,0,1
P0000019,2025-01-13,2026-01-13,Cobertura total,Honda Civic,2013,24051,500,Al día,1,1
P0000020,2023-02-13,2024-02-13,Cobertura de colisión,Hyundai Elantra,2021,15312,500,Al día,0,1
P0000021,2020-01-27,2021-01-26,Cobertura amplia,Kia Forte,2020,42732,700,Al día,0,0
P0000022,2021-10-15,2022-10-15,Responsabilidad civil,Subaru Impreza,2020,44769,600,Al día,1,1
P0000023,2024-09-27,2025-09-27,Cobertura total,Toyota Corolla,2020,12894,600,Al día,0,1
P0000024,2023-10-25,2024-10-24,Cobertura total,Nissan Sentra,2012,19467,700,Vencido,1,0
P0000025,2023-02-12,2024-02-12,Cobertura de colisión,Nissan Sentra,2022,43921,700,Al día,1,0
P0000026,2021-09-28,2022-09-28,Cobertura amplia,Honda Civic,2015,16990,600,Vencido,0,1
P0000027,2022-05-31,2023-05-31,Responsabilidad civil,Volkswagen Jetta,2016,31465,500,Al día,1,1
P0000028,2023-10-10,2024-10-09,Cobertura total,Ford Focus,2021,25588,600,Al día,1,0
P0000029,2021-02-22,2022-02-22,Cobertura de robo,Toyota Corolla,2015,22318,700,Vencido,1,1
P0000030,2021-01-14,2022-01-14,Cobertura total,Mazda 3,2014,28141,700,Al día,1,0
P0000031,2024-04-05,2025-04-05,Cobertura de colisión,Volkswagen Jetta,2013,35669,600,Al día,1,1
P0000032,2021-01-31,2022-01-31,Cobertura amplia,Mazda 3,2015,27303,500,Vencido,1,0
P0000033,2024-01-10,2025-01-09,Cobertura amplia,Mazda 3,2012,10758,700,Vencido,1,1
P0000034,2023-11-09,2024-11-08,Cobertura de robo,Honda Civic,2019,13602,700,Al día,0,0
P0000035,2022-12-19,2023-12-19,Cobertura de colisión,Toyota Corolla,2018,39366,700,Al día,0,0
P0000036,2020-06-26,2021-06-26,Responsabilidad civil,Honda Civic,2015,11770,600,Al día,0,0
P0000037,2025-02-24,2026-02-24,Cobertura total,Ford Focus,2017,10894,600,Al día,1,1
P0000038,2021-05-26,2022-05-26,Cobertura de robo,Mazda 3,2020,28642,500,Vencido,1,1
P0000039,2024-03-30,2025-03-30,Cobertura de colisión,Toyota Corolla,2022,18246,500,Vencido,1,1
P0000040,2020-11-18,2021-11-18,Responsabilidad civil,Subaru Impreza,2016,33193,600,Al día,0,0
P0000041,2023-04-15,2024-04-14,Responsabilidad civil,Mazda 3,2012,22450,700,Al día,0,1
P0000042,2024-01-21,2025-01-20,Cobertura amplia,Hyundai Elantra,2010,28096,500,Vencido,1,1
P0000043,2022-02-26,2023-02-26,Cobertura total,Toyota Corolla,2011,15896,500,Vencido,0,0
P0000044,2020-10-11,2021-10-11,Cobertura de robo,Toyota Corolla,2021,14719,700,Al día,1,1
P0000045,2020-07-06,2021-07-06,Cobertura amplia,Volkswagen Jetta,2022,42817,600,Vencido,1,0
P0000046,2022-07-22,2023-07-22,Responsabilidad civil,Mazda 3,2014,34070,700,Vencido,1,0
P0000047,2023-03-31,2024-03-30,Responsabilidad civil,Toyota Corolla,2019,22165,500,Vencido,1,1
P0000048,2020-11-22,2021-11-22,Cobertura amplia,Honda Civic,2021,40147,500,Al día,0,1
P0000049,2022-08-11,2023-08-11,Cobertura amplia,Subaru Impreza,2015,17180,500,Al día,0,0
P0000050,2021-02-17,2022-02-17,Cobertura de robo,Volkswagen Jetta,2018,42357,500,Al día,0,1
P0000051,2024-04-05,2025-04-05,Responsabilidad civil,Toyota Corolla,2011,21776,500,Al día,0,1
P0000052,2023-02-12,2024-02-12,Cobertura amplia,Honda Civic,2020,41846,600,Vencido,0,0
P0000053,2025-01-31,2026-01-31,Cobertura de robo,Toyota Corolla,2013,49050,500,Al día,1,1
P0000054,2024-02-03,2025-02-02,Responsabilidad civil,Toyota Corolla,2013,15443,500,Vencido,1,0
P0000055,2021-10-28,2022-10-28,Cobertura total,Honda Civic,2017,11659,500,Vencido,1,0
P0000056,2024-02-25,2025-02-24,Cobertura de robo,Toyota Corolla,2013,35555,500,Al día,0,0
P0000057,2023-12-26,2024-12-25,Responsabilidad civil,Honda Civic,2015,49705,600,Vencido,0,1
P0000058,2022-05-08,2023-05-08,Cobertura de robo,Nissan Sentra,2021,20737,700,Al día,1,1
P0000059,2022-12-29,2023-12-29,Cobertura amplia,Subaru Impreza,2013,48094,600,Al día,0,1
P0000060,2020-10-19,2021-10-19,Responsabilidad civil,Toyota Corolla,2014,41037,500,Vencido,0,0
P0000061,2021-12-01,2022-12-01,Responsabilidad civil,Mazda 3,2022,10664,700,Al día,1,1
P0000062,2025-12-27,2026-12-27,Responsabilidad civil,Toyota Corolla,2016,35754,600,Vencido,0,0
P0000063,2022-09-29,2023-09-29,Cobertura de colisión,Toyota Corolla,2015,25002,500,Vencido,0,1
P0000064,2021-10-31,2022-10-31,Responsabilidad civil,Honda Civic,2010,27287,600,Al día,1,0
P0000065,2025-03-08,2026-03-08,Cobertura amplia,Toyota Corolla,2012,38485,600,Vencido,1,0
P0000066,2024-04-03,2025-04-03,Cobertura total,Volkswagen Jetta,2017,38635,700,Vencido,1,0
P0000067,2023-01-10,2024-01-10,Cobertura total,Honda Civic,2015,41188,700,Al día,0,0
P0000068,2022-06-18,2023-06-18,Cobertura de colisión,Nissan Sentra,2015,41740,500,Vencido,0,1
P0000069,2023-08-21,2024-08-20,Cobertura de colisión,Volkswagen Jetta,2011,42531,500,Vencido,1,1
P0000070,2020-08-17,2021-08-17,Cobertura total,Nissan Sentra,2016,31837,700,Al día,1,0
P0000071,2022-07-27,2023-07-27,Cobertura amplia,Honda Civic,2018,39883,700,Vencido,1,0
P0000072,2020-05-11,2021-05-11,Cobertura amplia,Toyota Corolla,2016,23510,600,Al día,0,1
P0000073,2023-07-16,2024-07-15,Cobertura amplia,Toyota Corolla,2020,11413,500,Vencido,0,1
P0000074,2024-07-01,2025-07-01,Cobertura de robo,Mazda 3,2014,49654,700,Al día,0,1
P0000075,2023-01-01,2024-01-01,Cobertura total,Chevrolet Cruze,2015,14299,700,Al día,0,1
P0000076,2020-09-28,2021-09-28,Cobertura amplia,Toyota Corolla,2018,20485,500,Al día,1,0
P0000077,2022-05-14,2023-05-14,Cobertura total,Ford Focus,2010,29339,700,Al día,0,0
P0000078,2023-07-12,2024-07-11,Cobertura total,Toyota Corolla,2022,28535,500,Al día,1,0
P0000079,2022-05-20,2023-05-20,Cobertura de robo,Honda Civic,2010,30616,600,Al día,0,0
P0000080,2025-08-06,2026-08-06,Cobertura amplia,Hyundai Elantra,2013,34830,700,Al día,1,0
P0000081,2024-06-08,2025-06-08,Cobertura amplia,Kia Forte,2013,48841,700,Vencido,0,0
P0000082,2025-02-22,2026-02-22,Cobertura amplia,Volkswagen Jetta,2015,49906,700,Vencido,0,0
P0000083,2021-08-08,2022-08-08,Cobertura de robo,Toyota Corolla,2022,46172,600,Vencido,0,1
P0000084,2022-12-20,2023-12-20,Cobertura total,Hyundai Elantra,2019,36535,500,Vencido,0,0
P0000085,2021-07-25,2022-07-25,Cobertura total,Ford Focus,2020,46739,600,Vencido,1,0
P0000086,2022-10-07,2023-10-07,Cobertura total,Honda Civic,2010,25759,500,Al día,1,0
P0000087,2022-12-12,2023-12-12,Cobertura amplia,Ford Focus,2011,11356,600,Al día,0,0
P0000088,2024-10-20,2025-10-20,Cobertura amplia,Honda Civic,2013,25264,500,Vencido,1,0
P0000089,2024-06-23,2025-06-23,Cobertura de robo,Toyota Corolla,2018,13476,600,Al día,0,1
P0000090,2024-01-22,2025-01-21,Cobertura total,Nissan Sentra,2013,18463,600,Vencido,1,0
P0000091,2022-06-17,2023-06-17,Cobertura de robo,Toyota Corolla,2011,12855,700,Al día,0,0
P0000092,2021-07-20,2022-07-20,Cobertura total,Toyota Corolla,2021,12412,600,Al día,0,0
P0000093,2025-09-18,2026-09-18,Cobertura total,Chevrolet Cruze,2010,16892,600,Al día,1,1
P0000094,2025-07-14,2026-07-14,Responsabilidad civil,Hyundai Elantra,2021,31869,700,Al día,1,0
P0000095,2021-01-07,2022-01-07,Cobertura total,Toyota Corolla,2014,33123,600,Al día,0,1
P0000096,2020-07-11,2021-07-11,Cobertura de colisión,Volkswagen Jetta,2011,35198,700,Al día,0,1
P0000097,2021-03-25,2022-03-25,Cobertura amplia,Honda Civic,2017,13723,700,Al día,1,1
P0000098,2021-09-18,2022-09-18,Cobertura de robo,Ford Focus,2021,49234,600,Al día,1,1
P0000099,2021-10-17,2022-10-17,Cobertura de colisión,Hyundai Elantra,2013,14350,700,Al día,0,1
P00000100,2024-09-25,2025-09-25,Cobertura total,Kia Forte,2012,31571,600,Al día,1,1
P00000101,2020-09-17,2021-09-17,Cobertura total,Volkswagen Jetta,2012,22211,600,Al día,0,1
P00000102,2024-04-25,2025-04-25,Cobertura amplia,Ford Focus,2013,12143,700,Vencido,1,0
P00000103,2024-04-12,2025-04-12,Cobertura de robo,Chevrolet Cruze,2019,36373,700,Al día,1,1
P00000104,2025-04-01,2026-04-01,Responsabilidad civil,Mazda 3,2015,18468,600,Al día,1,0
P00000105,2025-12-07,2026-12-07,Cobertura de robo,Toyota Corolla,2013,13650,500,Al día,1,1
P00000106,2022-10-26,2023-10-26,Cobertura de robo,Toyota Corolla,2014,12378,500,Vencido,1,0
P00000107,2020-02-17,2021-02-16,Cobertura de colisión,Chevrolet Cruze,2021,36922,600,Vencido,1,0
P00000108,2021-04-14,2022-04-14,Cobertura de colisión,Mazda 3,2022,25647,700,Vencido,1,0
P00000109,2022-12-28,2023-12-28,Cobertura de colisión,Ford Focus,2022,28986,600,Al día,1,1
P00000110,2023-10-25,2024-10-24,Responsabilidad civil,Volkswagen Jetta,2017,13309,600,Al día,0,0
P00000111,2021-04-01,2022-04-01,Cobertura total,Nissan Sentra,2012,40004,700,Vencido,1,1
P00000112,2023-04-17,2024-04-16,Responsabilidad civil,Toyota Corolla,2016,19344,700,Vencido,1,0
P00000113,2024-11-15,2025-11-15,Cobertura total,Subaru Impreza,2019,38178,700,Vencido,1,1
P00000114,2021-10-09,2022-10-09,Cobertura de colisión,Mazda 3,2011,20218,500,Al día,1,0
P00000115,2025-02-01,2026-02-01,Responsabilidad civil,Honda Civic,2016,26423,600,Al día,0,1
P00000116,2020-01-14,2021-01-13,Responsabilidad civil,Volkswagen Jetta,2020,20106,700,Al día,0,0
P00000117,2022-12-14,2023-12-14,Responsabilidad civil,Nissan Sentra,2017,29570,500,Al día,0,0
P00000118,2025-08-12,2026-08-12,Cobertura de robo,Honda Civic,2011,20169,500,Vencido,0,0
P00000119,2022-01-01,2023-01-01,Cobertura de robo,Nissan Sentra,2015,18448,600,Vencido,1,1
P00000120,2025-09-10,2026-09-10,Cobertura total,Toyota Corolla,2017,33788,500,Al día,0,1
P00000121,2021-03-11,2022-03-11,Cobertura amplia,Nissan Sentra,2017,45285,700,Al día,1,0
P00000122,2023-05-07,2024-05-06,Cobertura de robo,Honda Civic,2011,23350,600,Vencido,0,1
P00000123,2025-09-10,2026-09-10,Cobertura de colisión,Hyundai Elantra,2021,11434,500,Vencido,0,1
P00000124,2022-03-25,2023-03-25,Cobertura amplia,Mazda 3,2014,46885,600,Vencido,0,0
P00000125,2021-09-18,2022-09-18,Cobertura de robo,Honda Civic,2010,20882,500,Vencido,1,1
P00000126,2024-03-11,2025-03-11,Cobertura total,Honda Civic,2010,35454,500,Al día,0,0
P00000127,2021-10-23,2022-10-23,Cobertura de colisión,Toyota Corolla,2013,39619,600,Al día,0,1
P00000128,2025-12-12,2026-12-12,Cobertura amplia,Hyundai Elantra,2018,42914,600,Al día,0,0
P00000129,2020-01-03,2021-01-02,Cobertura total,Toyota Corolla,2012,44342,600,Al día,0,1
P00000130,2023-08-20,2024-08-19,Responsabilidad civil,Toyota Corolla,2011,27799,600,Vencido,1,0
P00000131,2025-06-24,2026-06-24,Cobertura de colisión,Toyota Corolla,2016,45304,600,Al día,0,0
P00000132,2020-03-20,2021-03-20,Cobertura de colisión,Hyundai Elantra,2022,20057,600,Vencido,1,0
P00000133,2021-04-03,2022-04-03,Cobertura de robo,Toyota Corolla,2011,41978,700,Vencido,0,0
P00000134,2024-01-26,2025-01-25,Responsabilidad civil,Ford Focus,2021,13560,600,Vencido,1,0
P00000135,2023-06-13,2024-06-12,Cobertura total,Volkswagen Jetta,2010,48210,700,Vencido,1,0
P00000136,2022-09-07,2023-09-07,Cobertura amplia,Volkswagen Jetta,2013,11924,600,Al día,1,0
P00000137,2020-08-25,2021-08-25,Cobertura de robo,Subaru Impreza,2013,23642,500,Vencido,0,0
P00000138,2022-09-13,2023-09-13,Cobertura total,Honda Civic,2020,36750,600,Vencido,0,1
P00000139,2020-11-18,2021-11-18,Cobertura de colisión,Chevrolet Cruze,2018,38283,700,Vencido,0,0
P00000140,2020-12-16,2021-12-16,Responsabilidad civil,Ford Focus,2016,35742,500,Al día,0,1
P00000141,2025-06-13,2026-06-13,Cobertura de robo,Honda Civic,2014,23717,700,Al día,1,0
P00000142,2020-10-10,2021-10-10,Cobertura de robo,Toyota Corolla,2022,48196,600,Vencido,1,0
P00000143,2025-12-21,2026-12-21,Cobertura de robo,Nissan Sentra,2022,23134,500,Vencido,0,1
P00000144,2021-05-30,2022-05-30,Responsabilidad civil,Hyundai Elantra,2017,34071,600,Al día,1,0
P00000145,2021-06-09,2022-06-09,Cobertura de colisión,Toyota Corolla,2015,24604,700,Al día,0,1
P00000146,2025-04-30,2026-04-30,Cobertura de robo,Nissan Sentra,2020,14210,700,Al día,1,0
P00000147,2021-11-07,2022-11-07,Cobertura amplia,Mazda 3,2014,17686,600,Vencido,1,0
P00000148,2022-12-21,2023-12-21,Responsabilidad civil,Kia Forte,2020,24868,700,Vencido,0,0
P00000149,2025-12-01,2026-12-01,Cobertura total,Chevrolet Cruze,2022,22316,700,Al día,0,0
P00000150,2024-09-29,2025-09-29,Cobertura de robo,Chevrolet Cruze,2011,46980,600,Vencido,0,1
P00000151,2022-05-17,2023-05-17,Cobertura total,Chevrolet Cruze,2012,21392,700,Al día,1,1
P00000152,2022-04-03,2023-04-03,Cobertura de colisión,Honda Civic,2017,47415,700,Al día,1,0
P00000153,2023-06-30,2024-06-29,Cobertura total,Toyota Corolla,2010,11628,600,Al día,0,0
P00000154,2024-06-22,2025-06-22,Cobertura amplia,Subaru Impreza,2020,41377,600,Al día,0,1
P00000155,2024-03-09,2025-03-09,Responsabilidad civil,Ford Focus,2013,47205,700,Al día,0,0
P00000156,2024-11-29,2025-11-29,Cobertura de colisión,Ford Focus,2017,47025,600,Vencido,1,0
P00000157,2025-10-20,2026-10-20,Responsabilidad civil,Toyota Corolla,2019,40648,700,Vencido,1,0
P00000158,2025-01-23,2026-01-23,Cobertura de colisión,Mazda 3,2022,37138,700,Al día,1,1
P00000159,2021-05-10,2022-05-10,Cobertura total,Toyota Corolla,2012,35417,500,Vencido,1,0
P00000160,2022-10-12,2023-10-12,Cobertura de robo,Nissan Sentra,2018,34977,600,Al día,0,0
P00000161,2022-07-09,2023-07-09,Cobertura amplia,Toyota Corolla,2016,15187,600,Vencido,1,0
P00000162,2020-09-19,2021-09-19,Cobertura de robo,Volkswagen Jetta,2017,44156,600,Al día,1,1
P00000163,2023-10-16,2024-10-15,Cobertura de colisión,Honda Civic,2018,35616,700,Al día,1,1
P00000164,2020-03-27,2021-03-27,Cobertura total,Honda Civic,2012,42702,700,Al día,0,1
P00000165,2022-07-31,2023-07-31,Cobertura total,Toyota Corolla,2021,23994,700,Vencido,1,0
P00000166,2022-06-21,2023-06-21,Cobertura amplia,Mazda 3,2013,19411,500,Al día,0,1
P00000167,2020-01-30,2021-01-29,Responsabilidad civil,Toyota Corolla,2014,21569,600,Al día,0,1
P00000168,2020-10-17,2021-10-17,Cobertura de colisión,Ford Focus,2014,26468,500,Vencido,0,1
P00000169,2020-08-29,2021-08-29,Cobertura amplia,Toyota Corolla,2019,31383,600,Al día,0,0
P00000170,2022-07-26,2023-07-26,Cobertura amplia,Volkswagen Jetta,2010,36799,700,Vencido,1,1
P00000171,2020-10-03,2021-10-03,Cobertura de colisión,Toyota Corolla,2014,39294,600,Vencido,0,0
P00000172,2020-05-08,2021-05-08,Cobertura amplia,Hyundai Elantra,2017,13933,700,Al día,0,1
P00000173,2023-09-15,2024-09-14,Responsabilidad civil,Ford Focus,2019,20076,600,Al día,0,0
P00000174,2020-10-17,2021-10-17,Cobertura amplia,Honda Civic,2015,46046,600,Al día,0,1
P00000175,2025-10-06,2026-10-06,Responsabilidad civil,Chevrolet Cruze,2022,35070,500,Al día,1,1
P00000176,2022-09-01,2023-09-01,Cobertura de colisión,Honda Civic,2018,27099,500,Vencido,0,0
P00000177,2023-02-14,2024-02-14,Cobertura de colisión,Kia Forte,2019,18210,500,Al día,1,0
P00000178,2025-06-11,2026-06-11,Cobertura amplia,Honda Civic,2012,39303,600,Al día,0,1
P00000179,2022-05-27,2023-05-27,Cobertura total,Hyundai Elantra,2013,19080,500,Al día,0,1
P00000180,2021-06-25,2022-06-25,Cobertura de robo,Toyota Corolla,2014,17920,700,Vencido,0,1
P00000181,2025-04-20,2026-04-20,Responsabilidad civil,Subaru Impreza,2022,13718,600,Vencido,1,1
P00000182,2022-09-22,2023-09-22,Responsabilidad civil,Nissan Sentra,2015,13610,500,Al día,1,1
P00000183,2025-04-21,2026-04-21,Responsabilidad civil,Kia Forte,2010,31872,500,Vencido,1,1
P00000184,2024-07-25,2025-07-25,Cobertura de colisión,Kia Forte,2021,43886,500,Vencido,0,1
P00000185,2022-02-18,2023-02-18,Cobertura amplia,Ford Focus,2016,14581,700,Al día,0,0
P00000186,2021-01-21,2022-01-21,Responsabilidad civil,Chevrolet Cruze,2016,41484,500,Al día,1,0
P00000187,2021-02-01,2022-02-01,Cobertura de colisión,Honda Civic,2019,37193,700,Al día,0,0
P00000188,2024-10-31,2025-10-31,Cobertura total,Toyota Corolla,2015,32112,500,Vencido,1,0
P00000189,2023-12-22,2024-12-21,Cobertura de colisión,Toyota Corolla,2015,44790,700,Al día,0,1
P00000190,2024-09-30,2025-09-30,Responsabilidad civil,Hyundai Elantra,2019,41858,500,Vencido,1,1
P00000191,2024-08-10,2025-08-10,Cobertura de robo,Nissan Sentra,2012,15969,500,Al día,0,1
P00000192,2025-03-27,2026-03-27,Cobertura total,Toyota Corolla,2017,20470,700,Al día,1,1
P00000193,2020-08-09,2021-08-09,Cobertura amplia,Honda Civic,2021,27041,600,Al día,0,0
P00000194,2021-02-07,2022-02-07,Responsabilidad civil,Kia Forte,2021,21279,500,Vencido,0,1
P00000195,2020-09-05,2021-09-05,Cobertura total,Toyota Corolla,2022,22513,700,Al día,1,0
P00000196,2024-07-07,2025-07-07,Responsabilidad civil,Subaru Impreza,2015,35359,700,Al día,0,1
P00000197,2023-10-21,2024-10-20,Cobertura de robo,Toyota Corolla,2016,36220,500,Al día,1,0
P00000198,2021-03-23,2022-03-23,Cobertura de robo,Ford Focus,2018,14295,600,Al día,1,0
P00000199,2022-10-15,2023-10-15,Cobertura amplia,Hyundai Elantra,2020,12038,500,Al día,0,0
P00000200,2022-02-23,2023-02-23,Cobertura de colisión,Nissan Sentra,2010,25006,700,Al día,0,0
P00000201,2022-02-18,2023-02-18,Cobertura total,Toyota Corolla,2013,25355,700,Al día,1,0
P00000202,2025-01-11,2026-01-11,Cobertura amplia,Honda Civic,2021,14988,600,Vencido,1,1
P00000203,2021-07-28,2022-07-28,Cobertura amplia,Ford Focus,2014,37594,600,Vencido,1,1
P00000204,2024-09-24,2025-09-24,Cobertura total,Ford Focus,2013,43929,600,Vencido,0,0
P00000205,2022-01-21,2023-01-21,Cobertura de colisión,Kia Forte,2014,34474,700,Vencido,1,0
P00000206,2023-02-14,2024-02-14,Cobertura total,Hyundai Elantra,2011,47084,500,Al día,0,1
P00000207,2025-03-09,2026-03-09,Cobertura de colisión,Toyota Corolla,2021,15645,600,Al día,0,1
P00000208,2022-10-20,2023-10-20,Responsabilidad civil,Mazda 3,2018,18499,600,Al día,0,1
P00000209,2020-11-04,2021-11-04,Cobertura amplia,Nissan Sentra,2013,15644,600,Vencido,0,0
P00000210,2024-12-20,2025-12-20,Cobertura de robo,Toyota Corolla,2013,40786,500,Vencido,0,0
P00000211,2021-02-05,2022-02-05,Responsabilidad civil,Honda Civic,2010,38731,700,Vencido,0,1
P00000212,2020-07-26,2021-07-26,Cobertura amplia,Subaru Impreza,2014,47872,500,Vencido,1,1
P00000213,2020-03-01,2021-03-01,Cobertura total,Toyota Corolla,2018,23619,500,Vencido,1,0
P00000214,2021-01-17,2022-01-17,Responsabilidad civil,Honda Civic,2016,12480,600,Al día,1,0
P00000215,2022-08-26,2023-08-26,Cobertura total,Volkswagen Jetta,2011,15965,700,Al día,1,1
P00000216,2021-11-12,2022-11-12,Cobertura total,Hyundai Elantra,2015,37040,600,Al día,1,0
P00000217,2024-07-22,2025-07-22,Cobertura de colisión,Hyundai Elantra,2011,17643,600,Vencido,1,0
P00000218,2025-06-12,2026-06-12,Cobertura de colisión,Honda Civic,2016,11453,700,Vencido,1,0
P00000219,2025-05-25,2026-05-25,Cobertura de colisión,Kia Forte,2012,22122,500,Al día,1,1
P00000220,2022-05-25,2023-05-25,Cobertura amplia,Volkswagen Jetta,2018,25031,500,Al día,0,0
P00000221,2024-06-30,2025-06-30,Cobertura total,Honda Civic,2010,26051,500,Al día,1,1
P00000222,2020-08-28,2021-08-28,Cobertura total,Volkswagen Jetta,2013,13148,700,Vencido,1,1
P00000223,2021-11-05,2022-11-05,Responsabilidad civil,Kia Forte,2019,38131,600,Vencido,1,1
P00000224,2024-04-01,2025-04-01,Cobertura de robo,Hyundai Elantra,2021,39597,600,Vencido,0,0
P00000225,2020-01-09,2021-01-08,Cobertura amplia,Toyota Corolla,2018,15607,500,Vencido,1,1
P00000226,2024-05-18,2025-05-18,Cobertura total,Honda Civic,2017,32870,700,Vencido,0,0
P00000227,2022-12-22,2023-12-22,Cobertura total,Ford Focus,2015,34226,700,Al día,0,1
P00000228,2025-02-06,2026-02-06,Cobertura amplia,Hyundai Elantra,2014,23806,700,Al día,0,1
P00000229,2023-03-14,2024-03-13,Cobertura de colisión,Hyundai Elantra,2018,34406,500,Vencido,1,0
P00000230,2024-09-28,2025-09-28,Cobertura total,Mazda 3,2014,28440,500,Al día,0,1
P00000231,2025-06-16,2026-06-16,Cobertura amplia,Honda Civic,2016,49527,500,Al día,1,1
P00000232,2021-09-26,2022-09-26,Cobertura de colisión,Toyota Corolla,2021,43306,700,Al día,0,0
P00000233,2022-02-16,2023-02-16,Cobertura total,Nissan Sentra,2015,13615,600,Al día,1,0
P00000234,2023-04-30,2024-04-29,Cobertura total,Volkswagen Jetta,2015,23051,500,Vencido,1,0
P00000235,2022-06-10,2023-06-10,Cobertura total,Nissan Sentra,2018,12206,500,Al día,1,0
P00000236,2020-08-27,2021-08-27,Cobertura de colisión,Chevrolet Cruze,2011,17676,500,Al día,0,0
P00000237,2020-09-06,2021-09-06,Cobertura de colisión,Nissan Sentra,2021,31425,700,Vencido,1,1
P00000238,2023-07-08,2024-07-07,Cobertura de colisión,Nissan Sentra,2022,10185,600,Al día,0,0
P00000239,2020-08-22,2021-08-22,Cobertura de robo,Honda Civic,2022,17637,500,Vencido,0,0
P00000240,2020-07-24,2021-07-24,Responsabilidad civil,Kia Forte,2019,32404,700,Al día,0,1
P00000241,2025-05-06,2026-05-06,Cobertura de robo,Ford Focus,2019,48894,500,Al día,0,0
P00000242,2025-08-21,2026-08-21,Responsabilidad civil,Mazda 3,2018,21802,700,Al día,1,0
P00000243,2025-12-15,2026-12-15,Cobertura total,Toyota Corolla,2012,48217,700,Vencido,1,0
P00000244,2021-10-06,2022-10-06,Cobertura amplia,Ford Focus,2015,19144,600,Al día,0,1
P00000245,2020-08-20,2021-08-20,Cobertura amplia,Toyota Corolla,2018,25648,500,Al día,0,1
P00000246,2025-09-11,2026-09-11,Cobertura de colisión,Subaru Impreza,2017,32110,500,Vencido,1,0
P00000247,2020-11-24,2021-11-24,Cobertura amplia,Nissan Sentra,2018,21840,600,Vencido,1,1
P00000248,2022-01-31,2023-01-31,Cobertura de robo,Hyundai Elantra,2013,15171,600,Vencido,0,0
P00000249,2020-10-07,2021-10-07,Responsabilidad civil,Hyundai Elantra,2018,17693,600,Vencido,0,0
P00000250,2020-10-05,2021-10-05,Cobertura de colisión,Toyota Corolla,2011,14168,700,Al día,0,0
P00000251,2022-08-21,2023-08-21,Cobertura total,Mazda 3,2012,25470,700,Vencido,1,1
P00000252,2024-07-11,2025-07-11,Cobertura de colisión,Volkswagen Jetta,2010,24233,700,Al día,1,1
P00000253,2021-05-06,2022-05-06,Cobertura de robo,Toyota Corolla,2016,43734,700,Al día,0,0
P00000254,2022-10-05,2023-10-05,Cobertura de colisión,Ford Focus,2010,28685,500,Al día,1,0
P00000255,2020-06-11,2021-06-11,Cobertura total,Mazda 3,2014,40753,700,Vencido,0,1
P00000256,2020-12-01,2021-12-01,Cobertura de colisión,Honda Civic,2013,46502,600,Al día,1,0
P00000257,2024-09-13,2025-09-13,Cobertura total,Kia Forte,2012,12056,700,Al día,1,1
P00000258,2025-11-11,2026-11-11,Cobertura de colisión,Honda Civic,2017,33931,500,Vencido,1,1
P00000259,2023-07-19,2024-07-18,Cobertura amplia,Hyundai Elantra,2016,17883,600,Al día,0,0
P00000260,2022-12-04,2023-12-04,Cobertura de colisión,Volkswagen Jetta,2020,11434,600,Vencido,1,0
P00000261,2022-04-16,2023-04-16,Responsabilidad civil,Honda Civic,2011,18065,600,Al día,0,0
P00000262,2023-07-10,2024-07-09,Cobertura de colisión,Honda Civic,2022,29204,700,Vencido,0,1
P00000263,2022-09-04,2023-09-04,Cobertura total,Honda Civic,2015,20167,600,Al día,0,1
P00000264,2022-12-23,2023-12-23,Cobertura amplia,Honda Civic,2010,36625,700,Vencido,1,1
P00000265,2024-06-09,2025-06-09,Cobertura amplia,Mazda 3,2020,10160,500,Al día,1,0
P00000266,2021-06-20,2022-06-20,Cobertura de colisión,Volkswagen Jetta,2022,18719,700,Al día,0,1
P00000267,2023-05-13,2024-05-12,Cobertura de colisión,Volkswagen Jetta,2019,36188,600,Al día,0,0
P00000268,2025-02-15,2026-02-15,Cobertura total,Toyota Corolla,2015,45941,500,Al día,0,1
P00000269,2023-07-19,2024-07-18,Responsabilidad civil,Ford Focus,2017,10834,600,Vencido,1,1
P00000270,2020-10-24,2021-10-24,Cobertura de colisión,Volkswagen Jetta,2020,28194,700,Al día,1,0
P00000271,2020-02-08,2021-02-07,Cobertura amplia,Honda Civic,2022,27720,500,Vencido,0,0
P00000272,2025-02-20,2026-02-20,Responsabilidad civil,Toyota Corolla,2020,47792,500,Al día,0,1
P00000273,2021-02-13,2022-02-13,Cobertura total,Subaru Impreza,2018,11583,700,Al día,1,1
P00000274,2020-10-27,2021-10-27,Cobertura amplia,Toyota Corolla,2015,35933,600,Vencido,0,1
P00000275,2022-05-23,2023-05-23,Responsabilidad civil,Chevrolet Cruze,2019,15337,600,Al día,1,1
P00000276,2025-09-03,2026-09-03,Cobertura de robo,Kia Forte,2017,18338,500,Al día,1,1
P00000277,2022-12-22,2023-12-22,Responsabilidad civil,Hyundai Elantra,2012,49122,500,Al día,1,1
P00000278,2021-06-26,2022-06-26,Cobertura amplia,Volkswagen Jetta,2014,42815,700,Al día,0,0
P00000279,2023-11-30,2024-11-29,Cobertura total,Volkswagen Jetta,2012,32768,500,Al día,1,0
P00000280,2020-10-08,2021-10-08,Cobertura total,Ford Focus,2010,25802,600,Al día,0,1
P00000281,2022-09-27,2023-09-27,Cobertura amplia,Chevrolet Cruze,2011,15368,700,Vencido,1,0
P00000282,2024-02-22,2025-02-21,Cobertura total,Hyundai Elantra,2022,23360,600,Al día,1,1
P00000283,2023-03-13,2024-03-12,Cobertura de colisión,Kia Forte,2022,16763,700,Al día,0,0
P00000284,2021-10-08,2022-10-08,Cobertura total,Volkswagen Jetta,2013,19633,600,Al día,0,0
P00000285,2024-11-29,2025-11-29,Responsabilidad civil,Chevrolet Cruze,2010,46007,600,Vencido,1,0
P00000286,2023-05-24,2024-05-23,Cobertura de robo,Chevrolet Cruze,2019,10321,600,Al día,1,0
P00000287,2025-12-06,2026-12-06,Cobertura total,Volkswagen Jetta,2021,24854,500,Vencido,0,1
P00000288,2020-02-02,2021-02-01,Cobertura total,Nissan Sentra,2021,43394,700,Al día,0,1
P00000289,2023-05-11,2024-05-10,Cobertura de robo,Volkswagen Jetta,2017,15608,500,Al día,1,0
P00000290,2021-02-28,2022-02-28,Cobertura de robo,Toyota Corolla,2018,17342,500,Vencido,0,1
P00000291,2021-07-04,2022-07-04,Cobertura total,Toyota Corolla,2017,42417,700,Vencido,0,1
P00000292,2022-12-19,2023-12-19,Cobertura amplia,Chevrolet Cruze,2013,39332,500,Vencido,0,0
P00000293,2021-04-17,2022-04-17,Cobertura de robo,Ford Focus,2017,49435,500,Al día,1,0
P00000294,2021-03-14,2022-03-14,Responsabilidad civil,Honda Civic,2011,12708,500,Vencido,0,1
P00000295,2021-09-28,2022-09-28,Cobertura total,Hyundai Elantra,2021,32381,600,Al día,0,1
P00000296,2023-01-20,2024-01-20,Cobertura de robo,Ford Focus,2013,13316,600,Vencido,0,1
P00000297,2023-02-28,2024-02-28,Responsabilidad civil,Ford Focus,2017,45217,600,Vencido,1,0
P00000298,2022-05-12,2023-05-12,Cobertura de robo,Ford Focus,2020,29886,600,Al día,0,1
P00000299,2023-11-05,2024-11-04,Cobertura amplia,Chevrolet Cruze,2015,39531,700,Vencido,1,0
P00000300,2022-04-13,2023-04-13,Cobertura total,Ford Focus,2019,30172,600,Al día,0,0
P00000301,2022-12-17,2023-12-17,Cobertura amplia,Chevrolet Cruze,2010,48966,600,Al día,0,1
P00000302,2025-09-01,2026-09-01,Cobertura amplia,Chevrolet Cruze,2010,42871,600,Vencido,0,1
P00000303,2025-06-24,2026-06-24,Cobertura total,Toyota Corolla,2012,40500,500,Vencido,1,0
P00000304,2022-10-25,2023-10-25,Responsabilidad civil,Volkswagen Jetta,2019,31838,700,Al día,1,0
P00000305,2020-07-27,2021-07-27,Responsabilidad civil,Ford Focus,2013,36599,500,Al día,0,0
P00000306,2021-01-13,2022-01-13,Cobertura amplia,Ford Focus,2021,17937,600,Vencido,1,0
P00000307,2024-09-30,2025-09-30,Cobertura de colisión,Toyota Corolla,2019,36534,600,Al día,0,0
P00000308,2023-02-07,2024-02-07,Responsabilidad civil,Chevrolet Cruze,2019,43685,500,Vencido,1,0
P00000309,2020-06-29,2021-06-29,Cobertura amplia,Ford Focus,2022,41382,500,Vencido,0,1
P00000310,2020-01-15,2021-01-14,Cobertura de colisión,Honda Civic,2019,49589,600,Vencido,1,1
P00000311,2023-09-28,2024-09-27,Cobertura total,Hyundai Elantra,2019,35621,700,Vencido,1,1
P00000312,2021-06-19,2022-06-19,Responsabilidad civil,Nissan Sentra,2019,37323,700,Al día,0,1
P00000313,2022-12-08,2023-12-08,Cobertura de robo,Volkswagen Jetta,2017,10146,500,Al día,0,0
P00000314,2021-10-23,2022-10-23,Cobertura de colisión,Ford Focus,2011,40670,700,Vencido,0,1
P00000315,2024-12-14,2025-12-14,Cobertura amplia,Subaru Impreza,2020,35036,700,Vencido,1,1
P00000316,2024-10-17,2025-10-17,Cobertura de robo,Honda Civic,2010,18747,500,Al día,1,1
P00000317,2020-02-09,2021-02-08,Cobertura amplia,Chevrolet Cruze,2020,26119,700,Vencido,1,1
P00000318,2021-04-03,2022-04-03,Cobertura total,Mazda 3,2020,19445,500,Al día,1,1
P00000319,2020-11-04,2021-11-04,Responsabilidad civil,Hyundai Elantra,2010,23208,600,Al día,1,1
P00000320,2021-09-02,2022-09-02,Cobertura total,Toyota Corolla,2020,22000,600,Al día,0,1
P00000321,2020-05-27,2021-05-27,Cobertura total,Honda Civic,2015,25024,600,Al día,1,1
P00000322,2024-02-21,2025-02-20,Responsabilidad civil,Volkswagen Jetta,2021,42915,600,Vencido,0,1
P00000323,2021-08-29,2022-08-29,Responsabilidad civil,Nissan Sentra,2015,20744,600,Al día,0,1
P00000324,2024-10-26,2025-10-26,Responsabilidad civil,Kia Forte,2018,10590,500,Al día,0,0
P00000325,2021-06-06,2022-06-06,Cobertura de robo,Chevrolet Cruze,2016,21458,600,Al día,0,0
P00000326,2020-06-20,2021-06-20,Cobertura de robo,Volkswagen Jetta,2015,30351,600,Vencido,1,1
P00000327,2023-06-16,2024-06-15,Cobertura amplia,Chevrolet Cruze,2020,28644,700,Al día,0,1
P00000328,2024-02-02,2025-02-01,Cobertura de robo,Honda Civic,2016,31036,500,Al día,1,1
P00000329,2020-06-12,2021-06-12,Responsabilidad civil,Mazda 3,2019,25123,600,Vencido,0,1
P00000330,2024-01-05,2025-01-04,Cobertura de robo,Volkswagen Jetta,2011,11352,600,Vencido,0,0
P00000331,2022-05-10,2023-05-10,Cobertura amplia,Subaru Impreza,2020,23961,600,Al día,0,1
P00000332,2022-10-19,2023-10-19,Cobertura amplia,Chevrolet Cruze,2014,27378,500,Vencido,0,0
P00000333,2021-02-25,2022-02-25,Responsabilidad civil,Toyota Corolla,2011,38359,500,Vencido,1,1
P00000334,2023-12-19,2024-12-18,Cobertura de colisión,Ford Focus,2021,33390,700,Al día,0,1
P00000335,2024-07-22,2025-07-22,Cobertura de robo,Subaru Impreza,2022,20385,600,Al día,1,0
P00000336,2021-09-25,2022-09-25,Cobertura de robo,Hyundai Elantra,2021,22815,600,Al día,0,1
P00000337,2022-08-27,2023-08-27,Cobertura amplia,Toyota Corolla,2012,33601,700,Vencido,0,1
P00000338,2021-10-27,2022-10-27,Responsabilidad civil,Chevrolet Cruze,2020,36357,700,Al día,0,0
P00000339,2021-12-26,2022-12-26,Cobertura de colisión,Subaru Impreza,2020,28038,600,Vencido,1,0
P00000340,2024-08-15,2025-08-15,Responsabilidad civil,Nissan Sentra,2019,18938,700,Al día,1,0
P00000341,2020-04-11,2021-04-11,Cobertura total,Ford Focus,2022,32686,500,Vencido,1,1
P00000342,2022-01-04,2023-01-04,Cobertura total,Nissan Sentra,2018,35551,700,Al día,0,1
P00000343,2023-09-22,2024-09-21,Responsabilidad civil,Nissan Sentra,2014,49396,600,Al día,0,1
P00000344,2024-08-13,2025-08-13,Cobertura de colisión,Ford Focus,2017,42127,700,Al día,1,1
P00000345,2022-10-13,2023-10-13,Cobertura amplia,Hyundai Elantra,2013,37101,500,Al día,1,0
P00000346,2022-12-28,2023-12-28,Cobertura de robo,Toyota Corolla,2018,14503,500,Vencido,1,1
P00000347,2021-10-14,2022-10-14,Cobertura de robo,Chevrolet Cruze,2016,28914,600,Al día,0,0
P00000348,2021-03-18,2022-03-18,Cobertura de colisión,Toyota Corolla,2012,30657,700,Al día,0,1
P00000349,2024-04-15,2025-04-15,Cobertura amplia,Honda Civic,2016,46266,600,Vencido,1,1
P00000350,2020-06-07,2021-06-07,Cobertura de robo,Toyota Corolla,2018,27514,600,Al día,1,1
P00000351,2025-04-11,2026-04-11,Cobertura amplia,Honda Civic,2014,47958,600,Al día,0,0
P00000352,2022-06-30,2023-06-30,Cobertura amplia,Volkswagen Jetta,2022,40255,700,Al día,0,0
P00000353,2022-03-28,2023-03-28,Cobertura amplia,Volkswagen Jetta,2011,28564,600,Al día,1,0
P00000354,2025-02-28,2026-02-28,Cobertura total,Honda Civic,2021,28937,600,Vencido,0,0
P00000355,2023-12-03,2024-12-02,Cobertura de robo,Chevrolet Cruze,2010,47153,500,Al día,0,0
P00000356,2023-06-04,2024-06-03,Responsabilidad civil,Kia Forte,2010,30255,600,Al día,0,1
P00000357,2022-07-21,2023-07-21,Cobertura amplia,Ford Focus,2020,10544,700,Al día,1,0
P00000358,2022-07-02,2023-07-02,Cobertura de robo,Honda Civic,2022,41551,700,Al día,1,1
P00000359,2020-04-06,2021-04-06,Cobertura de colisión,Ford Focus,2012,29320,700,Al día,0,0
P00000360,2022-03-02,2023-03-02,Cobertura total,Hyundai Elantra,2018,35779,500,Al día,0,1
P00000361,2024-06-20,2025-06-20,Cobertura amplia,Toyota Corolla,2019,42346,700,Al día,0,0
P00000362,2023-09-06,2024-09-05,Cobertura total,Subaru Impreza,2022,21204,700,Vencido,1,0
P00000363,2023-02-15,2024-02-15,Responsabilidad civil,Honda Civic,2013,38527,500,Vencido,0,0
P00000364,2020-10-11,2021-10-11,Responsabilidad civil,Toyota Corolla,2018,17382,600,Al día,1,1
P00000365,2023-02-17,2024-02-17,Cobertura de colisión,Volkswagen Jetta,2010,20242,500,Vencido,1,1
P00000366,2023-12-09,2024-12-08,Cobertura total,Subaru Impreza,2012,24724,600,Vencido,0,1
P00000367,2025-09-17,2026-09-17,Cobertura de colisión,Volkswagen Jetta,2012,16554,500,Al día,1,0
P00000368,2024-06-25,2025-06-25,Cobertura total,Kia Forte,2017,43192,700,Vencido,1,0
P00000369,2023-09-18,2024-09-17,Cobertura de colisión,Hyundai Elantra,2019,18121,600,Al día,0,0
P00000370,2020-04-23,2021-04-23,Cobertura de colisión,Ford Focus,2022,41564,500,Al día,1,0
P00000371,2021-04-17,2022-04-17,Cobertura total,Subaru Impreza,2021,23288,600,Vencido,1,1
P00000372,2022-12-05,2023-12-05,Cobertura de robo,Volkswagen Jetta,2022,25231,600,Vencido,0,1
P00000373,2022-01-01,2023-01-01,Cobertura de robo,Ford Focus,2018,17695,500,Vencido,0,1
P00000374,2022-12-23,2023-12-23,Cobertura de robo,Nissan Sentra,2020,35066,500,Al día,0,1
P00000375,2020-06-05,2021-06-05,Cobertura total,Toyota Corolla,2020,48099,500,Al día,0,1
P00000376,2021-03-20,2022-03-20,Cobertura amplia,Ford Focus,2020,11771,500,Vencido,1,0
P00000377,2024-11-14,2025-11-14,Cobertura de robo,Toyota Corolla,2011,13438,600,Vencido,0,0
P00000378,2023-11-16,2024-11-15,Cobertura de robo,Volkswagen Jetta,2011,34099,600,Vencido,0,1
P00000379,2023-07-08,2024-07-07,Cobertura de robo,Hyundai Elantra,2012,25793,600,Al día,0,1
P00000380,2024-11-22,2025-11-22,Cobertura amplia,Chevrolet Cruze,2013,16745,500,Al día,1,1
P00000381,2025-09-25,2026-09-25,Cobertura total,Honda Civic,2011,43011,500,Vencido,1,0
P00000382,2021-04-18,2022-04-18,Cobertura amplia,Toyota Corolla,2016,35624,500,Vencido,1,1
P00000383,2024-04-26,2025-04-26,Cobertura amplia,Hyundai Elantra,2016,37168,500,Al día,1,0
P00000384,2022-02-17,2023-02-17,Cobertura de colisión,Honda Civic,2011,47135,600,Vencido,1,1
P00000385,2022-11-09,2023-11-09,Cobertura de robo,Ford Focus,2015,18535,600,Al día,0,0
P00000386,2020-06-30,2021-06-30,Cobertura amplia,Subaru Impreza,2020,11987,600,Al día,0,0
P00000387,2024-11-21,2025-11-21,Cobertura de robo,Hyundai Elantra,2014,12096,600,Al día,0,1
P00000388,2020-01-07,2021-01-06,Cobertura total,Chevrolet Cruze,2012,20234,500,Al día,0,1
P00000389,2025-10-30,2026-10-30,Cobertura de robo,Toyota Corolla,2014,31868,500,Vencido,0,1
P00000390,2022-03-18,2023-03-18,Cobertura total,Kia Forte,2011,49463,600,Al día,1,1
P00000391,2024-01-31,2025-01-30,Cobertura de robo,Toyota Corolla,2020,13175,700,Al día,1,0
P00000392,2024-11-01,2025-11-01,Cobertura de robo,Nissan Sentra,2014,36953,600,Al día,1,0
P00000393,2020-10-13,2021-10-13,Cobertura amplia,Volkswagen Jetta,2017,43898,700,Al día,0,0
P00000394,2023-09-14,2024-09-13,Cobertura total,Chevrolet Cruze,2017,21302,500,Al día,1,1
P00000395,2023-07-09,2024-07-08,Cobertura de colisión,Honda Civic,2022,20564,500,Al día,1,0
P00000396,2021-05-25,2022-05-25,Cobertura total,Hyundai Elantra,2022,37014,500,Al día,0,0
P00000397,2023-05-15,2024-05-14,Cobertura de robo,Subaru Impreza,2012,13736,500,Al día,0,1
P00000398,2025-09-08,2026-09-08,Cobertura total,Subaru Impreza,2013,28237,600,Vencido,1,1
P00000399,2023-06-20,2024-06-19,Responsabilidad civil,Toyota Corolla,2017,20404,500,Al día,0,1
P00000400,2024-07-30,2025-07-30,Cobertura amplia,Kia Forte,2016,36625,500,Al día,1,0
P00000401,2023-08-29,2024-08-28,Cobertura de colisión,Toyota Corolla,2018,35147,700,Vencido,1,1
P00000402,2024-07-06,2025-07-06,Cobertura amplia,Honda Civic,2018,24169,600,Al día,1,0
P00000403,2023-04-26,2024-04-25,Responsabilidad civil,Toyota Corolla,2012,45146,500,Vencido,0,0
P00000404,2021-06-05,2022-06-05,Responsabilidad civil,Toyota Corolla,2018,31322,700,Vencido,0,0
P00000405,2022-02-24,2023-02-24,Cobertura de colisión,Hyundai Elantra,2015,14294,600,Al día,1,0
P00000406,2024-09-18,2025-09-18,Cobertura total,Toyota Corolla,2019,14071,600,Vencido,0,0
P00000407,2024-04-01,2025-04-01,Cobertura de robo,Chevrolet Cruze,2020,13985,600,Vencido,1,0
P00000408,2021-12-13,2022-12-13,Responsabilidad civil,Toyota Corolla,2012,19017,700,Vencido,0,1
P00000409,2023-05-17,2024-05-16,Cobertura de robo,Kia Forte,2013,20429,600,Vencido,0,1
P00000410,2024-07-21,2025-07-21,Cobertura de robo,Hyundai Elantra,2015,43559,700,Al día,1,0
P00000411,2020-01-02,2021-01-01,Cobertura amplia,Honda Civic,2016,35009,700,Vencido,1,0
P00000412,2023-05-29,2024-05-28,Cobertura amplia,Honda Civic,2020,35579,700,Vencido,0,1
P00000413,2023-03-21,2024-03-20,Cobertura de colisión,Honda Civic,2020,30346,500,Vencido,0,1
P00000414,2022-05-10,2023-05-10,Cobertura de robo,Hyundai Elantra,2016,23170,500,Vencido,1,0
P00000415,2024-10-26,2025-10-26,Cobertura de robo,Volkswagen Jetta,2016,38374,700,Al día,1,0
P00000416,2023-08-12,2024-08-11,Responsabilidad civil,Mazda 3,2012,41979,500,Vencido,1,0
P00000417,2025-03-19,2026-03-19,Cobertura total,Nissan Sentra,2012,39896,600,Al día,0,0
P00000418,2024-12-14,2025-12-14,Cobertura total,Toyota Corolla,2021,25249,500,Al día,0,0
P00000419,2024-12-16,2025-12-16,Cobertura total,Honda Civic,2015,12328,700,Vencido,0,0
P00000420,2022-05-25,2023-05-25,Cobertura de robo,Chevrolet Cruze,2020,49434,600,Vencido,0,1
P00000421,2025-09-24,2026-09-24,Cobertura de robo,Honda Civic,2011,18116,500,Al día,0,1
P00000422,2025-04-22,2026-04-22,Cobertura amplia,Ford Focus,2015,20030,700,Vencido,1,0
P00000423,2021-11-26,2022-11-26,Cobertura de colisión,Honda Civic,2022,15522,600,Vencido,1,0
P00000424,2020-12-13,2021-12-13,Responsabilidad civil,Hyundai Elantra,2020,45908,600,Al día,0,0
P00000425,2023-03-08,2024-03-07,Cobertura de robo,Toyota Corolla,2011,26804,500,Al día,0,0
P00000426,2025-10-12,2026-10-12,Cobertura total,Hyundai Elantra,2014,47963,600,Vencido,1,0
P00000427,2023-10-04,2024-10-03,Responsabilidad civil,Volkswagen Jetta,2020,35195,500,Al día,0,1
P00000428,2021-01-17,2022-01-17,Cobertura amplia,Mazda 3,2019,12654,600,Al día,1,0
P00000429,2022-08-20,2023-08-20,Cobertura de colisión,Hyundai Elantra,2020,27687,500,Vencido,1,1
P00000430,2023-06-25,2024-06-24,Responsabilidad civil,Ford Focus,2018,28187,500,Vencido,0,0
P00000431,2022-07-09,2023-07-09,Responsabilidad civil,Honda Civic,2013,33457,700,Al día,0,1
P00000432,2022-03-26,2023-03-26,Cobertura amplia,Toyota Corolla,2021,41904,700,Vencido,1,1
P00000433,2021-08-26,2022-08-26,Cobertura total,Toyota Corolla,2019,11811,600,Al día,1,0
P00000434,2020-04-10,2021-04-10,Cobertura amplia,Chevrolet Cruze,2016,21074,700,Vencido,1,0
P00000435,2020-07-08,2021-07-08,Responsabilidad civil,Chevrolet Cruze,2015,13004,600,Al día,0,1
P00000436,2022-09-29,2023-09-29,Cobertura amplia,Hyundai Elantra,2015,12887,600,Al día,1,1
P00000437,2025-04-30,2026-04-30,Cobertura total,Volkswagen Jetta,2013,22022,700,Al día,0,0
P00000438,2020-10-25,2021-10-25,Cobertura amplia,Ford Focus,2014,16953,500,Vencido,1,0
P00000439,2025-02-08,2026-02-08,Cobertura amplia,Hyundai Elantra,2015,20255,700,Al día,0,1
P00000440,2024-08-24,2025-08-24,Cobertura de robo,Chevrolet Cruze,2013,33274,500,Al día,1,1
P00000441,2022-03-07,2023-03-07,Cobertura amplia,Ford Focus,2010,44988,700,Vencido,0,1
P00000442,2024-04-21,2025-04-21,Cobertura amplia,Chevrolet Cruze,2022,49524,600,Vencido,1,0
P00000443,2025-07-17,2026-07-17,Cobertura amplia,Volkswagen Jetta,2022,47225,600,Vencido,1,0
P00000444,2024-06-24,2025-06-24,Cobertura amplia,Chevrolet Cruze,2011,25350,600,Al día,1,0
P00000445,2022-09-26,2023-09-26,Responsabilidad civil,Ford Focus,2022,36460,600,Al día,0,1
P00000446,2021-08-27,2022-08-27,Cobertura de robo,Toyota Corolla,2021,48776,700,Vencido,0,0
P00000447,2020-01-23,2021-01-22,Cobertura total,Kia Forte,2010,36728,500,Al día,1,1
P00000448,2021-03-12,2022-03-12,Cobertura amplia,Hyundai Elantra,2014,22081,700,Vencido,1,1
P00000449,2024-10-07,2025-10-07,Cobertura de colisión,Honda Civic,2014,33940,700,Vencido,1,1
P00000450,2022-06-15,2023-06-15,Cobertura de robo,Subaru Impreza,2016,17231,700,Vencido,1,1
P00000451,2021-12-21,2022-12-21,Cobertura amplia,Honda Civic,2015,30332,700,Vencido,0,0
P00000452,2025-10-22,2026-10-22,Responsabilidad civil,Volkswagen Jetta,2013,29542,500,Vencido,0,0
P00000453,2025-03-17,2026-03-17,Responsabilidad civil,Honda Civic,2014,13736,600,Vencido,0,1
P00000454,2020-07-24,2021-07-24,Cobertura amplia,Volkswagen Jetta,2012,46881,500,Al día,0,1
P00000455,2022-10-17,2023-10-17,Cobertura de colisión,Ford Focus,2014,39404,700,Al día,1,0
P00000456,2021-05-12,2022-05-12,Cobertura amplia,Toyota Corolla,2016,20926,700,Al día,0,0
P00000457,2025-02-12,2026-02-12,Cobertura total,Honda Civic,2018,46545,600,Al día,1,0
P00000458,2021-06-30,2022-06-30,Cobertura de robo,Hyundai Elantra,2014,10067,500,Al día,1,0
P00000459,2025-03-18,2026-03-18,Cobertura amplia,Kia Forte,2018,46667,700,Vencido,1,1
P00000460,2025-12-15,2026-12-15,Cobertura amplia,Volkswagen Jetta,2018,44692,600,Al día,0,0
P00000461,2023-07-23,2024-07-22,Responsabilidad civil,Toyota Corolla,2020,41508,500,Vencido,0,0
P00000462,2024-12-17,2025-12-17,Cobertura de robo,Kia Forte,2015,13140,700,Vencido,1,1
P00000463,2025-08-29,2026-08-29,Cobertura total,Toyota Corolla,2015,31750,500,Vencido,1,1
P00000464,2024-10-13,2025-10-13,Cobertura de colisión,Hyundai Elantra,2020,12348,500,Al día,1,1
P00000465,2024-12-31,2025-12-31,Responsabilidad civil,Hyundai Elantra,2014,45975,600,Al día,1,0
P00000466,2021-10-13,2022-10-13,Cobertura amplia,Kia Forte,2012,46734,500,Al día,0,0
P00000467,2025-04-28,2026-04-28,Cobertura amplia,Ford Focus,2021,42435,700,Vencido,0,0
P00000468,2025-01-17,2026-01-17,Cobertura de robo,Nissan Sentra,2014,14271,700,Vencido,0,0
P00000469,2022-11-27,2023-11-27,Cobertura amplia,Volkswagen Jetta,2017,43646,700,Vencido,0,1
P00000470,2022-10-09,2023-10-09,Responsabilidad civil,Nissan Sentra,2014,49585,600,Al día,1,1
P00000471,2023-02-09,2024-02-09,Cobertura amplia,Volkswagen Jetta,2016,45461,700,Al día,0,0
P00000472,2025-11-05,2026-11-05,Responsabilidad civil,Toyota Corolla,2019,22950,500,Vencido,1,0
P00000473,2025-06-07,2026-06-07,Responsabilidad civil,Chevrolet Cruze,2018,19854,600,Al día,0,0
P00000474,2022-09-06,2023-09-06,Cobertura de robo,Ford Focus,2013,35084,700,Al día,1,0
P00000475,2023-01-29,2024-01-29,Responsabilidad civil,Honda Civic,2020,20881,700,Al día,1,0
P00000476,2024-12-06,2025-12-06,Cobertura de robo,Chevrolet Cruze,2016,47065,700,Al día,1,0
P00000477,2020-11-13,2021-11-13,Cobertura amplia,Toyota Corolla,2020,29350,600,Al día,1,1
P00000478,2023-03-16,2024-03-15,Cobertura amplia,Toyota Corolla,2017,35516,600,Al día,0,1
P00000479,2022-08-18,2023-08-18,Responsabilidad civil,Hyundai Elantra,2012,22122,600,Vencido,1,1
P00000480,2023-01-17,2024-01-17,Cobertura total,Honda Civic,2012,20443,600,Vencido,1,0
P00000481,2023-10-07,2024-10-06,Cobertura de colisión,Volkswagen Jetta,2015,39789,600,Vencido,1,1
P00000482,2023-08-02,2024-08-01,Cobertura de robo,Honda Civic,2013,28901,500,Al día,0,0
P00000483,2020-11-26,2021-11-26,Cobertura amplia,Kia Forte,2017,39232,700,Al día,0,1
P00000484,2021-07-20,2022-07-20,Responsabilidad civil,Toyota Corolla,2010,38945,700,Al día,1,0
P00000485,2021-09-09,2022-09-09,Cobertura de colisión,Toyota Corolla,2021,12966,500,Vencido,0,0
P00000486,2022-08-05,2023-08-05,Cobertura de colisión,Mazda 3,2010,25930,600,Al día,1,0
P00000487,2024-04-17,2025-04-17,Responsabilidad civil,Hyundai Elantra,2019,41303,600,Vencido,1,0
P00000488,2021-09-17,2022-09-17,Cobertura de colisión,Toyota Corolla,2013,43007,700,Al día,0,1
P00000489,2022-05-26,2023-05-26,Responsabilidad civil,Honda Civic,2014,19562,500,Al día,0,1
P00000490,2020-09-20,2021-09-20,Cobertura amplia,Kia Forte,2010,44118,600,Vencido,1,1
P00000491,2024-08-26,2025-08-26,Cobertura amplia,Toyota Corolla,2020,34531,700,Al día,0,1
P00000492,2024-07-27,2025-07-27,Cobertura de colisión,Volkswagen Jetta,2014,43937,700,Al día,0,1
P00000493,2023-09-17,2024-09-16,Cobertura de robo,Hyundai Elantra,2017,30714,500,Vencido,1,1
P00000494,2025-03-23,2026-03-23,Cobertura de colisión,Chevrolet Cruze,2012,49506,700,Vencido,0,0
P00000495,2024-08-30,2025-08-30,Responsabilidad civil,Hyundai Elantra,2014,15562,500,Vencido,0,1
P00000496,2020-09-12,2021-09-12,Cobertura total,Honda Civic,2021,47470,500,Al día,0,1
P00000497,2022-04-27,2023-04-27,Cobertura amplia,Toyota Corolla,2012,32844,600,Al día,1,1
P00000498,2024-09-16,2025-09-16,Responsabilidad civil,Volkswagen Jetta,2017,28681,600,Vencido,0,1
P00000499,2024-05-14,2025-05-14,Cobertura total,Chevrolet Cruze,2013,49140,500,Vencido,0,1
P00000500,2020-03-21,2021-03-21,Cobertura de robo,Ford Focus,2022,28261,600,Al día,0,0
P00000501,2024-04-07,2025-04-07,Cobertura total,Volkswagen Jetta,2017,35675,700,Al día,0,1
P00000502,2025-05-07,2026-05-07,Cobertura total,Toyota Corolla,2018,34710,600,Vencido,0,0
P00000503,2020-01-25,2021-01-24,Responsabilidad civil,Nissan Sentra,2012,33981,700,Al día,0,1
P00000504,2023-12-11,2024-12-10,Cobertura amplia,Honda Civic,2010,16205,500,Vencido,1,0
P00000505,2023-05-08,2024-05-07,Responsabilidad civil,Ford Focus,2021,24154,600,Al día,0,1
P00000506,2024-05-16,2025-05-16,Cobertura de colisión,Honda Civic,2012,25746,600,Vencido,0,1
P00000507,2024-09-12,2025-09-12,Cobertura amplia,Toyota Corolla,2015,20626,500,Vencido,0,1
P00000508,2022-06-22,2023-06-22,Cobertura de colisión,Chevrolet Cruze,2017,30025,600,Al día,0,0
P00000509,2025-06-22,2026-06-22,Cobertura total,Volkswagen Jetta,2022,20252,600,Vencido,0,1
P00000510,2022-06-17,2023-06-17,Cobertura amplia,Honda Civic,2021,15582,600,Vencido,1,0
P00000511,2023-01-22,2024-01-22,Cobertura de colisión,Mazda 3,2021,38823,700,Al día,1,0
P00000512,2024-11-20,2025-11-20,Cobertura de robo,Toyota Corolla,2015,42781,600,Vencido,0,0
P00000513,2025-06-12,2026-06-12,Cobertura amplia,Chevrolet Cruze,2020,21999,600,Vencido,1,0
P00000514,2020-04-28,2021-04-28,Cobertura amplia,Subaru Impreza,2016,21158,600,Vencido,0,1
P00000515,2024-05-11,2025-05-11,Cobertura amplia,Toyota Corolla,2013,24457,500,Al día,1,0
P00000516,2023-10-08,2024-10-07,Responsabilidad civil,Chevrolet Cruze,2020,32967,500,Vencido,0,1
P00000517,2024-07-14,2025-07-14,Cobertura amplia,Volkswagen Jetta,2014,40878,500,Al día,1,0
P00000518,2021-11-07,2022-11-07,Responsabilidad civil,Volkswagen Jetta,2015,15176,500,Vencido,1,1
P00000519,2025-03-29,2026-03-29,Cobertura amplia,Nissan Sentra,2021,25302,600,Vencido,1,0
P00000520,2021-06-06,2022-06-06,Responsabilidad civil,Ford Focus,2014,46739,700,Al día,0,0
P00000521,2025-12-27,2026-12-27,Cobertura de colisión,Chevrolet Cruze,2012,22874,700,Al día,1,0
P00000522,2020-04-20,2021-04-20,Cobertura de robo,Hyundai Elantra,2019,17300,700,Al día,1,1
P00000523,2024-06-01,2025-06-01,Cobertura de colisión,Hyundai Elantra,2011,46859,600,Vencido,0,0
P00000524,2020-04-21,2021-04-21,Cobertura amplia,Volkswagen Jetta,2012,40325,700,Vencido,0,0
P00000525,2020-12-09,2021-12-09,Cobertura de colisión,Hyundai Elantra,2018,46435,600,Vencido,0,1
P00000526,2024-10-21,2025-10-21,Cobertura de colisión,Chevrolet Cruze,2022,36301,600,Al día,1,1
P00000527,2021-07-09,2022-07-09,Responsabilidad civil,Ford Focus,2021,19741,700,Al día,1,0
P00000528,2025-03-06,2026-03-06,Cobertura total,Toyota Corolla,2013,32521,500,Vencido,0,1
P00000529,2022-01-14,2023-01-14,Cobertura de colisión,Toyota Corolla,2020,44346,600,Vencido,0,1
P00000530,2020-07-24,2021-07-24,Cobertura de robo,Hyundai Elantra,2018,38987,600,Al día,0,0
P00000531,2022-12-01,2023-12-01,Cobertura total,Honda Civic,2011,32138,700,Al día,1,0
P00000532,2024-04-01,2025-04-01,Cobertura amplia,Nissan Sentra,2013,46271,700,Vencido,1,1
P00000533,2023-09-02,2024-09-01,Cobertura amplia,Honda Civic,2016,31142,600,Vencido,1,0
P00000534,2022-05-16,2023-05-16,Responsabilidad civil,Ford Focus,2021,41705,500,Vencido,0,0
P00000535,2025-02-05,2026-02-05,Cobertura amplia,Chevrolet Cruze,2022,42084,600,Vencido,0,0
P00000536,2023-08-31,2024-08-30,Cobertura de colisión,Chevrolet Cruze,2020,11770,700,Al día,1,1
P00000537,2023-10-14,2024-10-13,Cobertura total,Nissan Sentra,2010,22490,500,Vencido,1,0
P00000538,2024-04-01,2025-04-01,Cobertura de robo,Subaru Impreza,2022,30247,500,Al día,1,0
P00000539,2023-02-13,2024-02-13,Cobertura total,Volkswagen Jetta,2017,22743,500,Al día,0,0
P00000540,2024-09-22,2025-09-22,Responsabilidad civil,Subaru Impreza,2019,44373,700,Al día,1,1
P00000541,2022-10-30,2023-10-30,Cobertura total,Volkswagen Jetta,2012,30589,600,Vencido,1,0
P00000542,2020-12-01,2021-12-01,Cobertura de robo,Hyundai Elantra,2019,20823,700,Vencido,1,1
P00000543,2025-04-10,2026-04-10,Cobertura de colisión,Hyundai Elantra,2019,31733,600,Vencido,0,0
P00000544,2020-03-20,2021-03-20,Responsabilidad civil,Kia Forte,2011,40711,700,Vencido,0,0
P00000545,2020-08-01,2021-08-01,Cobertura de robo,Ford Focus,2022,42697,500,Al día,0,0
P00000546,2023-12-04,2024-12-03,Cobertura amplia,Toyota Corolla,2013,17145,500,Al día,0,1
P00000547,2022-07-07,2023-07-07,Responsabilidad civil,Kia Forte,2014,28766,700,Al día,1,0
P00000548,2020-10-08,2021-10-08,Cobertura de colisión,Chevrolet Cruze,2017,45490,600,Al día,1,1
P00000549,2020-06-13,2021-06-13,Cobertura total,Toyota Corolla,2014,27327,600,Al día,0,0
P00000550,2020-05-07,2021-05-07,Responsabilidad civil,Honda Civic,2013,35987,700,Al día,1,1
P00000551,2022-10-09,2023-10-09,Cobertura de colisión,Volkswagen Jetta,2017,20999,700,Vencido,0,1
P00000552,2022-03-27,2023-03-27,Responsabilidad civil,Honda Civic,2016,21044,700,Vencido,0,1
P00000553,2020-03-24,2021-03-24,Cobertura de colisión,Kia Forte,2021,15333,600,Vencido,0,0
P00000554,2021-09-16,2022-09-16,Cobertura de colisión,Volkswagen Jetta,2016,28586,700,Vencido,0,1
P00000555,2022-09-04,2023-09-04,Cobertura total,Chevrolet Cruze,2021,37063,700,Vencido,0,1
P00000556,2021-06-01,2022-06-01,Cobertura de robo,Volkswagen Jetta,2022,42504,700,Al día,0,0
P00000557,2025-04-23,2026-04-23,Cobertura amplia,Kia Forte,2016,34619,600,Al día,1,1
P00000558,2021-04-13,2022-04-13,Responsabilidad civil,Honda Civic,2020,28501,500,Al día,0,1
P00000559,2022-06-11,2023-06-11,Responsabilidad civil,Hyundai Elantra,2016,25372,500,Al día,1,0
P00000560,2025-03-19,2026-03-19,Cobertura total,Volkswagen Jetta,2019,13119,500,Al día,0,1
P00000561,2022-11-15,2023-11-15,Cobertura total,Nissan Sentra,2022,39829,600,Vencido,1,0
P00000562,2024-02-19,2025-02-18,Cobertura total,Volkswagen Jetta,2022,36430,500,Vencido,0,0
P00000563,2021-11-18,2022-11-18,Cobertura total,Nissan Sentra,2019,26281,500,Al día,0,1
P00000564,2021-04-14,2022-04-14,Responsabilidad civil,Honda Civic,2017,35404,600,Al día,0,1
P00000565,2021-11-01,2022-11-01,Cobertura de colisión,Chevrolet Cruze,2011,36550,600,Al día,1,0
P00000566,2023-06-28,2024-06-27,Cobertura amplia,Chevrolet Cruze,2011,47403,500,Al día,0,1
P00000567,2021-03-18,2022-03-18,Cobertura total,Honda Civic,2015,30536,700,Vencido,0,1
P00000568,2020-04-15,2021-04-15,Responsabilidad civil,Honda Civic,2014,41983,700,Al día,1,0
P00000569,2023-07-01,2024-06-30,Cobertura de colisión,Nissan Sentra,2013,28926,500,Vencido,0,1
P00000570,2024-03-17,2025-03-17,Cobertura amplia,Toyota Corolla,2012,34927,600,Vencido,1,0
P00000571,2024-06-12,2025-06-12,Cobertura de robo,Toyota Corolla,2022,29240,700,Vencido,0,0
P00000572,2022-03-23,2023-03-23,Cobertura total,Subaru Impreza,2022,49400,500,Vencido,1,0
P00000573,2020-11-07,2021-11-07,Cobertura amplia,Nissan Sentra,2019,35603,600,Vencido,1,0
P00000574,2022-09-21,2023-09-21,Cobertura de colisión,Toyota Corolla,2020,16526,600,Al día,0,0
P00000575,2021-02-21,2022-02-21,Cobertura amplia,Honda Civic,2020,12997,500,Al día,1,1
P00000576,2023-05-20,2024-05-19,Cobertura de robo,Volkswagen Jetta,2022,31642,500,Vencido,0,0
P00000577,2021-05-10,2022-05-10,Cobertura de colisión,Chevrolet Cruze,2015,40474,600,Al día,1,0
P00000578,2020-06-17,2021-06-17,Cobertura amplia,Toyota Corolla,2020,10534,600,Vencido,0,0
P00000579,2023-11-23,2024-11-22,Responsabilidad civil,Honda Civic,2017,26386,700,Vencido,1,1
P00000580,2025-12-22,2026-12-22,Cobertura amplia,Ford Focus,2013,34852,600,Al día,0,1
P00000581,2024-10-20,2025-10-20,Responsabilidad civil,Subaru Impreza,2014,22684,500,Vencido,0,0
P00000582,2024-02-26,2025-02-25,Cobertura de robo,Honda Civic,2021,34041,700,Vencido,1,0
P00000583,2020-10-09,2021-10-09,Cobertura amplia,Chevrolet Cruze,2017,36633,600,Al día,1,0
P00000584,2025-09-03,2026-09-03,Cobertura de robo,Toyota Corolla,2016,13474,700,Vencido,1,0
P00000585,2023-10-29,2024-10-28,Cobertura de robo,Subaru Impreza,2013,40710,700,Vencido,0,0
P00000586,2020-02-21,2021-02-20,Responsabilidad civil,Nissan Sentra,2020,39612,600,Al día,1,0
P00000587,2024-09-16,2025-09-16,Cobertura total,Ford Focus,2015,26132,700,Vencido,0,0
P00000588,2025-06-30,2026-06-30,Cobertura amplia,Mazda 3,2022,10768,500,Vencido,0,1
P00000589,2021-03-08,2022-03-08,Cobertura total,Honda Civic,2017,36017,500,Vencido,1,0
P00000590,2024-11-10,2025-11-10,Cobertura amplia,Volkswagen Jetta,2020,12143,500,Al día,0,1
P00000591,2024-01-23,2025-01-22,Cobertura de colisión,Toyota Corolla,2017,22589,500,Al día,0,1
P00000592,2025-02-26,2026-02-26,Cobertura amplia,Honda Civic,2010,18102,600,Vencido,1,1
P00000593,2021-09-18,2022-09-18,Responsabilidad civil,Ford Focus,2016,29871,600,Al día,0,0
P00000594,2024-11-18,2025-11-18,Responsabilidad civil,Honda Civic,2021,39431,600,Vencido,1,1
P00000595,2021-12-22,2022-12-22,Cobertura de robo,Toyota Corolla,2019,14755,500,Vencido,1,0
P00000596,2025-11-07,2026-11-07,Responsabilidad civil,Nissan Sentra,2011,10399,700,Vencido,0,1
P00000597,2023-01-11,2024-01-11,Responsabilidad civil,Toyota Corolla,2022,11966,700,Vencido,0,1
P00000598,2025-06-03,2026-06-03,Cobertura amplia,Toyota Corolla,2022,37741,500,Al día,0,1
P00000599,2025-03-19,2026-03-19,Cobertura de robo,Toyota Corolla,2021,39424,600,Vencido,0,0
P00000600,2024-11-19,2025-11-19,Cobertura amplia,Toyota Corolla,2014,31659,700,Al día,1,1
P00000601,2023-01-04,2024-01-04,Cobertura de robo,Toyota Corolla,2014,33187,700,Vencido,0,1
P00000602,2023-08-13,2024-08-12,Responsabilidad civil,Ford Focus,2016,20993,500,Al día,1,1
P00000603,2022-10-02,2023-10-02,Cobertura total,Honda Civic,2017,34459,700,Vencido,1,0
P00000604,2020-12-20,2021-12-20,Responsabilidad civil,Kia Forte,2014,31502,600,Vencido,1,0
P00000605,2023-02-16,2024-02-16,Cobertura amplia,Subaru Impreza,2016,15162,700,Al día,1,0
P00000606,2025-01-20,2026-01-20,Cobertura total,Toyota Corolla,2020,22051,600,Al día,1,0
P00000607,2022-09-25,2023-09-25,Cobertura de robo,Mazda 3,2019,19043,600,Al día,1,1
P00000608,2025-03-18,2026-03-18,Cobertura de robo,Kia Forte,2016,14260,600,Vencido,1,1
P00000609,2024-04-01,2025-04-01,Cobertura de colisión,Hyundai Elantra,2017,42453,600,Vencido,1,0
P00000610,2023-10-09,2024-10-08,Cobertura amplia,Ford Focus,2014,34267,600,Al día,1,1
P00000611,2020-04-27,2021-04-27,Cobertura total,Toyota Corolla,2014,30431,600,Al día,0,0
P00000612,2025-07-17,2026-07-17,Responsabilidad civil,Volkswagen Jetta,2021,39415,700,Al día,1,0
P00000613,2023-08-24,2024-08-23,Cobertura de robo,Kia Forte,2013,21344,600,Al día,0,1
P00000614,2022-01-14,2023-01-14,Cobertura de robo,Kia Forte,2021,29870,600,Al día,1,0
P00000615,2025-06-20,2026-06-20,Cobertura total,Chevrolet Cruze,2021,23656,700,Al día,0,1
P00000616,2022-05-18,2023-05-18,Responsabilidad civil,Honda Civic,2011,41585,600,Vencido,0,0
P00000617,2023-12-24,2024-12-23,Cobertura total,Honda Civic,2015,19431,600,Vencido,0,0
P00000618,2022-11-24,2023-11-24,Responsabilidad civil,Ford Focus,2020,10102,700,Al día,0,1
P00000619,2023-10-26,2024-10-25,Cobertura de robo,Toyota Corolla,2020,21248,600,Vencido,0,1
P00000620,2023-02-19,2024-02-19,Cobertura de robo,Subaru Impreza,2014,10765,500,Vencido,1,1
P00000621,2023-02-05,2024-02-05,Cobertura total,Volkswagen Jetta,2022,22709,500,Vencido,0,0
P00000622,2020-02-11,2021-02-10,Responsabilidad civil,Toyota Corolla,2016,16222,500,Al día,1,0
P00000623,2025-10-17,2026-10-17,Cobertura de colisión,Honda Civic,2016,21840,500,Al día,0,1
P00000624,2022-02-21,2023-02-21,Cobertura total,Honda Civic,2018,25877,600,Al día,1,0
P00000625,2020-12-16,2021-12-16,Cobertura de robo,Toyota Corolla,2015,47203,600,Vencido,1,1
P00000626,2022-09-15,2023-09-15,Cobertura de robo,Subaru Impreza,2020,47349,500,Al día,0,0
P00000627,2024-07-22,2025-07-22,Cobertura amplia,Mazda 3,2015,20434,500,Al día,0,1
P00000628,2025-06-24,2026-06-24,Responsabilidad civil,Nissan Sentra,2020,33186,700,Al día,0,1
P00000629,2022-09-11,2023-09-11,Cobertura total,Nissan Sentra,2010,21716,500,Vencido,0,1
P00000630,2025-05-04,2026-05-04,Cobertura amplia,Kia Forte,2014,17646,700,Al día,1,0
P00000631,2025-07-03,2026-07-03,Cobertura de robo,Honda Civic,2010,46649,600,Vencido,0,1
P00000632,2025-01-09,2026-01-09,Responsabilidad civil,Ford Focus,2011,46035,500,Al día,0,1
P00000633,2020-03-11,2021-03-11,Responsabilidad civil,Hyundai Elantra,2010,40483,700,Al día,0,1
P00000634,2021-01-16,2022-01-16,Responsabilidad civil,Subaru Impreza,2020,37990,500,Al día,1,1
P00000635,2023-04-20,2024-04-19,Cobertura total,Kia Forte,2022,42357,500,Vencido,0,1
P00000636,2022-06-26,2023-06-26,Cobertura de colisión,Hyundai Elantra,2018,22505,600,Vencido,0,1
P00000637,2024-07-14,2025-07-14,Cobertura de colisión,Chevrolet Cruze,2011,10719,700,Vencido,0,0
P00000638,2022-09-23,2023-09-23,Cobertura total,Chevrolet Cruze,2012,10410,700,Al día,1,0
P00000639,2023-06-08,2024-06-07,Cobertura de robo,Mazda 3,2018,37326,700,Al día,1,1
P00000640,2024-02-20,2025-02-19,Responsabilidad civil,Toyota Corolla,2018,46635,600,Vencido,1,0
P00000641,2025-04-22,2026-04-22,Responsabilidad civil,Toyota Corolla,2017,44923,600,Vencido,1,1
P00000642,2025-12-14,2026-12-14,Cobertura total,Nissan Sentra,2010,29919,500,Al día,0,1
P00000643,2023-11-09,2024-11-08,Cobertura total,Subaru Impreza,2018,29935,500,Al día,0,0
P00000644,2024-10-08,2025-10-08,Responsabilidad civil,Honda Civic,2022,23213,500,Al día,0,0
P00000645,2023-09-16,2024-09-15,Cobertura total,Kia Forte,2011,48803,600,Al día,1,0
P00000646,2023-12-12,2024-12-11,Cobertura de colisión,Chevrolet Cruze,2020,18950,600,Al día,0,1
P00000647,2025-02-01,2026-02-01,Cobertura de robo,Kia Forte,2019,35649,600,Vencido,1,1
P00000648,2023-01-14,2024-01-14,Cobertura amplia,Volkswagen Jetta,2019,10241,700,Vencido,0,0
P00000649,2023-06-09,2024-06-08,Cobertura total,Nissan Sentra,2015,10782,600,Al día,0,0
P00000650,2022-10-26,2023-10-26,Responsabilidad civil,Hyundai Elantra,2011,27449,500,Vencido,1,0
P00000651,2022-08-02,2023-08-02,Responsabilidad civil,Nissan Sentra,2010,32034,600,Vencido,1,0
P00000652,2021-05-09,2022-05-09,Cobertura total,Kia Forte,2021,16100,500,Al día,0,0
P00000653,2022-02-27,2023-02-27,Cobertura amplia,Ford Focus,2013,14095,600,Al día,0,0
P00000654,2023-07-16,2024-07-15,Responsabilidad civil,Toyota Corolla,2010,25410,500,Vencido,0,0
P00000655,2021-05-04,2022-05-04,Cobertura de colisión,Hyundai Elantra,2021,11908,500,Vencido,1,1
P00000656,2022-01-28,2023-01-28,Cobertura de colisión,Subaru Impreza,2012,23358,500,Al día,0,1
P00000657,2022-02-23,2023-02-23,Cobertura total,Chevrolet Cruze,2012,44382,700,Al día,1,1
P00000658,2022-06-05,2023-06-05,Responsabilidad civil,Subaru Impreza,2014,16687,600,Al día,1,0
P00000659,2025-06-06,2026-06-06,Cobertura total,Volkswagen Jetta,2010,42230,600,Al día,1,0
P00000660,2023-02-06,2024-02-06,Cobertura amplia,Toyota Corolla,2014,45821,500,Vencido,1,0
P00000661,2025-11-18,2026-11-18,Cobertura amplia,Honda Civic,2019,43536,500,Vencido,0,0
P00000662,2023-03-05,2024-03-04,Cobertura de colisión,Honda Civic,2017,12562,600,Al día,1,1
P00000663,2021-02-15,2022-02-15,Cobertura de robo,Honda Civic,2019,21883,700,Al día,0,0
P00000664,2022-03-06,2023-03-06,Cobertura de colisión,Mazda 3,2011,10906,500,Vencido,0,1
P00000665,2023-04-28,2024-04-27,Cobertura amplia,Honda Civic,2021,34731,600,Vencido,1,1
P00000666,2022-07-20,2023-07-20,Cobertura amplia,Honda Civic,2011,18650,600,Al día,0,1
P00000667,2024-01-18,2025-01-17,Responsabilidad civil,Nissan Sentra,2020,26480,700,Vencido,0,1
P00000668,2022-01-04,2023-01-04,Responsabilidad civil,Honda Civic,2012,30939,700,Vencido,0,0
P00000669,2023-05-23,2024-05-22,Responsabilidad civil,Honda Civic,2013,42605,700,Vencido,0,1
P00000670,2020-02-27,2021-02-26,Cobertura total,Honda Civic,2019,28495,600,Al día,1,1
P00000671,2025-12-27,2026-12-27,Responsabilidad civil,Toyota Corolla,2013,11987,500,Vencido,1,1
P00000672,2021-06-02,2022-06-02,Cobertura amplia,Honda Civic,2014,47781,700,Vencido,0,1
P00000673,2023-01-28,2024-01-28,Responsabilidad civil,Toyota Corolla,2016,11828,700,Al día,1,0
P00000674,2020-07-05,2021-07-05,Cobertura total,Subaru Impreza,2021,23634,500,Vencido,0,1
P00000675,2020-08-11,2021-08-11,Responsabilidad civil,Honda Civic,2018,14226,700,Al día,1,1
P00000676,2023-04-11,2024-04-10,Cobertura de robo,Hyundai Elantra,2012,43557,500,Vencido,0,0
P00000677,2021-06-01,2022-06-01,Cobertura amplia,Nissan Sentra,2019,27148,700,Vencido,1,1
P00000678,2025-07-03,2026-07-03,Cobertura de colisión,Volkswagen Jetta,2020,11718,600,Al día,0,1
P00000679,2021-02-24,2022-02-24,Responsabilidad civil,Toyota Corolla,2021,40705,700,Al día,1,1
P00000680,2020-02-20,2021-02-19,Cobertura de robo,Honda Civic,2015,21571,700,Al día,1,1
P00000681,2023-03-10,2024-03-09,Cobertura de robo,Nissan Sentra,2010,46163,600,Al día,1,1
P00000682,2025-04-06,2026-04-06,Cobertura total,Kia Forte,2022,38682,600,Vencido,1,1
P00000683,2025-05-14,2026-05-14,Cobertura amplia,Kia Forte,2016,28776,500,Al día,1,0
P00000684,2024-12-09,2025-12-09,Cobertura de colisión,Toyota Corolla,2019,47499,500,Al día,1,0
P00000685,2023-10-27,2024-10-26,Responsabilidad civil,Chevrolet Cruze,2021,37472,500,Al día,1,1
P00000686,2022-01-25,2023-01-25,Cobertura de robo,Toyota Corolla,2013,30614,500,Al día,0,1
P00000687,2020-07-29,2021-07-29,Cobertura de colisión,Toyota Corolla,2018,11411,600,Al día,1,0
P00000688,2022-10-31,2023-10-31,Responsabilidad civil,Volkswagen Jetta,2011,24238,500,Al día,0,0
P00000689,2025-05-10,2026-05-10,Cobertura de robo,Toyota Corolla,2011,13524,700,Al día,0,1
P00000690,2021-04-12,2022-04-12,Cobertura total,Toyota Corolla,2011,16591,500,Vencido,1,0
P00000691,2020-09-24,2021-09-24,Cobertura amplia,Kia Forte,2019,32344,700,Al día,0,1
P00000692,2024-06-29,2025-06-29,Responsabilidad civil,Toyota Corolla,2017,44874,500,Vencido,0,0
P00000693,2025-07-07,2026-07-07,Cobertura de robo,Kia Forte,2017,19585,600,Al día,1,0
P00000694,2020-10-30,2021-10-30,Responsabilidad civil,Honda Civic,2017,36449,700,Vencido,1,0
P00000695,2020-08-07,2021-08-07,Cobertura de robo,Hyundai Elantra,2022,42768,500,Al día,1,0
P00000696,2021-09-13,2022-09-13,Cobertura amplia,Ford Focus,2019,30252,600,Vencido,1,0
P00000697,2021-09-03,2022-09-03,Cobertura de colisión,Mazda 3,2018,32663,600,Vencido,0,1
P00000698,2023-05-29,2024-05-28,Responsabilidad civil,Toyota Corolla,2010,45673,700,Al día,0,0
P00000699,2020-12-14,2021-12-14,Cobertura total,Ford Focus,2012,18449,600,Vencido,0,0
P00000700,2022-10-13,2023-10-13,Cobertura de colisión,Mazda 3,2022,13650,700,Vencido,0,1
P00000701,2021-04-30,2022-04-30,Cobertura amplia,Ford Focus,2010,10936,500,Vencido,0,0
P00000702,2024-08-31,2025-08-31,Cobertura de robo,Kia Forte,2012,40958,700,Vencido,1,1
P00000703,2022-07-13,2023-07-13,Cobertura amplia,Ford Focus,2012,17350,600,Vencido,1,1
P00000704,2025-11-10,2026-11-10,Responsabilidad civil,Hyundai Elantra,2010,31779,500,Al día,0,1
P00000705,2024-04-07,2025-04-07,Cobertura de robo,Honda Civic,2012,42289,700,Al día,0,0
P00000706,2025-01-19,2026-01-19,Responsabilidad civil,Toyota Corolla,2018,35258,500,Al día,0,1
P00000707,2024-12-18,2025-12-18,Responsabilidad civil,Ford Focus,2021,10066,600,Al día,1,0
P00000708,2023-05-02,2024-05-01,Cobertura de robo,Subaru Impreza,2018,38510,500,Vencido,0,1
P00000709,2024-10-22,2025-10-22,Cobertura de robo,Honda Civic,2013,10285,500,Vencido,1,0
P00000710,2023-06-04,2024-06-03,Cobertura de colisión,Volkswagen Jetta,2021,43215,600,Al día,0,1
P00000711,2020-09-03,2021-09-03,Cobertura total,Toyota Corolla,2017,16777,600,Al día,0,0
P00000712,2021-02-10,2022-02-10,Cobertura total,Honda Civic,2010,38228,600,Al día,1,1
P00000713,2022-05-01,2023-05-01,Cobertura amplia,Nissan Sentra,2015,18605,500,Al día,0,0
P00000714,2022-05-14,2023-05-14,Cobertura de robo,Toyota Corolla,2019,14107,600,Vencido,1,1
P00000715,2022-12-19,2023-12-19,Cobertura de colisión,Toyota Corolla,2020,20126,700,Al día,0,0
P00000716,2020-11-28,2021-11-28,Cobertura amplia,Toyota Corolla,2014,45036,700,Al día,1,0
P00000717,2021-10-05,2022-10-05,Responsabilidad civil,Toyota Corolla,2020,43786,700,Al día,0,0
P00000718,2022-09-09,2023-09-09,Cobertura amplia,Ford Focus,2011,48975,500,Vencido,0,0
P00000719,2021-12-12,2022-12-12,Cobertura amplia,Toyota Corolla,2021,41171,500,Vencido,1,0
P00000720,2020-11-03,2021-11-03,Cobertura de robo,Subaru Impreza,2016,14328,600,Vencido,0,1
P00000721,2021-10-03,2022-10-03,Responsabilidad civil,Honda Civic,2014,35776,500,Al día,1,1
P00000722,2020-01-11,2021-01-10,Cobertura de robo,Honda Civic,2016,27522,500,Al día,0,1
P00000723,2024-07-31,2025-07-31,Cobertura de robo,Toyota Corolla,2011,37551,700,Al día,0,1
P00000724,2025-01-19,2026-01-19,Cobertura de colisión,Chevrolet Cruze,2012,19386,500,Vencido,0,1
P00000725,2025-04-08,2026-04-08,Cobertura amplia,Mazda 3,2011,38419,600,Al día,1,1
P00000726,2023-04-07,2024-04-06,Cobertura total,Kia Forte,2011,21434,600,Al día,1,1
P00000727,2020-05-13,2021-05-13,Cobertura amplia,Nissan Sentra,2011,33932,700,Al día,1,1
P00000728,2022-08-06,2023-08-06,Cobertura de colisión,Nissan Sentra,2013,41057,600,Vencido,0,1
P00000729,2023-03-26,2024-03-25,Cobertura amplia,Ford Focus,2012,12666,500,Al día,1,0
P00000730,2023-03-04,2024-03-03,Cobertura de robo,Chevrolet Cruze,2019,48877,700,Vencido,1,0
P00000731,2025-02-02,2026-02-02,Cobertura amplia,Honda Civic,2022,18777,700,Al día,0,0
P00000732,2020-10-18,2021-10-18,Cobertura total,Chevrolet Cruze,2011,10887,600,Al día,1,0
P00000733,2022-08-14,2023-08-14,Responsabilidad civil,Mazda 3,2021,20125,500,Al día,1,0
P00000734,2022-12-19,2023-12-19,Responsabilidad civil,Mazda 3,2011,10128,500,Al día,0,0
P00000735,2022-03-21,2023-03-21,Cobertura total,Toyota Corolla,2015,41181,700,Al día,0,1
P00000736,2024-10-07,2025-10-07,Responsabilidad civil,Nissan Sentra,2010,41931,700,Vencido,0,0
P00000737,2021-04-15,2022-04-15,Cobertura de colisión,Honda Civic,2021,11583,500,Al día,1,0
P00000738,2022-07-09,2023-07-09,Cobertura amplia,Subaru Impreza,2012,37839,700,Al día,1,1
P00000739,2021-09-02,2022-09-02,Responsabilidad civil,Hyundai Elantra,2021,10030,600,Vencido,0,0
P00000740,2022-12-24,2023-12-24,Cobertura de colisión,Honda Civic,2020,13730,500,Vencido,1,0
P00000741,2021-08-05,2022-08-05,Responsabilidad civil,Kia Forte,2022,37994,700,Al día,1,1
P00000742,2020-10-19,2021-10-19,Responsabilidad civil,Kia Forte,2014,32694,600,Vencido,0,0
P00000743,2020-09-01,2021-09-01,Responsabilidad civil,Toyota Corolla,2016,39618,600,Vencido,1,0
P00000744,2021-11-10,2022-11-10,Cobertura de colisión,Hyundai Elantra,2014,46197,500,Vencido,0,0
P00000745,2023-06-13,2024-06-12,Cobertura de colisión,Subaru Impreza,2012,43230,600,Al día,0,0
P00000746,2023-03-28,2024-03-27,Responsabilidad civil,Hyundai Elantra,2022,30981,500,Vencido,0,0
P00000747,2024-12-03,2025-12-03,Cobertura total,Subaru Impreza,2020,47457,700,Al día,1,0
P00000748,2021-05-24,2022-05-24,Responsabilidad civil,Nissan Sentra,2021,34396,600,Al día,0,0
P00000749,2025-04-03,2026-04-03,Cobertura amplia,Toyota Corolla,2022,17868,600,Al día,0,0
P00000750,2023-05-30,2024-05-29,Cobertura amplia,Toyota Corolla,2013,32032,600,Vencido,0,1
P00000751,2024-07-06,2025-07-06,Cobertura amplia,Toyota Corolla,2022,14094,600,Vencido,0,1
P00000752,2023-01-20,2024-01-20,Cobertura de robo,Mazda 3,2010,19952,500,Vencido,1,1
P00000753,2025-08-11,2026-08-11,Cobertura de robo,Hyundai Elantra,2015,25659,500,Al día,1,0
P00000754,2025-07-15,2026-07-15,Cobertura amplia,Volkswagen Jetta,2015,29635,600,Vencido,0,0
P00000755,2024-11-28,2025-11-28,Responsabilidad civil,Hyundai Elantra,2019,44922,500,Vencido,0,0
P00000756,2020-11-25,2021-11-25,Cobertura amplia,Kia Forte,2021,37096,600,Al día,1,1
P00000757,2020-06-12,2021-06-12,Cobertura amplia,Nissan Sentra,2018,39612,600,Al día,0,1
P00000758,2024-11-04,2025-11-04,Responsabilidad civil,Mazda 3,2020,28287,700,Al día,1,1
P00000759,2023-08-13,2024-08-12,Cobertura de robo,Honda Civic,2019,12862,600,Al día,1,0
P00000760,2022-10-22,2023-10-22,Cobertura amplia,Honda Civic,2019,39259,500,Vencido,1,0
P00000761,2020-04-15,2021-04-15,Cobertura de robo,Toyota Corolla,2018,44407,700,Al día,1,1
P00000762,2021-01-09,2022-01-09,Cobertura total,Honda Civic,2018,12948,500,Al día,0,1
P00000763,2022-07-26,2023-07-26,Cobertura de colisión,Kia Forte,2018,40763,700,Vencido,1,0
P00000764,2020-03-25,2021-03-25,Cobertura de robo,Honda Civic,2010,39594,600,Al día,1,0
P00000765,2023-01-08,2024-01-08,Cobertura amplia,Mazda 3,2018,49769,600,Vencido,1,0
P00000766,2020-06-13,2021-06-13,Cobertura de colisión,Toyota Corolla,2021,15916,500,Al día,1,0
P00000767,2021-12-18,2022-12-18,Cobertura de robo,Subaru Impreza,2020,42693,600,Al día,1,1
P00000768,2025-04-11,2026-04-11,Cobertura total,Ford Focus,2011,21256,700,Al día,0,1
P00000769,2025-10-26,2026-10-26,Responsabilidad civil,Chevrolet Cruze,2013,43538,500,Al día,0,0
P00000770,2024-12-16,2025-12-16,Responsabilidad civil,Chevrolet Cruze,2015,44537,700,Al día,1,1
P00000771,2023-02-13,2024-02-13,Cobertura total,Ford Focus,2012,45843,600,Vencido,0,1
P00000772,2022-01-13,2023-01-13,Cobertura de robo,Chevrolet Cruze,2016,49041,600,Vencido,0,0
P00000773,2024-11-20,2025-11-20,Responsabilidad civil,Nissan Sentra,2020,29891,600,Vencido,0,1
P00000774,2025-07-07,2026-07-07,Cobertura de robo,Chevrolet Cruze,2019,29807,500,Vencido,0,1
P00000775,2021-01-08,2022-01-08,Cobertura de colisión,Hyundai Elantra,2018,36426,700,Al día,0,0
P00000776,2025-04-09,2026-04-09,Cobertura total,Ford Focus,2018,14554,500,Vencido,0,1
P00000777,2023-11-26,2024-11-25,Cobertura de robo,Hyundai Elantra,2012,22809,700,Vencido,0,0
P00000778,2024-07-30,2025-07-30,Cobertura de robo,Subaru Impreza,2012,38833,600,Vencido,1,1
P00000779,2023-09-27,2024-09-26,Responsabilidad civil,Honda Civic,2013,35788,500,Vencido,1,0
P00000780,2023-08-08,2024-08-07,Cobertura amplia,Hyundai Elantra,2016,41020,500,Vencido,0,1
P00000781,2021-03-04,2022-03-04,Responsabilidad civil,Ford Focus,2015,25097,700,Al día,0,1
P00000782,2021-10-20,2022-10-20,Responsabilidad civil,Nissan Sentra,2022,13285,600,Vencido,0,1
P00000783,2023-09-12,2024-09-11,Responsabilidad civil,Toyota Corolla,2018,43101,500,Vencido,1,0
P00000784,2024-08-13,2025-08-13,Cobertura de robo,Ford Focus,2019,19850,500,Vencido,1,1
P00000785,2025-07-22,2026-07-22,Cobertura de colisión,Mazda 3,2018,33089,600,Al día,1,0
P00000786,2023-03-26,2024-03-25,Cobertura total,Mazda 3,2020,21852,500,Vencido,1,0
P00000787,2024-06-28,2025-06-28,Cobertura de robo,Toyota Corolla,2021,32774,600,Vencido,1,1
P00000788,2020-05-30,2021-05-30,Cobertura de robo,Volkswagen Jetta,2013,22693,600,Al día,1,0
P00000789,2025-02-05,2026-02-05,Cobertura amplia,Hyundai Elantra,2017,39697,700,Vencido,0,1
P00000790,2020-12-26,2021-12-26,Cobertura de colisión,Honda Civic,2017,16865,600,Vencido,1,1
P00000791,2023-07-12,2024-07-11,Responsabilidad civil,Ford Focus,2018,38785,500,Al día,1,0
P00000792,2022-10-30,2023-10-30,Cobertura de colisión,Toyota Corolla,2017,26224,500,Al día,0,0
P00000793,2023-08-17,2024-08-16,Responsabilidad civil,Toyota Corolla,2010,10874,700,Vencido,0,0
P00000794,2021-04-19,2022-04-19,Cobertura total,Mazda 3,2022,30791,600,Vencido,1,0
P00000795,2024-07-13,2025-07-13,Cobertura de robo,Nissan Sentra,2012,40042,500,Al día,0,1
P00000796,2025-10-08,2026-10-08,Responsabilidad civil,Hyundai Elantra,2018,11150,700,Vencido,1,0
P00000797,2020-01-05,2021-01-04,Cobertura de colisión,Toyota Corolla,2016,13880,500,Vencido,0,0
P00000798,2025-03-07,2026-03-07,Cobertura de colisión,Chevrolet Cruze,2013,26096,600,Vencido,1,1
P00000799,2024-08-19,2025-08-19,Cobertura total,Toyota Corolla,2018,19097,700,Vencido,0,1
P00000800,2020-08-10,2021-08-10,Responsabilidad civil,Mazda 3,2010,30723,700,Al día,0,0
P00000801,2022-02-07,2023-02-07,Cobertura de robo,Hyundai Elantra,2011,39000,500,Al día,0,1
P00000802,2025-10-24,2026-10-24,Responsabilidad civil,Honda Civic,2010,10546,500,Vencido,0,1
P00000803,2024-01-21,2025-01-20,Responsabilidad civil,Nissan Sentra,2018,39603,500,Vencido,0,1
P00000804,2025-08-03,2026-08-03,Responsabilidad civil,Hyundai Elantra,2018,47852,700,Vencido,0,1
P00000805,2024-12-15,2025-12-15,Cobertura amplia,Toyota Corolla,2022,47836,600,Vencido,0,0
P00000806,2020-07-30,2021-07-30,Cobertura de colisión,Honda Civic,2013,20801,700,Al día,1,1
P00000807,2022-04-13,2023-04-13,Cobertura de colisión,Honda Civic,2016,33949,600,Al día,0,0
P00000808,2022-12-29,2023-12-29,Cobertura de robo,Volkswagen Jetta,2019,14223,600,Vencido,0,1
P00000809,2021-06-20,2022-06-20,Responsabilidad civil,Toyota Corolla,2012,44232,700,Al día,0,0
P00000810,2023-03-25,2024-03-24,Cobertura de colisión,Chevrolet Cruze,2022,40526,500,Al día,1,0
P00000811,2024-11-29,2025-11-29,Cobertura amplia,Toyota Corolla,2013,28967,700,Vencido,0,0
P00000812,2025-06-08,2026-06-08,Cobertura amplia,Subaru Impreza,2020,27816,700,Al día,1,0
P00000813,2021-05-12,2022-05-12,Cobertura de robo,Nissan Sentra,2022,47408,500,Vencido,1,1
P00000814,2020-04-28,2021-04-28,Cobertura de robo,Hyundai Elantra,2021,13488,500,Al día,1,1
P00000815,2022-09-07,2023-09-07,Cobertura total,Ford Focus,2019,11724,500,Vencido,0,0
P00000816,2021-10-10,2022-10-10,Cobertura de robo,Chevrolet Cruze,2010,14065,600,Al día,1,0
P00000817,2023-06-26,2024-06-25,Cobertura de colisión,Volkswagen Jetta,2017,48100,700,Vencido,0,0
P00000818,2020-02-26,2021-02-25,Cobertura total,Volkswagen Jetta,2020,20302,700,Al día,1,1
P00000819,2024-07-29,2025-07-29,Cobertura de robo,Mazda 3,2012,44994,700,Al día,0,1
P00000820,2021-01-16,2022-01-16,Cobertura total,Ford Focus,2010,21756,700,Vencido,0,0
P00000821,2022-07-09,2023-07-09,Cobertura amplia,Toyota Corolla,2013,13491,600,Vencido,1,0
P00000822,2021-04-09,2022-04-09,Cobertura de colisión,Toyota Corolla,2014,40999,500,Al día,0,1
P00000823,2025-03-05,2026-03-05,Cobertura de colisión,Nissan Sentra,2015,10777,500,Vencido,1,0
P00000824,2021-04-26,2022-04-26,Cobertura amplia,Toyota Corolla,2018,14413,500,Vencido,0,0
P00000825,2021-09-22,2022-09-22,Cobertura de robo,Chevrolet Cruze,2016,31502,500,Al día,0,0
P00000826,2025-08-03,2026-08-03,Cobertura de colisión,Volkswagen Jetta,2010,37099,600,Al día,1,0
P00000827,2023-04-10,2024-04-09,Cobertura de colisión,Toyota Corolla,2013,21028,600,Vencido,1,1
P00000828,2025-09-15,2026-09-15,Cobertura amplia,Honda Civic,2021,48923,500,Vencido,0,1
P00000829,2023-01-24,2024-01-24,Cobertura total,Ford Focus,2016,41471,600,Al día,0,0
P00000830,2024-08-28,2025-08-28,Responsabilidad civil,Ford Focus,2017,42894,500,Vencido,1,1
P00000831,2025-05-30,2026-05-30,Cobertura total,Subaru Impreza,2014,20725,600,Al día,0,0
P00000832,2025-04-18,2026-04-18,Cobertura total,Mazda 3,2021,40384,500,Al día,0,0
P00000833,2022-09-25,2023-09-25,Cobertura de colisión,Toyota Corolla,2012,30513,500,Al día,0,1
P00000834,2025-02-13,2026-02-13,Cobertura de robo,Ford Focus,2016,38715,600,Al día,0,0
P00000835,2021-08-15,2022-08-15,Cobertura amplia,Toyota Corolla,2014,19900,500,Vencido,1,0
P00000836,2024-04-20,2025-04-20,Cobertura de robo,Mazda 3,2022,40352,500,Vencido,1,0
P00000837,2022-02-19,2023-02-19,Cobertura de colisión,Chevrolet Cruze,2016,47513,700,Vencido,1,1
P00000838,2025-09-12,2026-09-12,Cobertura de colisión,Ford Focus,2012,14808,700,Al día,0,1
P00000839,2021-07-13,2022-07-13,Cobertura total,Hyundai Elantra,2016,28197,500,Al día,0,0
P00000840,2020-10-12,2021-10-12,Cobertura de colisión,Toyota Corolla,2010,27556,500,Al día,0,1
P00000841,2023-02-05,2024-02-05,Cobertura de colisión,Hyundai Elantra,2021,21056,500,Al día,0,1
P00000842,2024-08-26,2025-08-26,Cobertura de colisión,Ford Focus,2019,37642,700,Al día,0,1
P00000843,2023-10-24,2024-10-23,Responsabilidad civil,Ford Focus,2016,12512,600,Vencido,1,1
P00000844,2025-09-10,2026-09-10,Cobertura de colisión,Hyundai Elantra,2011,29893,500,Vencido,1,1
P00000845,2022-12-30,2023-12-30,Cobertura total,Mazda 3,2022,32838,500,Al día,0,0
P00000846,2020-01-11,2021-01-10,Responsabilidad civil,Ford Focus,2010,39823,700,Al día,1,1
P00000847,2023-03-04,2024-03-03,Cobertura de colisión,Ford Focus,2017,16715,500,Al día,0,0
P00000848,2023-05-07,2024-05-06,Cobertura de robo,Subaru Impreza,2016,37213,500,Vencido,1,0
P00000849,2025-06-28,2026-06-28,Cobertura de colisión,Ford Focus,2012,32455,600,Vencido,0,1
P00000850,2021-08-31,2022-08-31,Responsabilidad civil,Toyota Corolla,2012,15761,700,Vencido,0,0
P00000851,2025-01-03,2026-01-03,Cobertura de robo,Chevrolet Cruze,2014,33125,500,Vencido,1,0
P00000852,2025-06-06,2026-06-06,Cobertura total,Chevrolet Cruze,2015,46096,700,Al día,0,1
P00000853,2023-11-14,2024-11-13,Cobertura de colisión,Chevrolet Cruze,2010,47455,700,Al día,1,0
P00000854,2023-09-23,2024-09-22,Cobertura total,Ford Focus,2022,49238,700,Vencido,1,1
P00000855,2024-03-25,2025-03-25,Cobertura total,Honda Civic,2011,16766,700,Al día,1,1
P00000856,2025-02-08,2026-02-08,Cobertura amplia,Subaru Impreza,2018,13118,700,Vencido,1,0
P00000857,2023-08-11,2024-08-10,Cobertura de colisión,Mazda 3,2017,46664,600,Vencido,0,1
P00000858,2022-02-11,2023-02-11,Responsabilidad civil,Toyota Corolla,2020,35913,700,Vencido,0,0
P00000859,2022-09-05,2023-09-05,Responsabilidad civil,Subaru Impreza,2017,13910,700,Al día,1,1
P00000860,2024-04-17,2025-04-17,Cobertura total,Ford Focus,2011,44525,500,Al día,1,0
P00000861,2022-08-14,2023-08-14,Cobertura total,Honda Civic,2021,46678,500,Al día,1,0
P00000862,2024-08-09,2025-08-09,Cobertura total,Nissan Sentra,2017,32431,500,Al día,0,0
P00000863,2020-06-27,2021-06-27,Responsabilidad civil,Toyota Corolla,2013,10743,700,Vencido,0,1
P00000864,2023-07-27,2024-07-26,Cobertura total,Ford Focus,2011,17043,600,Vencido,1,1
P00000865,2025-04-21,2026-04-21,Responsabilidad civil,Ford Focus,2015,23048,600,Al día,0,0
P00000866,2024-04-10,2025-04-10,Cobertura de robo,Toyota Corolla,2022,36218,600,Al día,1,0
P00000867,2024-04-30,2025-04-30,Cobertura amplia,Chevrolet Cruze,2010,14038,500,Vencido,1,1
P00000868,2021-09-15,2022-09-15,Cobertura amplia,Honda Civic,2020,10628,500,Vencido,1,1
P00000869,2025-07-21,2026-07-21,Responsabilidad civil,Toyota Corolla,2010,20965,500,Al día,1,1
P00000870,2020-05-31,2021-05-31,Cobertura amplia,Volkswagen Jetta,2018,44920,500,Vencido,0,1
P00000871,2021-06-01,2022-06-01,Cobertura amplia,Chevrolet Cruze,2022,17663,500,Vencido,1,0
P00000872,2025-08-19,2026-08-19,Cobertura total,Volkswagen Jetta,2022,26011,500,Vencido,0,0
P00000873,2023-09-21,2024-09-20,Cobertura amplia,Honda Civic,2018,12688,700,Al día,1,0
P00000874,2021-02-15,2022-02-15,Cobertura de robo,Toyota Corolla,2017,34683,700,Al día,0,1
P00000875,2024-12-08,2025-12-08,Cobertura amplia,Toyota Corolla,2011,49796,700,Vencido,1,1
P00000876,2021-02-12,2022-02-12,Cobertura de colisión,Mazda 3,2012,27530,700,Al día,0,0
P00000877,2025-11-24,2026-11-24,Cobertura amplia,Hyundai Elantra,2013,28758,500,Al día,1,0
P00000878,2025-02-14,2026-02-14,Responsabilidad civil,Hyundai Elantra,2019,19547,500,Vencido,1,0
P00000879,2020-03-03,2021-03-03,Responsabilidad civil,Chevrolet Cruze,2013,10754,700,Vencido,1,1
P00000880,2021-08-13,2022-08-13,Cobertura amplia,Volkswagen Jetta,2012,10996,700,Al día,0,1
P00000881,2024-08-06,2025-08-06,Responsabilidad civil,Volkswagen Jetta,2017,13986,700,Vencido,0,0
P00000882,2021-09-24,2022-09-24,Cobertura amplia,Honda Civic,2010,45989,500,Vencido,0,0
P00000883,2020-11-02,2021-11-02,Responsabilidad civil,Kia Forte,2020,33917,500,Vencido,0,1
P00000884,2025-04-07,2026-04-07,Cobertura total,Toyota Corolla,2015,10493,600,Al día,1,0
P00000885,2022-12-21,2023-12-21,Cobertura total,Toyota Corolla,2013,13328,700,Vencido,1,1
P00000886,2023-10-18,2024-10-17,Cobertura total,Toyota Corolla,2013,20603,600,Al día,1,1
P00000887,2024-06-16,2025-06-16,Cobertura de colisión,Honda Civic,2022,16738,500,Al día,1,0
P00000888,2020-11-24,2021-11-24,Responsabilidad civil,Hyundai Elantra,2022,20904,600,Al día,1,1
P00000889,2023-09-07,2024-09-06,Cobertura de robo,Hyundai Elantra,2012,27393,700,Al día,0,0
P00000890,2025-12-25,2026-12-25,Cobertura de robo,Toyota Corolla,2010,17895,700,Al día,1,1
P00000891,2024-04-05,2025-04-05,Cobertura de robo,Nissan Sentra,2018,31233,600,Al día,1,1
P00000892,2023-07-21,2024-07-20,Cobertura de colisión,Kia Forte,2010,43354,700,Vencido,0,0
P00000893,2025-06-21,2026-06-21,Cobertura amplia,Toyota Corolla,2010,12431,500,Vencido,1,0
P00000894,2020-05-27,2021-05-27,Cobertura total,Ford Focus,2019,18918,700,Vencido,0,1
P00000895,2020-10-07,2021-10-07,Cobertura amplia,Subaru Impreza,2022,23017,700,Vencido,1,0
P00000896,2022-08-19,2023-08-19,Cobertura de robo,Kia Forte,2018,33624,500,Al día,1,0
P00000897,2023-03-23,2024-03-22,Responsabilidad civil,Honda Civic,2010,39241,700,Al día,0,1
P00000898,2022-07-20,2023-07-20,Cobertura amplia,Nissan Sentra,2019,27847,600,Al día,0,1
P00000899,2021-01-05,2022-01-05,Cobertura amplia,Kia Forte,2010,33502,600,Al día,0,1
P00000900,2024-11-12,2025-11-12,Cobertura de robo,Ford Focus,2019,36048,500,Vencido,0,0
P00000901,2021-02-07,2022-02-07,Cobertura de robo,Chevrolet Cruze,2018,25514,600,Vencido,1,1
P00000902,2021-02-15,2022-02-15,Cobertura total,Toyota Corolla,2021,11883,500,Vencido,0,1
P00000903,2024-12-22,2025-12-22,Cobertura de colisión,Toyota Corolla,2014,29330,600,Al día,1,0
P00000904,2021-11-12,2022-11-12,Cobertura de robo,Toyota Corolla,2021,24352,600,Al día,0,0
P00000905,2023-05-11,2024-05-10,Cobertura amplia,Toyota Corolla,2016,23883,700,Vencido,1,1
P00000906,2020-04-28,2021-04-28,Cobertura de robo,Kia Forte,2016,46349,500,Vencido,1,0
P00000907,2020-07-07,2021-07-07,Cobertura de colisión,Hyundai Elantra,2018,29175,700,Al día,1,1
P00000908,2023-08-21,2024-08-20,Cobertura de robo,Honda Civic,2019,38783,500,Al día,1,0
P00000909,2020-08-17,2021-08-17,Cobertura de robo,Kia Forte,2019,11263,600,Al día,1,0
P00000910,2023-04-16,2024-04-15,Cobertura de colisión,Ford Focus,2012,26084,700,Al día,0,0
P00000911,2024-01-08,2025-01-07,Cobertura amplia,Volkswagen Jetta,2017,47506,500,Al día,1,1
P00000912,2024-03-15,2025-03-15,Cobertura de colisión,Toyota Corolla,2015,26982,600,Vencido,0,0
P00000913,2024-10-30,2025-10-30,Cobertura de colisión,Ford Focus,2022,46612,500,Vencido,0,0
P00000914,2021-08-19,2022-08-19,Cobertura de colisión,Hyundai Elantra,2011,16157,500,Al día,0,0
P00000915,2022-09-27,2023-09-27,Cobertura de colisión,Toyota Corolla,2019,43660,500,Al día,0,0
P00000916,2025-12-15,2026-12-15,Cobertura de robo,Kia Forte,2021,38674,500,Vencido,1,1
P00000917,2024-08-14,2025-08-14,Responsabilidad civil,Subaru Impreza,2015,35254,700,Al día,0,0
P00000918,2022-01-07,2023-01-07,Cobertura de colisión,Chevrolet Cruze,2022,49286,700,Vencido,0,1
P00000919,2021-11-27,2022-11-27,Cobertura de colisión,Chevrolet Cruze,2018,21300,500,Al día,1,1
P00000920,2021-12-18,2022-12-18,Cobertura amplia,Ford Focus,2017,15134,700,Al día,1,1
P00000921,2020-11-19,2021-11-19,Responsabilidad civil,Chevrolet Cruze,2021,26280,500,Al día,1,0
P00000922,2024-04-15,2025-04-15,Cobertura total,Kia Forte,2012,37149,700,Al día,0,0
P00000923,2022-09-13,2023-09-13,Cobertura de colisión,Chevrolet Cruze,2011,18294,700,Vencido,0,0
P00000924,2025-07-31,2026-07-31,Cobertura de robo,Honda Civic,2019,20564,700,Al día,0,1
P00000925,2021-08-09,2022-08-09,Cobertura de robo,Ford Focus,2018,41305,700,Vencido,1,1
P00000926,2022-08-09,2023-08-09,Cobertura de colisión,Kia Forte,2016,37626,700,Vencido,0,1
P00000927,2025-03-03,2026-03-03,Responsabilidad civil,Toyota Corolla,2022,27763,600,Al día,1,1
P00000928,2022-11-06,2023-11-06,Cobertura de colisión,Hyundai Elantra,2022,19184,500,Al día,0,1
P00000929,2025-02-25,2026-02-25,Cobertura amplia,Honda Civic,2012,18440,600,Al día,0,1
P00000930,2022-11-11,2023-11-11,Responsabilidad civil,Ford Focus,2016,18282,600,Vencido,0,0
P00000931,2020-02-08,2021-02-07,Cobertura amplia,Honda Civic,2010,41211,600,Vencido,1,0
P00000932,2025-03-20,2026-03-20,Cobertura de colisión,Volkswagen Jetta,2020,47244,600,Vencido,1,0
P00000933,2023-03-24,2024-03-23,Cobertura total,Toyota Corolla,2017,26047,700,Vencido,1,0
P00000934,2021-10-09,2022-10-09,Cobertura de robo,Kia Forte,2010,36764,700,Vencido,1,1
P00000935,2020-10-29,2021-10-29,Cobertura de robo,Toyota Corolla,2015,30732,700,Vencido,1,0
P00000936,2024-12-14,2025-12-14,Cobertura amplia,Mazda 3,2016,32248,700,Al día,0,0
P00000937,2023-11-16,2024-11-15,Cobertura de colisión,Hyundai Elantra,2012,25086,500,Vencido,1,0
P00000938,2023-05-10,2024-05-09,Cobertura amplia,Ford Focus,2022,22163,600,Al día,1,1
P00000939,2024-10-03,2025-10-03,Cobertura amplia,Toyota Corolla,2015,37036,500,Vencido,0,1
P00000940,2022-10-21,2023-10-21,Cobertura amplia,Hyundai Elantra,2021,13932,500,Vencido,1,0
P00000941,2025-02-14,2026-02-14,Cobertura de colisión,Toyota Corolla,2018,10489,600,Vencido,0,1
P00000942,2023-05-22,2024-05-21,Cobertura amplia,Subaru Impreza,2017,20252,700,Vencido,1,1
P00000943,2022-03-26,2023-03-26,Cobertura de robo,Hyundai Elantra,2017,46343,500,Vencido,0,1
P00000944,2024-04-24,2025-04-24,Cobertura de robo,Honda Civic,2022,11788,700,Al día,1,0
P00000945,2025-06-02,2026-06-02,Cobertura amplia,Chevrolet Cruze,2021,30873,500,Al día,0,0
P00000946,2021-03-12,2022-03-12,Cobertura total,Chevrolet Cruze,2014,47687,500,Al día,1,1
P00000947,2022-08-29,2023-08-29,Responsabilidad civil,Kia Forte,2022,45918,700,Al día,0,1
P00000948,2024-04-11,2025-04-11,Cobertura de colisión,Volkswagen Jetta,2011,28430,600,Vencido,1,1
P00000949,2024-01-10,2025-01-09,Cobertura de colisión,Volkswagen Jetta,2014,37828,500,Al día,0,0
P00000950,2023-04-26,2024-04-25,Cobertura de robo,Ford Focus,2018,24697,500,Vencido,0,0
P00000951,2023-04-24,2024-04-23,Cobertura total,Ford Focus,2012,29360,500,Al día,0,1
P00000952,2020-03-30,2021-03-30,Cobertura total,Volkswagen Jetta,2010,26908,700,Al día,1,1
P00000953,2024-06-09,2025-06-09,Cobertura de robo,Ford Focus,2015,39672,600,Al día,0,1
P00000954,2023-01-29,2024-01-29,Cobertura de colisión,Toyota Corolla,2014,48531,700,Al día,1,1
P00000955,2020-02-03,2021-02-02,Responsabilidad civil,Volkswagen Jetta,2011,19380,700,Vencido,1,0
P00000956,2020-07-19,2021-07-19,Responsabilidad civil,Kia Forte,2012,47539,500,Vencido,1,0
P00000957,2025-07-27,2026-07-27,Cobertura total,Hyundai Elantra,2022,43978,700,Vencido,0,0
P00000958,2023-03-18,2024-03-17,Responsabilidad civil,Mazda 3,2017,10246,500,Al día,1,0
P00000959,2022-07-31,2023-07-31,Cobertura de robo,Nissan Sentra,2013,18288,700,Vencido,0,0
P00000960,2023-12-14,2024-12-13,Cobertura total,Hyundai Elantra,2021,17737,700,Al día,0,1
P00000961,2022-06-16,2023-06-16,Cobertura de colisión,Toyota Corolla,2016,14239,500,Vencido,1,1
P00000962,2022-02-17,2023-02-17,Cobertura de robo,Toyota Corolla,2012,10662,600,Al día,1,1
P00000963,2022-10-23,2023-10-23,Cobertura total,Toyota Corolla,2014,44067,500,Al día,1,0
P00000964,2021-07-14,2022-07-14,Cobertura amplia,Toyota Corolla,2018,34211,500,Vencido,1,0
P00000965,2021-02-01,2022-02-01,Cobertura amplia,Kia Forte,2018,40312,500,Al día,0,0
P00000966,2020-06-10,2021-06-10,Cobertura de colisión,Ford Focus,2015,45183,700,Al día,0,0
P00000967,2023-06-19,2024-06-18,Cobertura amplia,Toyota Corolla,2019,16085,600,Al día,0,1
P00000968,2024-12-10,2025-12-10,Cobertura de robo,Toyota Corolla,2016,49579,700,Al día,1,0
P00000969,2020-05-16,2021-05-16,Cobertura amplia,Chevrolet Cruze,2021,26297,500,Vencido,1,1
P00000970,2024-02-03,2025-02-02,Responsabilidad civil,Toyota Corolla,2021,10854,600,Vencido,1,1
P00000971,2021-06-22,2022-06-22,Cobertura de robo,Honda Civic,2011,44845,600,Al día,1,1
P00000972,2021-01-04,2022-01-04,Cobertura de robo,Honda Civic,2011,24598,500,Al día,0,0
P00000973,2023-04-23,2024-04-22,Cobertura total,Nissan Sentra,2013,37810,500,Vencido,0,1
P00000974,2023-08-31,2024-08-30,Cobertura de colisión,Toyota Corolla,2020,10684,700,Vencido,1,0
P00000975,2024-08-28,2025-08-28,Cobertura total,Kia Forte,2012,46689,600,Vencido,0,1
P00000976,2021-12-20,2022-12-20,Cobertura total,Kia Forte,2014,23628,500,Al día,1,0
P00000977,2022-04-02,2023-04-02,Cobertura total,Chevrolet Cruze,2020,10137,600,Al día,1,1
P00000978,2021-06-25,2022-06-25,Responsabilidad civil,Honda Civic,2022,13269,600,Al día,0,1
P00000979,2024-02-07,2025-02-06,Cobertura amplia,Honda Civic,2012,22430,500,Al día,1,0
P00000980,2025-12-14,2026-12-14,Responsabilidad civil,Hyundai Elantra,2015,44055,500,Al día,1,0
P00000981,2025-08-17,2026-08-17,Cobertura amplia,Ford Focus,2021,25218,700,Vencido,0,1
P00000982,2023-01-21,2024-01-21,Cobertura de robo,Honda Civic,2020,36773,700,Vencido,1,0
P00000983,2021-11-04,2022-11-04,Cobertura amplia,Volkswagen Jetta,2018,13641,700,Vencido,0,1
P00000984,2022-11-18,2023-11-18,Cobertura amplia,Hyundai Elantra,2021,32045,500,Al día,0,1
P00000985,2025-05-27,2026-05-27,Responsabilidad civil,Volkswagen Jetta,2021,21537,700,Al día,1,0
P00000986,2023-04-23,2024-04-22,Cobertura de robo,Honda Civic,2022,42878,600,Al día,1,0
P00000987,2023-10-19,2024-10-18,Responsabilidad civil,Mazda 3,2017,10172,600,Al día,0,0
P00000988,2021-04-16,2022-04-16,Cobertura de robo,Toyota Corolla,2013,31857,700,Al día,0,1
P00000989,2025-04-02,2026-04-02,Cobertura amplia,Honda Civic,2013,24962,700,Al día,0,0
P00000990,2020-11-04,2021-11-04,Cobertura de colisión,Chevrolet Cruze,2017,23640,600,Vencido,0,0
P00000991,2021-07-30,2022-07-30,Cobertura de robo,Chevrolet Cruze,2021,38058,600,Al día,1,0
P00000992,2022-07-13,2023-07-13,Responsabilidad civil,Kia Forte,2019,40279,600,Vencido,1,1
P00000993,2024-06-15,2025-06-15,Cobertura total,Volkswagen Jetta,2012,13283,700,Al día,1,1
P00000994,2024-02-07,2025-02-06,Responsabilidad civil,Kia Forte,2021,30833,500,Vencido,1,1
P00000995,2021-01-04,2022-01-04,Cobertura de robo,Kia Forte,2016,18829,500,Al día,0,0
P00000996,2024-06-04,2025-06-04,Responsabilidad civil,Toyota Corolla,2011,47206,500,Al día,1,1
P00000997,2020-02-27,2021-02-26,Cobertura de colisión,Honda Civic,2021,45563,500,Al día,1,0
P00000998,2022-12-19,2023-12-19,Cobertura de robo,Mazda 3,2013,35168,700,Vencido,1,0
P00000999,2021-05-21,2022-05-21,Responsabilidad civil,Ford Focus,2014,28608,600,Vencido,0,1
P000001000,2025-02-05,2026-02-05,Responsabilidad civil,Honda Civic,2022,27815,700,Vencido,0,0
P000001001,2024-02-18,2025-02-17,Cobertura de colisión,Nissan Sentra,2013,24956,600,Vencido,1,1
P000001002,2022-12-09,2023-12-09,Cobertura total,Hyundai Elantra,2021,25894,500,Al día,1,0
P000001003,2024-04-09,2025-04-09,Cobertura amplia,Subaru Impreza,2014,16866,700,Al día,1,0
P000001004,2024-03-01,2025-03-01,Cobertura de robo,Toyota Corolla,2012,33499,500,Al día,0,0
P000001005,2021-03-19,2022-03-19,Cobertura de colisión,Kia Forte,2018,29346,500,Al día,1,1
P000001006,2022-08-15,2023-08-15,Cobertura de colisión,Chevrolet Cruze,2018,49462,700,Vencido,0,0
P000001007,2025-04-15,2026-04-15,Cobertura de robo,Nissan Sentra,2020,25932,500,Vencido,0,1
P000001008,2020-04-12,2021-04-12,Cobertura amplia,Honda Civic,2014,19225,600,Vencido,1,1
P000001009,2023-09-05,2024-09-04,Cobertura de robo,Toyota Corolla,2020,24069,700,Al día,1,0
P000001010,2022-06-25,2023-06-25,Cobertura total,Ford Focus,2017,48556,700,Vencido,0,0
P000001011,2020-09-15,2021-09-15,Cobertura de colisión,Honda Civic,2011,19970,500,Al día,0,0
P000001012,2025-03-16,2026-03-16,Responsabilidad civil,Volkswagen Jetta,2021,22054,600,Vencido,0,0
P000001013,2023-05-22,2024-05-21,Cobertura total,Ford Focus,2016,10296,700,Al día,0,1
P000001014,2024-07-30,2025-07-30,Cobertura de colisión,Nissan Sentra,2019,33879,600,Al día,0,0
P000001015,2021-04-22,2022-04-22,Cobertura total,Honda Civic,2021,18961,500,Vencido,0,0
P000001016,2021-07-26,2022-07-26,Responsabilidad civil,Nissan Sentra,2013,31116,700,Vencido,1,1
P000001017,2020-07-04,2021-07-04,Responsabilidad civil,Hyundai Elantra,2014,34459,500,Al día,1,0
P000001018,2020-06-01,2021-06-01,Cobertura de robo,Chevrolet Cruze,2011,21721,500,Al día,0,1
P000001019,2023-05-31,2024-05-30,Cobertura de colisión,Mazda 3,2014,18308,700,Vencido,0,0
P000001020,2025-07-10,2026-07-10,Cobertura de colisión,Ford Focus,2012,35383,700,Al día,0,0
P000001021,2021-04-20,2022-04-20,Cobertura total,Honda Civic,2015,24964,600,Al día,0,0
P000001022,2021-02-02,2022-02-02,Cobertura de colisión,Chevrolet Cruze,2022,19857,500,Al día,0,0
P000001023,2022-08-19,2023-08-19,Cobertura amplia,Volkswagen Jetta,2020,20356,500,Vencido,1,0
P000001024,2021-07-09,2022-07-09,Responsabilidad civil,Mazda 3,2012,17359,500,Vencido,1,1
P000001025,2024-05-10,2025-05-10,Cobertura de colisión,Volkswagen Jetta,2016,11381,700,Vencido,0,0
P000001026,2025-02-01,2026-02-01,Cobertura amplia,Toyota Corolla,2022,26576,700,Al día,1,0
P000001027,2024-02-28,2025-02-27,Cobertura amplia,Toyota Corolla,2015,25342,500,Vencido,0,1
P000001028,2024-09-12,2025-09-12,Cobertura de colisión,Chevrolet Cruze,2021,43215,700,Al día,0,0
P000001029,2021-09-24,2022-09-24,Cobertura de robo,Volkswagen Jetta,2021,46698,600,Al día,0,0
P000001030,2024-08-26,2025-08-26,Responsabilidad civil,Hyundai Elantra,2020,23132,500,Vencido,0,0
P000001031,2021-02-09,2022-02-09,Cobertura amplia,Hyundai Elantra,2021,22566,700,Al día,0,1
P000001032,2025-06-27,2026-06-27,Responsabilidad civil,Hyundai Elantra,2011,36776,500,Vencido,0,0
P000001033,2024-07-29,2025-07-29,Responsabilidad civil,Chevrolet Cruze,2020,19603,600,Vencido,0,0
P000001034,2023-02-19,2024-02-19,Cobertura total,Chevrolet Cruze,2012,26415,700,Vencido,1,0
P000001035,2020-05-14,2021-05-14,Cobertura total,Toyota Corolla,2013,24036,500,Al día,0,0
P000001036,2024-02-26,2025-02-25,Responsabilidad civil,Mazda 3,2010,24994,700,Vencido,0,1
P000001037,2022-06-08,2023-06-08,Cobertura total,Toyota Corolla,2016,25013,600,Vencido,1,1
P000001038,2024-12-21,2025-12-21,Responsabilidad civil,Kia Forte,2018,36149,700,Al día,1,1
P000001039,2024-12-26,2025-12-26,Cobertura de robo,Honda Civic,2012,38240,600,Al día,0,0
P000001040,2022-08-25,2023-08-25,Cobertura amplia,Honda Civic,2012,26148,700,Al día,0,0
P000001041,2024-01-25,2025-01-24,Cobertura amplia,Ford Focus,2010,49402,700,Vencido,0,1
P000001042,2021-02-10,2022-02-10,Cobertura de colisión,Toyota Corolla,2012,24603,500,Al día,0,1
P000001043,2024-02-13,2025-02-12,Responsabilidad civil,Toyota Corolla,2012,17050,700,Al día,0,0
P000001044,2024-01-09,2025-01-08,Cobertura de colisión,Volkswagen Jetta,2013,23859,500,Vencido,1,1
P000001045,2020-09-05,2021-09-05,Cobertura de colisión,Hyundai Elantra,2019,45691,700,Vencido,1,0
P000001046,2024-06-18,2025-06-18,Responsabilidad civil,Toyota Corolla,2018,18629,600,Vencido,1,1
P000001047,2023-02-04,2024-02-04,Cobertura total,Mazda 3,2013,46742,600,Al día,1,0
P000001048,2022-02-16,2023-02-16,Cobertura amplia,Honda Civic,2011,47695,500,Al día,0,1
P000001049,2021-05-15,2022-05-15,Cobertura de robo,Volkswagen Jetta,2022,27397,700,Vencido,0,1
P000001050,2025-02-05,2026-02-05,Responsabilidad civil,Chevrolet Cruze,2017,17935,600,Al día,1,1
P000001051,2021-01-10,2022-01-10,Cobertura de colisión,Honda Civic,2015,19498,600,Al día,1,1
P000001052,2022-05-18,2023-05-18,Responsabilidad civil,Toyota Corolla,2013,48588,600,Vencido,0,0
P000001053,2020-03-28,2021-03-28,Cobertura de robo,Toyota Corolla,2011,16004,500,Vencido,0,1
P000001054,2020-07-26,2021-07-26,Responsabilidad civil,Hyundai Elantra,2021,16654,500,Vencido,1,1
P000001055,2023-09-28,2024-09-27,Cobertura total,Nissan Sentra,2016,31452,500,Vencido,0,0
P000001056,2022-09-24,2023-09-24,Cobertura amplia,Nissan Sentra,2014,20966,500,Al día,1,1
P000001057,2021-05-30,2022-05-30,Cobertura de colisión,Subaru Impreza,2021,35477,700,Vencido,1,0
P000001058,2022-04-20,2023-04-20,Cobertura de colisión,Toyota Corolla,2016,48553,700,Al día,0,1
P000001059,2020-10-08,2021-10-08,Cobertura de robo,Volkswagen Jetta,2022,17322,700,Vencido,0,1
P000001060,2022-04-28,2023-04-28,Responsabilidad civil,Ford Focus,2016,27168,700,Vencido,0,0
P000001061,2022-06-03,2023-06-03,Cobertura total,Volkswagen Jetta,2019,26442,600,Al día,1,0
P000001062,2022-08-12,2023-08-12,Cobertura de robo,Hyundai Elantra,2019,35759,500,Al día,0,1
P000001063,2023-09-07,2024-09-06,Cobertura de colisión,Volkswagen Jetta,2014,20757,500,Al día,0,1
P000001064,2021-08-27,2022-08-27,Cobertura total,Toyota Corolla,2010,34589,500,Al día,1,0
P000001065,2020-01-12,2021-01-11,Cobertura de robo,Ford Focus,2014,44880,700,Al día,0,1
P000001066,2023-02-09,2024-02-09,Responsabilidad civil,Hyundai Elantra,2014,43301,700,Al día,1,1
P000001067,2021-08-15,2022-08-15,Cobertura de robo,Chevrolet Cruze,2016,29244,600,Al día,1,0
P000001068,2021-06-16,2022-06-16,Cobertura de robo,Kia Forte,2016,42836,500,Al día,1,0
P000001069,2022-10-23,2023-10-23,Cobertura de robo,Subaru Impreza,2017,19379,500,Vencido,1,0
P000001070,2021-12-15,2022-12-15,Cobertura amplia,Chevrolet Cruze,2019,44617,500,Vencido,1,1
P000001071,2021-03-26,2022-03-26,Cobertura de colisión,Honda Civic,2018,10354,700,Vencido,0,0
P000001072,2020-04-15,2021-04-15,Cobertura de colisión,Ford Focus,2015,20774,600,Al día,1,0
P000001073,2021-06-23,2022-06-23,Cobertura de colisión,Nissan Sentra,2015,47875,600,Al día,0,1
P000001074,2020-03-01,2021-03-01,Cobertura amplia,Mazda 3,2020,36806,500,Al día,0,1
P000001075,2024-01-07,2025-01-06,Responsabilidad civil,Nissan Sentra,2021,26920,600,Vencido,0,1
P000001076,2022-09-01,2023-09-01,Cobertura amplia,Toyota Corolla,2012,18634,700,Al día,0,1
P000001077,2023-08-19,2024-08-18,Cobertura amplia,Ford Focus,2020,22064,500,Vencido,1,0
P000001078,2020-03-05,2021-03-05,Cobertura amplia,Kia Forte,2022,12829,600,Al día,0,1
P000001079,2021-12-14,2022-12-14,Responsabilidad civil,Nissan Sentra,2012,40897,700,Al día,0,1
P000001080,2022-12-22,2023-12-22,Cobertura de colisión,Kia Forte,2012,37942,700,Al día,1,1
P000001081,2020-08-02,2021-08-02,Responsabilidad civil,Volkswagen Jetta,2022,46284,500,Vencido,0,0
P000001082,2021-06-03,2022-06-03,Cobertura de robo,Ford Focus,2015,22747,500,Vencido,0,1
P000001083,2024-09-20,2025-09-20,Responsabilidad civil,Toyota Corolla,2019,20392,500,Vencido,1,0
P000001084,2025-11-24,2026-11-24,Cobertura total,Nissan Sentra,2019,16784,500,Al día,0,0
P000001085,2021-04-10,2022-04-10,Cobertura amplia,Chevrolet Cruze,2022,14211,700,Al día,0,1
P000001086,2020-09-17,2021-09-17,Cobertura amplia,Ford Focus,2021,43762,500,Al día,1,0
P000001087,2025-05-04,2026-05-04,Cobertura total,Toyota Corolla,2016,46060,600,Al día,0,1
P000001088,2025-01-10,2026-01-10,Cobertura total,Honda Civic,2011,17728,500,Vencido,0,0
P000001089,2024-01-22,2025-01-21,Cobertura de robo,Honda Civic,2018,39968,700,Vencido,0,1
P000001090,2025-10-03,2026-10-03,Cobertura total,Toyota Corolla,2015,46859,600,Vencido,0,1
P000001091,2021-03-22,2022-03-22,Responsabilidad civil,Ford Focus,2016,44463,700,Vencido,0,0
P000001092,2025-01-25,2026-01-25,Cobertura total,Nissan Sentra,2012,21087,600,Vencido,1,0
P000001093,2025-08-25,2026-08-25,Cobertura de colisión,Toyota Corolla,2011,33985,600,Al día,1,0
P000001094,2022-06-26,2023-06-26,Responsabilidad civil,Nissan Sentra,2012,47713,700,Al día,0,0
P000001095,2020-06-26,2021-06-26,Cobertura de robo,Ford Focus,2012,48494,500,Al día,0,1
P000001096,2025-11-05,2026-11-05,Cobertura de colisión,Ford Focus,2012,35628,600,Vencido,0,0
P000001097,2023-05-20,2024-05-19,Cobertura de colisión,Volkswagen Jetta,2014,17911,700,Al día,1,0
P000001098,2025-02-19,2026-02-19,Cobertura total,Chevrolet Cruze,2019,16718,700,Al día,0,1
P000001099,2020-05-07,2021-05-07,Cobertura de robo,Ford Focus,2014,32779,700,Al día,0,1
P000001100,2020-09-06,2021-09-06,Cobertura de colisión,Subaru Impreza,2014,38753,600,Al día,0,0
P000001101,2025-05-15,2026-05-15,Cobertura amplia,Toyota Corolla,2013,14180,500,Al día,0,0
P000001102,2024-07-03,2025-07-03,Cobertura total,Ford Focus,2011,39722,500,Vencido,1,1
P000001103,2024-10-12,2025-10-12,Cobertura de colisión,Toyota Corolla,2022,22290,500,Al día,0,1
P000001104,2021-03-18,2022-03-18,Cobertura amplia,Volkswagen Jetta,2011,20384,500,Vencido,0,1
P000001105,2025-07-01,2026-07-01,Cobertura amplia,Kia Forte,2018,26732,500,Al día,0,0
P000001106,2024-12-21,2025-12-21,Cobertura amplia,Toyota Corolla,2019,45037,600,Vencido,1,0
P000001107,2020-10-28,2021-10-28,Cobertura total,Chevrolet Cruze,2012,49891,500,Al día,1,1
P000001108,2020-11-26,2021-11-26,Responsabilidad civil,Toyota Corolla,2017,21233,600,Vencido,1,1
P000001109,2023-08-12,2024-08-11,Responsabilidad civil,Toyota Corolla,2018,20897,700,Al día,0,1
P000001110,2021-08-30,2022-08-30,Cobertura de colisión,Nissan Sentra,2021,23118,700,Al día,0,0
P000001111,2020-09-26,2021-09-26,Cobertura de robo,Honda Civic,2018,15843,600,Al día,1,1
P000001112,2021-05-31,2022-05-31,Cobertura de colisión,Volkswagen Jetta,2014,34720,600,Vencido,0,0
P000001113,2023-01-31,2024-01-31,Cobertura de colisión,Ford Focus,2017,10644,700,Vencido,1,0
P000001114,2023-08-24,2024-08-23,Cobertura de robo,Honda Civic,2015,44541,600,Vencido,0,0
P000001115,2024-04-09,2025-04-09,Cobertura total,Toyota Corolla,2013,32140,700,Al día,1,0
P000001116,2025-12-13,2026-12-13,Cobertura de colisión,Ford Focus,2017,25772,600,Vencido,1,1
P000001117,2023-04-22,2024-04-21,Cobertura amplia,Kia Forte,2010,22515,500,Vencido,1,0
P000001118,2025-02-01,2026-02-01,Cobertura de colisión,Ford Focus,2014,44740,600,Vencido,1,0
P000001119,2025-09-01,2026-09-01,Cobertura total,Volkswagen Jetta,2022,15324,700,Al día,0,0
P000001120,2024-10-28,2025-10-28,Cobertura amplia,Chevrolet Cruze,2017,11639,500,Al día,1,0
P000001121,2021-02-10,2022-02-10,Cobertura de colisión,Mazda 3,2010,27497,500,Al día,1,0
P000001122,2021-04-13,2022-04-13,Responsabilidad civil,Subaru Impreza,2019,22869,500,Vencido,1,0
P000001123,2022-05-30,2023-05-30,Cobertura de robo,Nissan Sentra,2020,27939,500,Al día,0,1
P000001124,2024-10-27,2025-10-27,Cobertura total,Nissan Sentra,2013,33959,500,Al día,0,1
P000001125,2025-01-23,2026-01-23,Responsabilidad civil,Hyundai Elantra,2013,34946,700,Vencido,0,1
P000001126,2022-07-24,2023-07-24,Cobertura total,Mazda 3,2013,17271,500,Al día,0,0
P000001127,2024-08-21,2025-08-21,Cobertura amplia,Chevrolet Cruze,2014,38137,600,Vencido,0,0
P000001128,2023-10-20,2024-10-19,Cobertura total,Honda Civic,2021,46141,700,Vencido,1,1
P000001129,2025-01-31,2026-01-31,Cobertura de robo,Toyota Corolla,2022,13505,700,Vencido,1,1
P000001130,2024-06-21,2025-06-21,Cobertura de robo,Subaru Impreza,2020,19622,500,Al día,0,1
P000001131,2024-08-30,2025-08-30,Cobertura total,Toyota Corolla,2017,48143,700,Al día,1,1
P000001132,2021-01-24,2022-01-24,Cobertura amplia,Toyota Corolla,2013,41048,600,Al día,0,1
P000001133,2023-07-04,2024-07-03,Responsabilidad civil,Honda Civic,2010,25509,700,Al día,0,0
P000001134,2024-10-14,2025-10-14,Responsabilidad civil,Honda Civic,2019,23549,500,Vencido,0,0
P000001135,2023-07-04,2024-07-03,Cobertura de colisión,Ford Focus,2019,12027,500,Al día,0,1
P000001136,2022-11-10,2023-11-10,Cobertura total,Volkswagen Jetta,2015,49694,600,Al día,0,0
P000001137,2024-03-13,2025-03-13,Cobertura total,Honda Civic,2010,28476,500,Vencido,0,0
P000001138,2021-09-17,2022-09-17,Responsabilidad civil,Kia Forte,2019,45836,600,Vencido,0,1
P000001139,2025-04-26,2026-04-26,Responsabilidad civil,Toyota Corolla,2017,31949,600,Al día,1,1
P000001140,2020-10-01,2021-10-01,Cobertura de robo,Honda Civic,2012,13696,500,Vencido,1,1
P000001141,2021-01-08,2022-01-08,Cobertura amplia,Ford Focus,2018,39316,600,Vencido,0,0
P000001142,2020-12-15,2021-12-15,Responsabilidad civil,Volkswagen Jetta,2016,29862,700,Al día,0,1
P000001143,2021-01-16,2022-01-16,Cobertura de robo,Chevrolet Cruze,2018,17437,700,Al día,0,1
P000001144,2024-11-03,2025-11-03,Responsabilidad civil,Hyundai Elantra,2019,11660,600,Vencido,1,0
P000001145,2021-01-30,2022-01-30,Cobertura de colisión,Hyundai Elantra,2015,43355,700,Al día,0,0
P000001146,2024-03-06,2025-03-06,Cobertura amplia,Ford Focus,2019,43488,500,Al día,0,1
P000001147,2021-06-16,2022-06-16,Cobertura de robo,Honda Civic,2013,46908,500,Al día,0,0
P000001148,2020-09-02,2021-09-02,Cobertura de colisión,Honda Civic,2019,46950,500,Al día,1,0
P000001149,2023-09-12,2024-09-11,Cobertura de colisión,Ford Focus,2012,17947,500,Al día,0,1
P000001150,2021-05-15,2022-05-15,Responsabilidad civil,Chevrolet Cruze,2021,35206,600,Al día,1,0
P000001151,2024-08-09,2025-08-09,Cobertura de colisión,Nissan Sentra,2012,23926,700,Vencido,1,1
P000001152,2023-12-19,2024-12-18,Cobertura amplia,Volkswagen Jetta,2015,46469,500,Vencido,0,0
P000001153,2024-09-28,2025-09-28,Cobertura de robo,Honda Civic,2015,29538,500,Vencido,0,1
P000001154,2020-07-29,2021-07-29,Cobertura amplia,Volkswagen Jetta,2014,35268,600,Vencido,1,1
P000001155,2023-03-24,2024-03-23,Cobertura amplia,Chevrolet Cruze,2019,10896,600,Vencido,1,1
P000001156,2023-07-03,2024-07-02,Cobertura total,Honda Civic,2013,25519,500,Vencido,1,1
P000001157,2023-12-11,2024-12-10,Cobertura total,Volkswagen Jetta,2020,40403,600,Al día,0,1
P000001158,2021-02-28,2022-02-28,Cobertura de robo,Mazda 3,2012,13109,500,Al día,1,1
P000001159,2025-09-09,2026-09-09,Cobertura de colisión,Nissan Sentra,2012,46538,500,Vencido,0,0
P000001160,2022-05-21,2023-05-21,Responsabilidad civil,Volkswagen Jetta,2011,21894,500,Vencido,1,1
P000001161,2021-09-25,2022-09-25,Cobertura de robo,Nissan Sentra,2014,23583,700,Vencido,0,0
P000001162,2025-05-29,2026-05-29,Cobertura amplia,Honda Civic,2013,39177,700,Al día,1,0
P000001163,2022-07-07,2023-07-07,Cobertura amplia,Kia Forte,2012,28601,500,Al día,1,1
P000001164,2021-03-19,2022-03-19,Cobertura de colisión,Ford Focus,2017,44371,600,Al día,0,1
P000001165,2023-12-05,2024-12-04,Cobertura de robo,Hyundai Elantra,2016,29703,600,Al día,1,1
P000001166,2024-02-14,2025-02-13,Cobertura de colisión,Chevrolet Cruze,2015,19641,600,Al día,0,0
P000001167,2021-04-15,2022-04-15,Cobertura de robo,Honda Civic,2020,32833,600,Vencido,1,0
P000001168,2023-02-15,2024-02-15,Cobertura de colisión,Kia Forte,2013,32189,500,Vencido,0,1
P000001169,2022-07-15,2023-07-15,Cobertura amplia,Nissan Sentra,2013,22575,700,Al día,0,1
P000001170,2024-10-23,2025-10-23,Cobertura de robo,Chevrolet Cruze,2011,33074,500,Al día,1,1
P000001171,2020-04-17,2021-04-17,Cobertura de colisión,Nissan Sentra,2016,28263,500,Vencido,0,1
P000001172,2022-12-31,2023-12-31,Responsabilidad civil,Hyundai Elantra,2013,36415,600,Al día,0,1
P000001173,2020-04-28,2021-04-28,Cobertura total,Subaru Impreza,2020,39483,500,Vencido,1,0
P000001174,2022-01-08,2023-01-08,Cobertura amplia,Toyota Corolla,2011,22097,500,Al día,1,1
P000001175,2023-01-24,2024-01-24,Cobertura amplia,Ford Focus,2012,25055,500,Vencido,0,0
P000001176,2023-06-19,2024-06-18,Cobertura de robo,Mazda 3,2019,19968,500,Vencido,0,0
P000001177,2023-10-23,2024-10-22,Cobertura total,Volkswagen Jetta,2012,25427,500,Vencido,1,0
P000001178,2023-12-08,2024-12-07,Cobertura total,Hyundai Elantra,2021,29374,500,Vencido,1,1
P000001179,2020-01-26,2021-01-25,Cobertura amplia,Kia Forte,2019,14237,600,Vencido,0,0
P000001180,2022-01-13,2023-01-13,Responsabilidad civil,Ford Focus,2021,48177,700,Vencido,0,1
P000001181,2021-08-09,2022-08-09,Cobertura total,Nissan Sentra,2015,45441,700,Vencido,0,0
P000001182,2024-06-29,2025-06-29,Responsabilidad civil,Subaru Impreza,2022,49287,700,Vencido,1,0
P000001183,2020-10-12,2021-10-12,Cobertura de robo,Honda Civic,2015,39175,500,Vencido,1,1
P000001184,2021-08-04,2022-08-04,Cobertura de colisión,Chevrolet Cruze,2011,24917,600,Al día,1,1
P000001185,2020-05-05,2021-05-05,Responsabilidad civil,Kia Forte,2012,25778,500,Vencido,0,0
P000001186,2021-01-10,2022-01-10,Cobertura de robo,Chevrolet Cruze,2018,33995,500,Al día,0,0
P000001187,2025-12-12,2026-12-12,Responsabilidad civil,Chevrolet Cruze,2021,31041,500,Vencido,1,1
P000001188,2022-05-31,2023-05-31,Cobertura de colisión,Hyundai Elantra,2019,19512,700,Al día,0,1
P000001189,2024-03-20,2025-03-20,Cobertura de colisión,Honda Civic,2014,37786,700,Al día,1,1
P000001190,2024-09-15,2025-09-15,Cobertura de colisión,Chevrolet Cruze,2014,44398,600,Vencido,0,0
P000001191,2025-02-01,2026-02-01,Cobertura de colisión,Kia Forte,2011,40703,500,Vencido,1,1
P000001192,2023-10-28,2024-10-27,Cobertura amplia,Toyota Corolla,2013,37104,700,Al día,0,1
P000001193,2021-10-06,2022-10-06,Cobertura de robo,Kia Forte,2010,28897,500,Vencido,0,1
P000001194,2024-02-24,2025-02-23,Responsabilidad civil,Volkswagen Jetta,2022,43814,700,Vencido,0,0
P000001195,2023-06-30,2024-06-29,Cobertura total,Ford Focus,2019,34169,700,Al día,1,0
P000001196,2023-08-21,2024-08-20,Cobertura amplia,Toyota Corolla,2016,16449,600,Al día,1,1
P000001197,2020-12-13,2021-12-13,Cobertura amplia,Volkswagen Jetta,2010,22671,600,Vencido,0,0
P000001198,2020-08-03,2021-08-03,Cobertura de robo,Toyota Corolla,2012,13938,500,Vencido,0,1
P000001199,2021-09-29,2022-09-29,Cobertura amplia,Hyundai Elantra,2010,24934,500,Vencido,1,0
P000001200,2021-10-06,2022-10-06,Cobertura de robo,Honda Civic,2018,11595,600,Vencido,0,0
P000001201,2020-07-22,2021-07-22,Responsabilidad civil,Subaru Impreza,2011,33141,700,Al día,1,1
P000001202,2020-11-30,2021-11-30,Cobertura amplia,Volkswagen Jetta,2015,31612,700,Vencido,0,0
P000001203,2023-01-19,2024-01-19,Cobertura de robo,Toyota Corolla,2013,36866,700,Vencido,1,0
P000001204,2024-12-19,2025-12-19,Cobertura de robo,Ford Focus,2011,19446,500,Al día,0,0
P000001205,2024-10-02,2025-10-02,Responsabilidad civil,Nissan Sentra,2010,30395,500,Al día,1,0
P000001206,2025-06-12,2026-06-12,Cobertura amplia,Chevrolet Cruze,2010,40495,700,Al día,1,1
P000001207,2024-12-15,2025-12-15,Cobertura amplia,Chevrolet Cruze,2011,33130,700,Vencido,1,0
P000001208,2024-08-23,2025-08-23,Cobertura total,Volkswagen Jetta,2015,47021,500,Vencido,1,0
P000001209,2023-01-23,2024-01-23,Cobertura de colisión,Honda Civic,2017,18434,700,Al día,1,1
P000001210,2022-06-01,2023-06-01,Cobertura de colisión,Toyota Corolla,2014,32028,600,Al día,1,1
P000001211,2025-09-29,2026-09-29,Responsabilidad civil,Hyundai Elantra,2011,19154,600,Vencido,1,1
P000001212,2021-04-11,2022-04-11,Cobertura de robo,Volkswagen Jetta,2014,12037,500,Al día,1,0
P000001213,2023-11-14,2024-11-13,Responsabilidad civil,Kia Forte,2010,45875,700,Vencido,1,1
P000001214,2024-10-26,2025-10-26,Cobertura amplia,Chevrolet Cruze,2022,40784,500,Vencido,1,1
P000001215,2021-03-30,2022-03-30,Cobertura amplia,Hyundai Elantra,2022,30121,700,Vencido,1,0
P000001216,2023-03-06,2024-03-05,Cobertura de colisión,Toyota Corolla,2021,15216,700,Al día,1,0
P000001217,2025-06-16,2026-06-16,Responsabilidad civil,Hyundai Elantra,2021,25025,500,Vencido,0,0
P000001218,2025-11-28,2026-11-28,Cobertura amplia,Ford Focus,2011,39619,600,Al día,1,0
P000001219,2023-06-17,2024-06-16,Cobertura de robo,Volkswagen Jetta,2012,32521,600,Vencido,1,1
P000001220,2020-07-05,2021-07-05,Cobertura de robo,Toyota Corolla,2011,29108,700,Al día,1,0
P000001221,2022-06-22,2023-06-22,Cobertura de robo,Toyota Corolla,2018,20304,500,Vencido,1,0
P000001222,2024-06-06,2025-06-06,Cobertura de colisión,Toyota Corolla,2021,46381,700,Vencido,1,0
P000001223,2020-08-12,2021-08-12,Cobertura de robo,Nissan Sentra,2019,14619,600,Vencido,1,1
P000001224,2020-02-01,2021-01-31,Cobertura amplia,Toyota Corolla,2021,19289,600,Al día,0,1
P000001225,2022-04-17,2023-04-17,Cobertura de colisión,Chevrolet Cruze,2017,47124,500,Vencido,0,0
P000001226,2023-05-19,2024-05-18,Cobertura amplia,Honda Civic,2021,29343,700,Vencido,1,0
P000001227,2022-05-15,2023-05-15,Cobertura de colisión,Hyundai Elantra,2020,31858,600,Vencido,0,0
P000001228,2021-07-16,2022-07-16,Cobertura total,Hyundai Elantra,2017,35655,600,Al día,1,1
P000001229,2022-11-12,2023-11-12,Cobertura de colisión,Mazda 3,2011,28346,500,Vencido,0,0
P000001230,2023-03-31,2024-03-30,Cobertura total,Toyota Corolla,2014,18184,700,Vencido,1,1
P000001231,2023-09-05,2024-09-04,Cobertura de colisión,Chevrolet Cruze,2018,13640,600,Vencido,1,1
P000001232,2021-05-06,2022-05-06,Cobertura de colisión,Hyundai Elantra,2012,29283,600,Al día,0,0
P000001233,2020-02-01,2021-01-31,Cobertura de robo,Ford Focus,2019,35802,500,Vencido,1,0
P000001234,2025-07-30,2026-07-30,Cobertura total,Toyota Corolla,2012,38955,500,Al día,0,0
P000001235,2024-10-29,2025-10-29,Cobertura de robo,Nissan Sentra,2017,27601,700,Al día,1,1
P000001236,2021-12-20,2022-12-20,Cobertura de robo,Toyota Corolla,2020,21868,600,Vencido,1,0
P000001237,2021-06-13,2022-06-13,Cobertura amplia,Ford Focus,2022,24814,500,Al día,0,0
P000001238,2024-04-06,2025-04-06,Cobertura de colisión,Mazda 3,2019,40192,500,Vencido,0,0
P000001239,2025-12-21,2026-12-21,Cobertura de robo,Chevrolet Cruze,2017,16708,700,Al día,1,1
P000001240,2022-07-31,2023-07-31,Cobertura de colisión,Toyota Corolla,2021,13610,700,Al día,0,0
P000001241,2025-08-11,2026-08-11,Cobertura de colisión,Hyundai Elantra,2019,39862,700,Al día,1,1
P000001242,2023-12-21,2024-12-20,Responsabilidad civil,Honda Civic,2013,29809,600,Vencido,0,0
P000001243,2020-10-22,2021-10-22,Cobertura de robo,Toyota Corolla,2014,43300,600,Al día,1,0
P000001244,2024-06-14,2025-06-14,Responsabilidad civil,Toyota Corolla,2012,32970,700,Al día,0,0
P000001245,2020-06-22,2021-06-22,Cobertura amplia,Hyundai Elantra,2012,24131,500,Al día,0,1
P000001246,2024-11-21,2025-11-21,Cobertura de colisión,Mazda 3,2021,21363,500,Vencido,1,0
P000001247,2020-03-17,2021-03-17,Responsabilidad civil,Volkswagen Jetta,2020,10542,600,Al día,0,0
P000001248,2025-02-26,2026-02-26,Cobertura amplia,Hyundai Elantra,2017,43226,700,Al día,1,1
P000001249,2020-11-14,2021-11-14,Responsabilidad civil,Nissan Sentra,2020,15585,600,Al día,1,1
P000001250,2023-07-06,2024-07-05,Cobertura de robo,Chevrolet Cruze,2018,12037,600,Vencido,1,0
P000001251,2024-10-24,2025-10-24,Cobertura amplia,Toyota Corolla,2021,41216,500,Vencido,1,1
P000001252,2024-07-14,2025-07-14,Cobertura de colisión,Ford Focus,2020,12620,600,Al día,0,0
P000001253,2024-09-06,2025-09-06,Cobertura de colisión,Chevrolet Cruze,2016,34766,600,Al día,0,1
P000001254,2023-03-31,2024-03-30,Cobertura de colisión,Mazda 3,2019,21488,700,Al día,0,1
P000001255,2021-04-16,2022-04-16,Cobertura de robo,Hyundai Elantra,2020,10922,500,Vencido,0,1
P000001256,2024-07-17,2025-07-17,Cobertura de colisión,Chevrolet Cruze,2019,37114,700,Vencido,1,1
P000001257,2020-03-26,2021-03-26,Cobertura amplia,Honda Civic,2018,39596,600,Vencido,0,1
P000001258,2023-08-23,2024-08-22,Cobertura de robo,Subaru Impreza,2012,28425,500,Al día,1,0
P000001259,2021-12-04,2022-12-04,Cobertura de colisión,Ford Focus,2018,32603,700,Vencido,1,1
P000001260,2025-02-27,2026-02-27,Responsabilidad civil,Toyota Corolla,2011,31188,500,Vencido,0,0
P000001261,2024-01-22,2025-01-21,Cobertura total,Nissan Sentra,2010,18583,600,Vencido,0,0
P000001262,2020-12-26,2021-12-26,Cobertura amplia,Toyota Corolla,2021,10095,500,Vencido,0,1
P000001263,2024-11-23,2025-11-23,Responsabilidad civil,Subaru Impreza,2015,49298,600,Al día,0,0
P000001264,2021-03-09,2022-03-09,Responsabilidad civil,Toyota Corolla,2019,26627,600,Vencido,1,1
P000001265,2022-09-23,2023-09-23,Cobertura amplia,Volkswagen Jetta,2018,17230,600,Vencido,1,0
P000001266,2024-11-19,2025-11-19,Cobertura de robo,Toyota Corolla,2015,23576,600,Al día,1,0
P000001267,2024-06-28,2025-06-28,Cobertura total,Ford Focus,2014,15522,500,Al día,1,1
P000001268,2025-11-16,2026-11-16,Cobertura de colisión,Honda Civic,2020,11752,500,Al día,1,0
P000001269,2020-11-18,2021-11-18,Cobertura amplia,Hyundai Elantra,2019,13405,600,Al día,1,1
P000001270,2024-06-09,2025-06-09,Cobertura de robo,Honda Civic,2022,18278,600,Vencido,1,1
P000001271,2023-06-24,2024-06-23,Cobertura de colisión,Honda Civic,2011,28974,600,Vencido,0,0
P000001272,2023-10-22,2024-10-21,Cobertura amplia,Volkswagen Jetta,2019,48110,600,Al día,1,0
P000001273,2022-06-26,2023-06-26,Cobertura de robo,Subaru Impreza,2019,44961,500,Al día,1,0
P000001274,2023-09-26,2024-09-25,Cobertura amplia,Hyundai Elantra,2015,32580,500,Vencido,0,0
P000001275,2021-11-19,2022-11-19,Cobertura de robo,Chevrolet Cruze,2012,29794,600,Al día,0,0
P000001276,2020-11-08,2021-11-08,Cobertura de colisión,Ford Focus,2019,47846,600,Vencido,1,1
P000001277,2025-09-21,2026-09-21,Cobertura total,Subaru Impreza,2014,26009,700,Vencido,1,1
P000001278,2021-04-12,2022-04-12,Cobertura de robo,Ford Focus,2022,48705,500,Vencido,0,0
P000001279,2025-12-13,2026-12-13,Cobertura de robo,Ford Focus,2018,29494,600,Al día,0,1
P000001280,2025-09-19,2026-09-19,Cobertura amplia,Kia Forte,2015,31962,500,Al día,0,1
P000001281,2022-03-05,2023-03-05,Cobertura total,Subaru Impreza,2022,25529,700,Al día,0,0
P000001282,2023-12-02,2024-12-01,Responsabilidad civil,Ford Focus,2019,33996,500,Vencido,1,1
P000001283,2023-12-09,2024-12-08,Cobertura amplia,Toyota Corolla,2011,25562,700,Al día,1,0
P000001284,2021-08-27,2022-08-27,Cobertura de colisión,Ford Focus,2016,23918,600,Al día,1,1
P000001285,2022-08-25,2023-08-25,Cobertura amplia,Chevrolet Cruze,2014,37218,600,Vencido,1,1
P000001286,2021-02-25,2022-02-25,Cobertura amplia,Chevrolet Cruze,2013,47773,600,Al día,1,1
P000001287,2021-08-22,2022-08-22,Cobertura de robo,Hyundai Elantra,2018,36873,700,Vencido,0,1
P000001288,2022-11-14,2023-11-14,Cobertura de colisión,Toyota Corolla,2016,14447,500,Al día,0,1
P000001289,2022-03-19,2023-03-19,Cobertura total,Toyota Corolla,2017,23387,700,Al día,0,0
P000001290,2021-12-11,2022-12-11,Cobertura amplia,Nissan Sentra,2014,48339,500,Vencido,1,0
P000001291,2021-09-18,2022-09-18,Cobertura amplia,Toyota Corolla,2015,45590,700,Vencido,1,0
P000001292,2020-11-04,2021-11-04,Cobertura de colisión,Toyota Corolla,2017,45707,500,Al día,0,0
P000001293,2021-12-26,2022-12-26,Cobertura amplia,Nissan Sentra,2014,22975,700,Al día,0,0
P000001294,2025-07-16,2026-07-16,Cobertura total,Chevrolet Cruze,2017,31243,500,Vencido,1,0
P000001295,2025-03-15,2026-03-15,Cobertura de colisión,Volkswagen Jetta,2016,33911,600,Vencido,1,1
P000001296,2025-01-12,2026-01-12,Cobertura de colisión,Chevrolet Cruze,2018,43905,600,Al día,0,0
P000001297,2023-08-16,2024-08-15,Responsabilidad civil,Toyota Corolla,2012,26690,700,Vencido,1,1
P000001298,2023-07-18,2024-07-17,Cobertura amplia,Subaru Impreza,2011,32456,500,Al día,1,0
P000001299,2021-09-10,2022-09-10,Cobertura amplia,Hyundai Elantra,2011,23135,500,Vencido,1,0
P000001300,2024-12-06,2025-12-06,Cobertura de robo,Ford Focus,2015,27858,500,Al día,0,0
P000001301,2020-10-06,2021-10-06,Cobertura de robo,Toyota Corolla,2020,18510,600,Al día,1,0
P000001302,2025-04-04,2026-04-04,Cobertura de colisión,Ford Focus,2015,32862,700,Al día,1,1
P000001303,2024-12-16,2025-12-16,Responsabilidad civil,Chevrolet Cruze,2020,33489,600,Al día,0,1
P000001304,2023-05-25,2024-05-24,Cobertura amplia,Ford Focus,2011,17936,600,Vencido,0,1
P000001305,2023-01-30,2024-01-30,Cobertura total,Hyundai Elantra,2014,29787,700,Vencido,0,1
P000001306,2020-08-18,2021-08-18,Cobertura de robo,Kia Forte,2012,48265,600,Vencido,1,1
P000001307,2023-12-12,2024-12-11,Cobertura total,Chevrolet Cruze,2012,24669,500,Al día,1,1
P000001308,2025-09-09,2026-09-09,Cobertura de robo,Mazda 3,2011,31156,500,Vencido,1,1
P000001309,2020-10-30,2021-10-30,Cobertura total,Hyundai Elantra,2015,35725,600,Al día,0,1
P000001310,2023-06-25,2024-06-24,Cobertura total,Nissan Sentra,2013,38290,500,Vencido,0,1
P000001311,2025-03-06,2026-03-06,Cobertura de robo,Toyota Corolla,2021,20285,700,Vencido,1,1
P000001312,2025-01-25,2026-01-25,Cobertura amplia,Honda Civic,2015,21390,500,Al día,0,1
P000001313,2020-06-03,2021-06-03,Cobertura total,Nissan Sentra,2015,29982,600,Al día,1,1
P000001314,2020-08-21,2021-08-21,Cobertura amplia,Toyota Corolla,2014,23755,500,Al día,1,1
P000001315,2024-02-19,2025-02-18,Cobertura de robo,Hyundai Elantra,2010,34957,700,Vencido,1,0
P000001316,2023-03-21,2024-03-20,Cobertura de colisión,Ford Focus,2022,17126,600,Al día,0,1
P000001317,2020-11-10,2021-11-10,Cobertura amplia,Kia Forte,2020,46024,500,Vencido,1,1
P000001318,2021-01-04,2022-01-04,Cobertura amplia,Nissan Sentra,2011,47951,600,Al día,0,1
P000001319,2025-09-07,2026-09-07,Cobertura de colisión,Toyota Corolla,2022,18690,500,Al día,1,1
P000001320,2024-04-23,2025-04-23,Cobertura de colisión,Chevrolet Cruze,2020,45780,600,Vencido,1,1
P000001321,2025-03-10,2026-03-10,Cobertura de colisión,Nissan Sentra,2018,12954,500,Al día,1,0
P000001322,2020-06-17,2021-06-17,Cobertura de colisión,Volkswagen Jetta,2013,28054,500,Vencido,0,0
P000001323,2025-01-16,2026-01-16,Cobertura total,Toyota Corolla,2018,26658,700,Vencido,0,0
P000001324,2022-02-10,2023-02-10,Cobertura de colisión,Honda Civic,2021,32165,700,Al día,0,1
P000001325,2023-08-09,2024-08-08,Cobertura amplia,Honda Civic,2015,28015,500,Vencido,1,1
P000001326,2025-05-02,2026-05-02,Cobertura amplia,Mazda 3,2014,33814,700,Vencido,0,0
P000001327,2025-08-15,2026-08-15,Responsabilidad civil,Honda Civic,2014,13234,700,Al día,0,1
P000001328,2021-09-09,2022-09-09,Cobertura de colisión,Nissan Sentra,2013,39485,600,Vencido,0,0
P000001329,2020-09-10,2021-09-10,Cobertura de colisión,Toyota Corolla,2020,49762,500,Al día,1,1
P000001330,2025-01-19,2026-01-19,Responsabilidad civil,Ford Focus,2021,40314,700,Vencido,1,1
P000001331,2021-02-27,2022-02-27,Responsabilidad civil,Toyota Corolla,2019,29323,600,Al día,0,1
P000001332,2023-11-07,2024-11-06,Cobertura de colisión,Ford Focus,2011,35248,700,Vencido,0,1
P000001333,2020-12-11,2021-12-11,Cobertura amplia,Chevrolet Cruze,2014,30363,700,Vencido,1,1
P000001334,2025-08-28,2026-08-28,Cobertura amplia,Kia Forte,2015,27193,500,Al día,1,0
P000001335,2021-12-07,2022-12-07,Cobertura total,Kia Forte,2020,39139,500,Vencido,1,1
P000001336,2020-06-09,2021-06-09,Cobertura de colisión,Ford Focus,2015,41800,700,Vencido,1,0
P000001337,2022-10-11,2023-10-11,Responsabilidad civil,Ford Focus,2018,10026,700,Al día,0,0
P000001338,2024-11-28,2025-11-28,Cobertura amplia,Toyota Corolla,2020,39971,500,Vencido,1,1
P000001339,2024-12-04,2025-12-04,Cobertura de robo,Honda Civic,2021,45143,500,Vencido,1,0
P000001340,2025-11-16,2026-11-16,Cobertura amplia,Volkswagen Jetta,2019,44199,600,Al día,1,1
P000001341,2025-11-11,2026-11-11,Cobertura de colisión,Volkswagen Jetta,2021,23222,700,Vencido,0,1
P000001342,2021-10-12,2022-10-12,Cobertura total,Chevrolet Cruze,2017,43490,700,Vencido,0,0
P000001343,2024-01-30,2025-01-29,Cobertura amplia,Honda Civic,2020,44837,600,Al día,1,0
P000001344,2024-03-07,2025-03-07,Responsabilidad civil,Volkswagen Jetta,2019,18481,700,Al día,0,1
P000001345,2023-03-04,2024-03-03,Cobertura de robo,Toyota Corolla,2010,14348,700,Vencido,1,1
P000001346,2024-05-05,2025-05-05,Cobertura de robo,Hyundai Elantra,2017,36738,700,Al día,0,1
P000001347,2024-08-01,2025-08-01,Cobertura amplia,Honda Civic,2012,45796,700,Vencido,0,1
P000001348,2023-10-17,2024-10-16,Cobertura de robo,Mazda 3,2013,20241,600,Al día,0,0
P000001349,2020-08-02,2021-08-02,Cobertura amplia,Nissan Sentra,2017,29656,500,Vencido,0,1
P000001350,2023-10-02,2024-10-01,Cobertura de robo,Toyota Corolla,2018,44447,700,Vencido,1,1
P000001351,2020-09-26,2021-09-26,Cobertura de colisión,Kia Forte,2019,36807,500,Al día,0,1
P000001352,2023-09-12,2024-09-11,Cobertura total,Volkswagen Jetta,2011,20818,700,Vencido,1,0
P000001353,2021-01-22,2022-01-22,Responsabilidad civil,Hyundai Elantra,2015,38858,600,Vencido,1,0
P000001354,2024-05-02,2025-05-02,Responsabilidad civil,Ford Focus,2019,30217,500,Vencido,1,1
P000001355,2023-03-09,2024-03-08,Responsabilidad civil,Honda Civic,2022,36245,500,Vencido,0,0
P000001356,2022-10-29,2023-10-29,Cobertura total,Honda Civic,2016,30469,600,Al día,0,0
P000001357,2021-09-07,2022-09-07,Cobertura total,Volkswagen Jetta,2014,26479,500,Vencido,1,0
P000001358,2023-09-27,2024-09-26,Cobertura de robo,Chevrolet Cruze,2012,35489,600,Al día,0,1
P000001359,2020-11-29,2021-11-29,Cobertura total,Toyota Corolla,2015,18082,700,Al día,0,1
P000001360,2021-08-02,2022-08-02,Cobertura de colisión,Honda Civic,2016,24773,500,Al día,0,0
P000001361,2023-12-03,2024-12-02,Cobertura amplia,Volkswagen Jetta,2021,47911,500,Al día,0,1
P000001362,2023-06-24,2024-06-23,Cobertura amplia,Toyota Corolla,2013,36487,600,Al día,0,1
P000001363,2024-05-24,2025-05-24,Cobertura de colisión,Honda Civic,2017,35278,600,Vencido,0,0
P000001364,2021-06-12,2022-06-12,Cobertura total,Kia Forte,2012,17331,500,Al día,0,1
P000001365,2020-12-13,2021-12-13,Cobertura total,Nissan Sentra,2019,34314,600,Vencido,0,0
P000001366,2023-06-22,2024-06-21,Cobertura amplia,Ford Focus,2011,32921,700,Al día,1,1
P000001367,2024-03-22,2025-03-22,Cobertura amplia,Honda Civic,2011,29839,600,Al día,0,0
P000001368,2023-09-07,2024-09-06,Responsabilidad civil,Toyota Corolla,2021,27173,500,Al día,1,0
P000001369,2021-06-07,2022-06-07,Cobertura total,Honda Civic,2020,46226,700,Al día,0,1
P000001370,2025-11-26,2026-11-26,Responsabilidad civil,Hyundai Elantra,2016,41856,500,Al día,0,0
P000001371,2021-01-17,2022-01-17,Cobertura de robo,Mazda 3,2022,42677,700,Al día,1,1
P000001372,2024-09-30,2025-09-30,Cobertura total,Honda Civic,2011,13999,500,Vencido,1,1
P000001373,2025-09-13,2026-09-13,Cobertura de robo,Honda Civic,2010,22329,600,Vencido,0,0
P000001374,2024-01-22,2025-01-21,Cobertura de robo,Toyota Corolla,2014,22477,600,Al día,1,0
P000001375,2020-03-15,2021-03-15,Cobertura de colisión,Honda Civic,2017,21704,600,Vencido,1,1
P000001376,2024-01-25,2025-01-24,Responsabilidad civil,Chevrolet Cruze,2013,34290,700,Al día,0,0
P000001377,2023-06-19,2024-06-18,Cobertura de robo,Volkswagen Jetta,2014,48446,500,Vencido,0,0
P000001378,2022-01-08,2023-01-08,Responsabilidad civil,Kia Forte,2016,48496,600,Vencido,1,0
P000001379,2022-05-27,2023-05-27,Responsabilidad civil,Kia Forte,2012,27190,600,Vencido,1,1
P000001380,2023-10-31,2024-10-30,Cobertura total,Toyota Corolla,2014,10120,600,Vencido,1,1
P000001381,2025-06-14,2026-06-14,Cobertura de colisión,Nissan Sentra,2013,39280,500,Al día,0,1
P000001382,2022-02-25,2023-02-25,Cobertura de robo,Volkswagen Jetta,2016,21397,700,Al día,0,0
P000001383,2022-07-16,2023-07-16,Cobertura de robo,Honda Civic,2022,22487,700,Al día,0,1
P000001384,2021-07-17,2022-07-17,Cobertura total,Ford Focus,2022,46548,600,Al día,0,0
P000001385,2021-09-26,2022-09-26,Cobertura de robo,Toyota Corolla,2015,42833,600,Al día,1,0
P000001386,2020-11-12,2021-11-12,Cobertura de robo,Subaru Impreza,2013,31485,600,Al día,1,0
P000001387,2023-04-26,2024-04-25,Cobertura de colisión,Chevrolet Cruze,2015,33573,600,Vencido,0,1
P000001388,2021-02-18,2022-02-18,Cobertura total,Subaru Impreza,2018,49613,700,Al día,1,1
P000001389,2025-09-10,2026-09-10,Cobertura de colisión,Honda Civic,2018,22648,700,Al día,1,1
P000001390,2025-11-26,2026-11-26,Cobertura total,Ford Focus,2010,24191,500,Al día,0,1
P000001391,2020-06-03,2021-06-03,Cobertura amplia,Kia Forte,2017,19211,500,Vencido,0,0
P000001392,2023-10-11,2024-10-10,Cobertura amplia,Toyota Corolla,2015,36906,500,Al día,1,0
P000001393,2021-06-20,2022-06-20,Responsabilidad civil,Mazda 3,2012,17953,600,Al día,1,0
P000001394,2024-03-23,2025-03-23,Cobertura total,Mazda 3,2019,27355,600,Al día,1,1
P000001395,2021-09-23,2022-09-23,Cobertura de colisión,Ford Focus,2011,34527,600,Vencido,1,1
P000001396,2021-10-26,2022-10-26,Cobertura amplia,Chevrolet Cruze,2019,27523,600,Al día,1,0
P000001397,2022-01-10,2023-01-10,Cobertura de robo,Nissan Sentra,2017,24340,600,Vencido,0,1
P000001398,2021-11-09,2022-11-09,Cobertura total,Toyota Corolla,2018,11489,500,Al día,0,1
P000001399,2024-11-27,2025-11-27,Cobertura amplia,Toyota Corolla,2016,22279,700,Vencido,1,0
P000001400,2020-06-27,2021-06-27,Cobertura amplia,Honda Civic,2011,32489,500,Vencido,0,0
P000001401,2024-08-09,2025-08-09,Cobertura de robo,Chevrolet Cruze,2019,33965,700,Vencido,1,0
P000001402,2024-02-01,2025-01-31,Cobertura amplia,Honda Civic,2011,16152,700,Vencido,0,0
P000001403,2022-08-30,2023-08-30,Cobertura de colisión,Toyota Corolla,2010,20210,700,Vencido,1,1
P000001404,2024-12-24,2025-12-24,Cobertura total,Mazda 3,2013,42679,600,Vencido,0,0
P000001405,2023-03-13,2024-03-12,Cobertura total,Chevrolet Cruze,2010,37598,700,Vencido,1,0
P000001406,2025-01-12,2026-01-12,Responsabilidad civil,Toyota Corolla,2021,34995,700,Vencido,1,1
P000001407,2022-08-16,2023-08-16,Cobertura total,Honda Civic,2012,46165,600,Vencido,0,0
P000001408,2025-12-27,2026-12-27,Responsabilidad civil,Honda Civic,2015,19191,700,Al día,0,1
P000001409,2022-09-06,2023-09-06,Cobertura de robo,Toyota Corolla,2011,13654,700,Al día,0,1
P000001410,2023-06-21,2024-06-20,Responsabilidad civil,Ford Focus,2022,31268,600,Al día,1,1
P000001411,2025-04-05,2026-04-05,Responsabilidad civil,Hyundai Elantra,2015,43324,600,Al día,0,1
P000001412,2022-03-05,2023-03-05,Cobertura amplia,Ford Focus,2022,22646,700,Al día,0,1
P000001413,2024-02-15,2025-02-14,Cobertura amplia,Toyota Corolla,2014,43542,600,Al día,0,1
P000001414,2024-12-09,2025-12-09,Cobertura total,Volkswagen Jetta,2014,32728,700,Vencido,0,1
P000001415,2025-03-06,2026-03-06,Cobertura amplia,Honda Civic,2020,12072,600,Al día,0,0
P000001416,2023-02-28,2024-02-28,Cobertura de colisión,Nissan Sentra,2010,20310,700,Al día,1,1
P000001417,2024-04-13,2025-04-13,Cobertura de robo,Hyundai Elantra,2010,33862,600,Vencido,0,1
P000001418,2025-08-21,2026-08-21,Cobertura total,Honda Civic,2022,25208,600,Vencido,1,1
P000001419,2025-11-30,2026-11-30,Responsabilidad civil,Toyota Corolla,2010,37671,500,Al día,0,0
P000001420,2024-09-10,2025-09-10,Cobertura de colisión,Honda Civic,2011,18687,500,Al día,0,1
P000001421,2021-10-25,2022-10-25,Cobertura amplia,Ford Focus,2016,26284,500,Vencido,1,0
P000001422,2022-03-28,2023-03-28,Cobertura de colisión,Ford Focus,2010,21283,600,Al día,1,0
P000001423,2021-07-20,2022-07-20,Cobertura total,Toyota Corolla,2017,45522,600,Vencido,0,1
P000001424,2022-10-21,2023-10-21,Cobertura de colisión,Volkswagen Jetta,2020,21987,700,Vencido,1,0
P000001425,2020-08-01,2021-08-01,Cobertura de colisión,Ford Focus,2022,26574,500,Vencido,0,1
P000001426,2025-05-22,2026-05-22,Cobertura amplia,Hyundai Elantra,2012,28543,700,Al día,1,1
P000001427,2024-02-29,2025-02-28,Cobertura total,Honda Civic,2017,12906,700,Al día,0,0
P000001428,2021-02-24,2022-02-24,Cobertura amplia,Honda Civic,2021,24115,700,Vencido,1,0
P000001429,2025-10-14,2026-10-14,Cobertura de robo,Chevrolet Cruze,2013,21785,500,Vencido,0,1
P000001430,2021-05-25,2022-05-25,Cobertura de robo,Toyota Corolla,2011,13522,600,Vencido,0,1
P000001431,2023-03-13,2024-03-12,Cobertura amplia,Chevrolet Cruze,2015,14135,600,Vencido,0,0
P000001432,2020-12-09,2021-12-09,Responsabilidad civil,Subaru Impreza,2018,42271,500,Al día,1,0
P000001433,2021-10-18,2022-10-18,Cobertura total,Ford Focus,2015,26463,500,Vencido,0,0
P000001434,2023-01-22,2024-01-22,Cobertura de robo,Honda Civic,2022,20812,700,Vencido,1,1
P000001435,2025-01-14,2026-01-14,Responsabilidad civil,Volkswagen Jetta,2021,34144,500,Vencido,1,1
P000001436,2025-10-03,2026-10-03,Cobertura amplia,Toyota Corolla,2013,46488,500,Vencido,0,0
P000001437,2021-08-26,2022-08-26,Cobertura total,Chevrolet Cruze,2021,35324,500,Al día,0,0
P000001438,2024-11-26,2025-11-26,Cobertura amplia,Hyundai Elantra,2018,44268,600,Vencido,0,1
P000001439,2021-01-10,2022-01-10,Cobertura total,Honda Civic,2019,23050,700,Vencido,0,0
P000001440,2022-06-28,2023-06-28,Cobertura de colisión,Toyota Corolla,2013,44732,500,Vencido,0,1
P000001441,2025-01-21,2026-01-21,Cobertura amplia,Toyota Corolla,2018,42529,600,Vencido,1,1
P000001442,2023-12-02,2024-12-01,Cobertura de colisión,Nissan Sentra,2019,16688,600,Vencido,0,1
P000001443,2020-04-19,2021-04-19,Cobertura de colisión,Honda Civic,2012,37403,600,Al día,0,0
P000001444,2024-08-26,2025-08-26,Cobertura de robo,Mazda 3,2019,13647,700,Vencido,1,1
P000001445,2020-08-06,2021-08-06,Responsabilidad civil,Hyundai Elantra,2012,29575,700,Vencido,0,1
P000001446,2024-06-11,2025-06-11,Cobertura total,Kia Forte,2021,16956,700,Vencido,0,1
P000001447,2025-08-18,2026-08-18,Cobertura amplia,Kia Forte,2022,26270,700,Al día,1,0
P000001448,2024-03-11,2025-03-11,Cobertura de robo,Chevrolet Cruze,2014,36561,700,Vencido,0,1
P000001449,2022-08-23,2023-08-23,Cobertura de colisión,Toyota Corolla,2021,36288,500,Al día,0,1
P000001450,2024-04-30,2025-04-30,Cobertura de colisión,Mazda 3,2017,31089,500,Al día,0,0
P000001451,2020-11-30,2021-11-30,Responsabilidad civil,Ford Focus,2010,47619,500,Al día,1,0
P000001452,2024-03-15,2025-03-15,Cobertura amplia,Honda Civic,2022,12419,600,Vencido,0,0
P000001453,2022-07-08,2023-07-08,Responsabilidad civil,Toyota Corolla,2010,27780,600,Vencido,1,0
P000001454,2020-04-25,2021-04-25,Responsabilidad civil,Toyota Corolla,2014,20430,700,Vencido,1,1
P000001455,2023-07-29,2024-07-28,Responsabilidad civil,Chevrolet Cruze,2017,27215,600,Vencido,1,0
P000001456,2021-02-09,2022-02-09,Cobertura de colisión,Honda Civic,2010,44816,500,Vencido,1,0
P000001457,2023-10-05,2024-10-04,Cobertura total,Hyundai Elantra,2021,20314,700,Vencido,1,1
P000001458,2021-08-21,2022-08-21,Cobertura amplia,Toyota Corolla,2022,13261,600,Vencido,0,1
P000001459,2021-07-17,2022-07-17,Responsabilidad civil,Honda Civic,2021,43848,600,Al día,1,1
P000001460,2020-06-05,2021-06-05,Responsabilidad civil,Toyota Corolla,2014,33115,700,Vencido,0,0
P000001461,2023-03-21,2024-03-20,Responsabilidad civil,Chevrolet Cruze,2015,23674,500,Vencido,1,0
P000001462,2025-04-19,2026-04-19,Cobertura de robo,Subaru Impreza,2011,26540,600,Al día,0,0
P000001463,2021-07-22,2022-07-22,Cobertura de robo,Hyundai Elantra,2013,42027,600,Al día,1,0
P000001464,2025-04-05,2026-04-05,Responsabilidad civil,Toyota Corolla,2017,18179,700,Al día,0,0
P000001465,2025-01-11,2026-01-11,Responsabilidad civil,Ford Focus,2018,28440,500,Vencido,1,0
P000001466,2020-01-22,2021-01-21,Responsabilidad civil,Honda Civic,2014,41656,500,Al día,1,1
P000001467,2020-11-20,2021-11-20,Responsabilidad civil,Volkswagen Jetta,2017,44122,500,Vencido,0,1
P000001468,2020-03-18,2021-03-18,Cobertura de robo,Ford Focus,2021,36063,500,Vencido,0,0
P000001469,2022-11-14,2023-11-14,Cobertura de colisión,Toyota Corolla,2018,19958,600,Vencido,0,1
P000001470,2022-06-02,2023-06-02,Cobertura de robo,Honda Civic,2017,36995,500,Al día,0,1
P000001471,2021-09-04,2022-09-04,Cobertura de colisión,Toyota Corolla,2015,44593,600,Al día,0,0
P000001472,2025-12-01,2026-12-01,Cobertura de colisión,Chevrolet Cruze,2012,34803,700,Vencido,1,0
P000001473,2024-09-29,2025-09-29,Responsabilidad civil,Toyota Corolla,2019,31004,500,Vencido,1,0
P000001474,2021-03-31,2022-03-31,Cobertura amplia,Kia Forte,2016,17130,600,Al día,1,1
P000001475,2023-03-26,2024-03-25,Cobertura amplia,Nissan Sentra,2022,30638,700,Al día,0,0
P000001476,2022-08-31,2023-08-31,Cobertura de robo,Ford Focus,2012,20648,700,Vencido,0,1
P000001477,2023-05-18,2024-05-17,Cobertura de colisión,Honda Civic,2022,28517,500,Vencido,1,1
P000001478,2021-05-14,2022-05-14,Cobertura amplia,Hyundai Elantra,2018,36398,600,Al día,1,0
P000001479,2020-07-14,2021-07-14,Cobertura de robo,Ford Focus,2020,33881,600,Al día,0,1
P000001480,2022-09-03,2023-09-03,Cobertura amplia,Honda Civic,2010,12939,600,Al día,0,1
P000001481,2024-09-15,2025-09-15,Cobertura de colisión,Honda Civic,2019,26615,600,Al día,1,1
P000001482,2025-02-15,2026-02-15,Cobertura de robo,Subaru Impreza,2010,19990,700,Vencido,1,1
P000001483,2020-09-14,2021-09-14,Cobertura amplia,Kia Forte,2010,28286,600,Al día,0,1
P000001484,2021-03-30,2022-03-30,Cobertura total,Volkswagen Jetta,2014,34386,600,Al día,1,1
P000001485,2025-08-09,2026-08-09,Cobertura de colisión,Subaru Impreza,2012,14193,600,Al día,1,0
P000001486,2020-03-08,2021-03-08,Cobertura de robo,Chevrolet Cruze,2014,37519,500,Vencido,0,1
P000001487,2025-10-11,2026-10-11,Cobertura total,Kia Forte,2011,26846,600,Al día,1,0
P000001488,2022-09-17,2023-09-17,Cobertura total,Ford Focus,2021,33078,500,Vencido,0,0
P000001489,2021-08-11,2022-08-11,Cobertura amplia,Subaru Impreza,2011,49828,500,Al día,1,0
P000001490,2023-04-08,2024-04-07,Cobertura de robo,Toyota Corolla,2017,36149,700,Al día,0,1
P000001491,2024-10-24,2025-10-24,Cobertura total,Ford Focus,2022,20346,500,Al día,0,1
P000001492,2020-01-07,2021-01-06,Cobertura de robo,Toyota Corolla,2015,26059,500,Al día,1,0
P000001493,2023-12-16,2024-12-15,Cobertura de robo,Toyota Corolla,2021,10784,500,Al día,1,0
P000001494,2022-09-12,2023-09-12,Responsabilidad civil,Toyota Corolla,2021,12394,600,Vencido,1,0
P000001495,2024-09-02,2025-09-02,Cobertura de robo,Kia Forte,2014,21620,600,Al día,1,1
P000001496,2022-02-06,2023-02-06,Cobertura amplia,Ford Focus,2016,33350,500,Al día,1,1
P000001497,2020-12-16,2021-12-16,Responsabilidad civil,Hyundai Elantra,2015,24839,600,Vencido,1,1
P000001498,2025-11-14,2026-11-14,Cobertura amplia,Hyundai Elantra,2012,18245,500,Al día,0,0
P000001499,2024-01-17,2025-01-16,Cobertura amplia,Honda Civic,2015,26862,600,Al día,1,1
P000001500,2020-10-04,2021-10-04,Cobertura de colisión,Ford Focus,2020,41392,600,Vencido,1,0
P000001501,2025-11-24,2026-11-24,Cobertura de colisión,Toyota Corolla,2012,46087,500,Vencido,0,1
P000001502,2025-09-09,2026-09-09,Responsabilidad civil,Mazda 3,2021,38822,500,Vencido,0,0
P000001503,2025-09-10,2026-09-10,Cobertura de robo,Toyota Corolla,2014,30649,600,Vencido,1,0
P000001504,2020-03-24,2021-03-24,Cobertura amplia,Honda Civic,2019,14929,700,Vencido,0,1
P000001505,2024-05-18,2025-05-18,Cobertura total,Toyota Corolla,2012,26088,500,Al día,0,0
P000001506,2025-04-09,2026-04-09,Cobertura total,Nissan Sentra,2022,49077,700,Vencido,1,1
P000001507,2020-06-27,2021-06-27,Cobertura amplia,Nissan Sentra,2013,40036,600,Vencido,0,0
P000001508,2024-05-03,2025-05-03,Responsabilidad civil,Honda Civic,2017,38603,700,Vencido,0,0
P000001509,2024-03-09,2025-03-09,Cobertura amplia,Hyundai Elantra,2019,10261,700,Vencido,1,0
P000001510,2022-11-04,2023-11-04,Cobertura amplia,Toyota Corolla,2011,10161,700,Vencido,1,1
P000001511,2020-03-07,2021-03-07,Cobertura de robo,Honda Civic,2018,45594,500,Vencido,0,1
P000001512,2024-01-02,2025-01-01,Cobertura de robo,Volkswagen Jetta,2015,20458,700,Vencido,0,0
P000001513,2020-10-03,2021-10-03,Cobertura de robo,Hyundai Elantra,2017,36527,500,Al día,1,1
P000001514,2023-11-13,2024-11-12,Responsabilidad civil,Honda Civic,2021,20776,500,Al día,1,0
P000001515,2022-09-14,2023-09-14,Cobertura de robo,Hyundai Elantra,2012,36722,700,Al día,0,0
P000001516,2021-02-28,2022-02-28,Responsabilidad civil,Ford Focus,2013,17302,500,Al día,0,1
P000001517,2023-09-23,2024-09-22,Cobertura de colisión,Volkswagen Jetta,2021,48166,700,Vencido,1,1
P000001518,2021-06-30,2022-06-30,Cobertura de robo,Hyundai Elantra,2013,14447,700,Vencido,1,1
P000001519,2020-06-30,2021-06-30,Cobertura de colisión,Kia Forte,2019,11341,500,Al día,1,0
P000001520,2023-12-14,2024-12-13,Cobertura de robo,Volkswagen Jetta,2016,13325,700,Vencido,1,1
P000001521,2023-10-18,2024-10-17,Responsabilidad civil,Toyota Corolla,2020,27378,700,Al día,0,1
P000001522,2021-12-18,2022-12-18,Cobertura total,Toyota Corolla,2019,32346,700,Al día,1,0
P000001523,2025-03-18,2026-03-18,Cobertura de robo,Honda Civic,2017,45718,500,Al día,1,0
P000001524,2025-05-14,2026-05-14,Cobertura total,Toyota Corolla,2018,25462,500,Al día,1,0
P000001525,2022-01-16,2023-01-16,Cobertura amplia,Toyota Corolla,2022,26338,700,Al día,0,0
P000001526,2021-07-06,2022-07-06,Cobertura de colisión,Ford Focus,2019,12494,600,Al día,1,1
P000001527,2020-09-15,2021-09-15,Cobertura de colisión,Volkswagen Jetta,2011,14272,600,Vencido,0,1
P000001528,2025-02-17,2026-02-17,Cobertura amplia,Subaru Impreza,2012,48191,500,Al día,1,0
P000001529,2020-05-31,2021-05-31,Cobertura de robo,Chevrolet Cruze,2012,38726,700,Al día,0,1
P000001530,2023-04-16,2024-04-15,Responsabilidad civil,Toyota Corolla,2019,37412,500,Al día,0,1
P000001531,2022-04-05,2023-04-05,Responsabilidad civil,Ford Focus,2017,13496,600,Vencido,0,0
P000001532,2020-06-28,2021-06-28,Cobertura amplia,Chevrolet Cruze,2013,26139,500,Al día,0,1
P000001533,2022-03-28,2023-03-28,Cobertura amplia,Honda Civic,2013,18612,600,Vencido,1,1
P000001534,2020-06-20,2021-06-20,Cobertura amplia,Mazda 3,2010,35519,700,Vencido,1,1
P000001535,2023-07-16,2024-07-15,Cobertura total,Ford Focus,2020,41386,700,Al día,1,0
P000001536,2023-06-24,2024-06-23,Cobertura de colisión,Volkswagen Jetta,2019,21633,500,Al día,0,0
P000001537,2025-10-12,2026-10-12,Cobertura de colisión,Subaru Impreza,2022,35701,500,Vencido,1,0
P000001538,2024-06-19,2025-06-19,Responsabilidad civil,Volkswagen Jetta,2010,20167,500,Vencido,1,1
P000001539,2025-04-23,2026-04-23,Responsabilidad civil,Toyota Corolla,2020,10838,600,Al día,0,0
P000001540,2022-11-03,2023-11-03,Responsabilidad civil,Chevrolet Cruze,2010,18825,600,Al día,1,0
P000001541,2020-05-29,2021-05-29,Cobertura total,Toyota Corolla,2012,41300,500,Vencido,0,1
P000001542,2022-02-21,2023-02-21,Cobertura total,Honda Civic,2013,35690,600,Vencido,1,0
P000001543,2023-03-17,2024-03-16,Cobertura de colisión,Honda Civic,2010,27041,600,Al día,1,1
P000001544,2024-01-02,2025-01-01,Cobertura amplia,Subaru Impreza,2019,11630,700,Al día,1,0
P000001545,2020-07-14,2021-07-14,Cobertura amplia,Nissan Sentra,2011,36687,600,Al día,0,1
P000001546,2023-09-21,2024-09-20,Cobertura de robo,Ford Focus,2012,34144,700,Vencido,1,1
P000001547,2023-01-24,2024-01-24,Cobertura total,Honda Civic,2021,12359,600,Al día,1,0
P000001548,2021-05-24,2022-05-24,Cobertura amplia,Toyota Corolla,2012,26946,700,Al día,0,1
P000001549,2024-02-16,2025-02-15,Cobertura amplia,Chevrolet Cruze,2010,47815,600,Vencido,0,0
P000001550,2024-11-24,2025-11-24,Cobertura amplia,Toyota Corolla,2017,48829,700,Vencido,1,1
P000001551,2024-06-26,2025-06-26,Cobertura de robo,Toyota Corolla,2011,41354,500,Vencido,0,0
P000001552,2024-12-06,2025-12-06,Responsabilidad civil,Hyundai Elantra,2018,47126,500,Al día,0,1
P000001553,2024-05-02,2025-05-02,Cobertura total,Chevrolet Cruze,2016,41644,700,Vencido,1,1
P000001554,2023-10-20,2024-10-19,Cobertura total,Toyota Corolla,2013,38921,700,Vencido,0,1
P000001555,2022-02-04,2023-02-04,Cobertura total,Nissan Sentra,2018,36812,700,Vencido,1,0
P000001556,2025-07-25,2026-07-25,Cobertura total,Toyota Corolla,2020,11244,600,Al día,1,0
P000001557,2025-07-30,2026-07-30,Responsabilidad civil,Volkswagen Jetta,2013,21609,600,Al día,1,1
P000001558,2024-02-13,2025-02-12,Responsabilidad civil,Honda Civic,2022,28253,600,Vencido,0,0
P000001559,2025-10-27,2026-10-27,Cobertura total,Kia Forte,2021,45481,600,Vencido,1,0
P000001560,2022-12-28,2023-12-28,Cobertura de robo,Kia Forte,2018,43244,700,Vencido,0,0
P000001561,2020-12-04,2021-12-04,Cobertura amplia,Subaru Impreza,2015,45220,700,Al día,0,1
P000001562,2024-10-04,2025-10-04,Cobertura total,Hyundai Elantra,2019,15212,500,Al día,0,0
P000001563,2020-11-19,2021-11-19,Cobertura amplia,Volkswagen Jetta,2022,48445,700,Vencido,0,1
P000001564,2024-10-29,2025-10-29,Cobertura amplia,Hyundai Elantra,2019,36647,700,Vencido,0,0
P000001565,2022-01-09,2023-01-09,Responsabilidad civil,Chevrolet Cruze,2015,38688,500,Vencido,0,0
P000001566,2023-04-18,2024-04-17,Responsabilidad civil,Toyota Corolla,2010,29443,700,Vencido,1,1
P000001567,2023-08-08,2024-08-07,Cobertura de colisión,Honda Civic,2014,31412,500,Al día,0,0
P000001568,2021-02-24,2022-02-24,Cobertura de robo,Toyota Corolla,2014,46324,700,Vencido,0,0
P000001569,2020-11-23,2021-11-23,Cobertura de robo,Honda Civic,2020,12998,600,Al día,0,0
P000001570,2023-09-05,2024-09-04,Responsabilidad civil,Mazda 3,2011,42037,500,Vencido,1,1
P000001571,2023-04-25,2024-04-24,Cobertura de robo,Toyota Corolla,2022,46878,600,Al día,0,1
P000001572,2023-06-09,2024-06-08,Cobertura de robo,Hyundai Elantra,2012,36558,600,Vencido,1,1
P000001573,2024-12-31,2025-12-31,Cobertura de robo,Toyota Corolla,2018,10732,600,Al día,0,1
P000001574,2024-10-11,2025-10-11,Cobertura amplia,Toyota Corolla,2010,27874,600,Vencido,1,0
P000001575,2021-11-13,2022-11-13,Cobertura de robo,Nissan Sentra,2018,10200,500,Vencido,0,1
P000001576,2024-12-23,2025-12-23,Responsabilidad civil,Toyota Corolla,2019,20831,700,Vencido,1,1
P000001577,2023-12-10,2024-12-09,Cobertura total,Toyota Corolla,2012,44987,500,Al día,1,0
P000001578,2025-01-05,2026-01-05,Responsabilidad civil,Subaru Impreza,2013,21685,600,Al día,1,0
P000001579,2020-06-22,2021-06-22,Cobertura total,Nissan Sentra,2016,41689,500,Al día,1,0
P000001580,2023-12-15,2024-12-14,Cobertura de robo,Hyundai Elantra,2015,49249,500,Vencido,1,0
P000001581,2024-11-16,2025-11-16,Cobertura de robo,Ford Focus,2012,32248,500,Vencido,0,0
P000001582,2023-01-29,2024-01-29,Cobertura de colisión,Volkswagen Jetta,2022,22387,600,Al día,0,1
P000001583,2020-08-22,2021-08-22,Cobertura amplia,Toyota Corolla,2019,27114,600,Al día,1,1
P000001584,2020-11-03,2021-11-03,Cobertura amplia,Honda Civic,2013,21445,500,Al día,0,1
P000001585,2024-07-21,2025-07-21,Responsabilidad civil,Honda Civic,2013,39646,600,Al día,1,1
P000001586,2024-01-28,2025-01-27,Cobertura de colisión,Ford Focus,2019,45399,600,Al día,0,0
P000001587,2025-10-02,2026-10-02,Cobertura total,Toyota Corolla,2017,41271,700,Al día,1,1
P000001588,2021-10-17,2022-10-17,Cobertura de robo,Hyundai Elantra,2016,40347,500,Al día,1,1
P000001589,2020-05-07,2021-05-07,Cobertura de colisión,Volkswagen Jetta,2018,48533,600,Al día,0,1
P000001590,2021-08-07,2022-08-07,Cobertura total,Chevrolet Cruze,2012,33889,700,Vencido,0,1
P000001591,2024-11-29,2025-11-29,Responsabilidad civil,Chevrolet Cruze,2010,19760,600,Al día,0,0
P000001592,2020-05-22,2021-05-22,Cobertura amplia,Nissan Sentra,2017,18327,700,Vencido,0,0
P000001593,2021-06-01,2022-06-01,Responsabilidad civil,Ford Focus,2019,26894,700,Al día,0,1
P000001594,2020-10-02,2021-10-02,Cobertura amplia,Honda Civic,2016,12664,600,Al día,0,0
P000001595,2022-08-24,2023-08-24,Responsabilidad civil,Toyota Corolla,2014,44519,600,Al día,0,1
P000001596,2024-02-09,2025-02-08,Responsabilidad civil,Honda Civic,2010,30762,600,Vencido,1,0
P000001597,2024-01-23,2025-01-22,Responsabilidad civil,Honda Civic,2013,32628,600,Vencido,1,0
P000001598,2024-04-17,2025-04-17,Cobertura de colisión,Ford Focus,2020,18714,600,Vencido,1,0
P000001599,2020-05-12,2021-05-12,Cobertura total,Toyota Corolla,2015,28915,700,Al día,1,0
P000001600,2021-09-20,2022-09-20,Cobertura de robo,Ford Focus,2020,26678,700,Vencido,1,1
P000001601,2025-01-16,2026-01-16,Responsabilidad civil,Hyundai Elantra,2016,12168,700,Al día,0,1
P000001602,2024-02-28,2025-02-27,Cobertura de colisión,Ford Focus,2019,29856,600,Al día,1,1
P000001603,2024-03-03,2025-03-03,Cobertura amplia,Toyota Corolla,2011,38063,600,Vencido,0,1
P000001604,2024-12-23,2025-12-23,Cobertura de colisión,Volkswagen Jetta,2018,41372,700,Vencido,0,1
P000001605,2020-11-10,2021-11-10,Cobertura amplia,Chevrolet Cruze,2021,23539,500,Vencido,1,0
P000001606,2021-07-17,2022-07-17,Cobertura amplia,Toyota Corolla,2015,36527,600,Vencido,0,1
P000001607,2025-12-08,2026-12-08,Cobertura de robo,Ford Focus,2013,21413,700,Al día,1,1
P000001608,2024-02-12,2025-02-11,Cobertura amplia,Ford Focus,2016,38088,700,Al día,0,1
P000001609,2024-06-18,2025-06-18,Cobertura total,Hyundai Elantra,2021,38971,700,Al día,0,0
P000001610,2023-07-11,2024-07-10,Responsabilidad civil,Ford Focus,2020,28554,600,Al día,1,0
P000001611,2023-02-15,2024-02-15,Cobertura amplia,Ford Focus,2015,33178,500,Al día,0,1
P000001612,2022-10-19,2023-10-19,Cobertura de robo,Volkswagen Jetta,2013,39930,600,Al día,1,0
P000001613,2021-04-09,2022-04-09,Cobertura amplia,Honda Civic,2017,36740,600,Vencido,0,0
P000001614,2020-04-16,2021-04-16,Cobertura amplia,Honda Civic,2010,19158,700,Al día,0,1
P000001615,2022-02-01,2023-02-01,Cobertura de colisión,Toyota Corolla,2019,24328,600,Al día,0,0
P000001616,2025-08-06,2026-08-06,Cobertura amplia,Toyota Corolla,2016,38288,500,Al día,0,1
P000001617,2025-10-21,2026-10-21,Cobertura de colisión,Toyota Corolla,2019,21387,500,Al día,1,0
P000001618,2024-05-04,2025-05-04,Cobertura total,Mazda 3,2015,13352,600,Vencido,1,0
P000001619,2021-04-27,2022-04-27,Cobertura amplia,Chevrolet Cruze,2015,20310,500,Al día,0,0
P000001620,2022-12-08,2023-12-08,Responsabilidad civil,Honda Civic,2021,38630,700,Al día,1,0
P000001621,2022-12-02,2023-12-02,Cobertura total,Hyundai Elantra,2012,19275,600,Vencido,0,1
P000001622,2025-01-01,2026-01-01,Cobertura de robo,Toyota Corolla,2011,49781,600,Vencido,0,1
P000001623,2022-05-28,2023-05-28,Cobertura amplia,Volkswagen Jetta,2010,13141,500,Al día,0,0
P000001624,2023-03-15,2024-03-14,Cobertura de robo,Hyundai Elantra,2012,39904,700,Al día,1,0
P000001625,2025-07-04,2026-07-04,Cobertura total,Honda Civic,2013,15417,600,Vencido,0,1
P000001626,2022-03-30,2023-03-30,Cobertura de robo,Honda Civic,2013,42355,700,Vencido,1,0
P000001627,2021-05-17,2022-05-17,Cobertura amplia,Chevrolet Cruze,2013,31601,700,Al día,1,1
P000001628,2021-07-09,2022-07-09,Cobertura de colisión,Ford Focus,2016,25856,500,Al día,1,0
P000001629,2020-10-30,2021-10-30,Cobertura de colisión,Chevrolet Cruze,2019,26127,600,Vencido,1,1
P000001630,2025-01-25,2026-01-25,Cobertura de robo,Honda Civic,2012,31940,700,Al día,1,0
P000001631,2021-12-08,2022-12-08,Cobertura total,Hyundai Elantra,2013,44928,500,Vencido,1,1
P000001632,2024-12-28,2025-12-28,Cobertura de colisión,Ford Focus,2010,12716,600,Vencido,0,1
P000001633,2020-12-25,2021-12-25,Cobertura total,Toyota Corolla,2015,42816,600,Al día,0,0
P000001634,2023-08-02,2024-08-01,Cobertura amplia,Mazda 3,2011,11719,500,Al día,0,0
P000001635,2023-11-24,2024-11-23,Cobertura total,Chevrolet Cruze,2016,43823,500,Vencido,1,0
P000001636,2020-09-22,2021-09-22,Responsabilidad civil,Chevrolet Cruze,2017,27528,700,Al día,1,0
P000001637,2023-04-04,2024-04-03,Cobertura de robo,Volkswagen Jetta,2010,37147,700,Vencido,0,0
P000001638,2023-05-13,2024-05-12,Responsabilidad civil,Chevrolet Cruze,2016,10227,700,Al día,1,0
P000001639,2021-10-07,2022-10-07,Responsabilidad civil,Subaru Impreza,2011,29390,500,Vencido,1,1
P000001640,2021-12-14,2022-12-14,Cobertura amplia,Subaru Impreza,2017,32428,700,Vencido,1,1
P000001641,2024-01-20,2025-01-19,Cobertura de colisión,Toyota Corolla,2014,10489,600,Vencido,0,1
P000001642,2025-09-14,2026-09-14,Cobertura de robo,Chevrolet Cruze,2017,10418,500,Al día,0,0
P000001643,2022-07-07,2023-07-07,Cobertura total,Ford Focus,2012,33428,500,Vencido,1,0
P000001644,2021-05-12,2022-05-12,Cobertura total,Ford Focus,2015,27924,700,Vencido,1,1
P000001645,2022-04-03,2023-04-03,Cobertura de robo,Ford Focus,2020,17637,500,Al día,1,0
P000001646,2021-07-22,2022-07-22,Cobertura total,Kia Forte,2015,43982,700,Al día,0,0
P000001647,2022-08-27,2023-08-27,Responsabilidad civil,Ford Focus,2013,43573,500,Vencido,1,0
P000001648,2025-07-16,2026-07-16,Responsabilidad civil,Kia Forte,2018,36360,700,Vencido,1,0
P000001649,2020-04-17,2021-04-17,Responsabilidad civil,Toyota Corolla,2010,43523,700,Al día,1,1
P000001650,2024-01-18,2025-01-17,Responsabilidad civil,Toyota Corolla,2014,24699,500,Vencido,1,1
P000001651,2024-02-20,2025-02-19,Cobertura de robo,Honda Civic,2014,11391,500,Al día,0,0
P000001652,2025-03-29,2026-03-29,Responsabilidad civil,Honda Civic,2020,47710,500,Vencido,1,1
P000001653,2021-06-15,2022-06-15,Cobertura total,Chevrolet Cruze,2010,29262,700,Al día,1,0
P000001654,2020-12-19,2021-12-19,Responsabilidad civil,Toyota Corolla,2020,24664,600,Vencido,1,0
P000001655,2020-09-26,2021-09-26,Cobertura total,Subaru Impreza,2011,49761,500,Vencido,1,0
P000001656,2023-06-20,2024-06-19,Responsabilidad civil,Toyota Corolla,2018,39780,600,Vencido,0,1
P000001657,2024-06-18,2025-06-18,Cobertura total,Mazda 3,2012,31690,600,Vencido,0,0
P000001658,2025-05-14,2026-05-14,Cobertura amplia,Volkswagen Jetta,2015,32678,600,Al día,1,1
P000001659,2025-11-23,2026-11-23,Cobertura de robo,Subaru Impreza,2020,41139,600,Al día,0,1
P000001660,2024-08-09,2025-08-09,Cobertura total,Toyota Corolla,2022,14480,700,Al día,0,0
P000001661,2024-08-04,2025-08-04,Cobertura de colisión,Subaru Impreza,2012,47791,600,Al día,1,1
P000001662,2020-10-29,2021-10-29,Cobertura amplia,Hyundai Elantra,2010,19559,500,Vencido,1,0
P000001663,2021-05-28,2022-05-28,Responsabilidad civil,Toyota Corolla,2010,35258,600,Al día,0,0
P000001664,2023-07-22,2024-07-21,Cobertura de robo,Ford Focus,2016,15753,700,Vencido,1,1
P000001665,2020-10-30,2021-10-30,Cobertura total,Toyota Corolla,2013,45501,500,Vencido,1,0
P000001666,2025-01-17,2026-01-17,Responsabilidad civil,Toyota Corolla,2016,37659,500,Al día,0,0
P000001667,2025-03-23,2026-03-23,Cobertura total,Kia Forte,2010,14819,700,Vencido,0,0
P000001668,2025-10-20,2026-10-20,Responsabilidad civil,Toyota Corolla,2010,45299,600,Al día,1,0
P000001669,2023-11-12,2024-11-11,Cobertura amplia,Volkswagen Jetta,2021,15084,600,Vencido,1,0
P000001670,2021-06-09,2022-06-09,Cobertura de robo,Toyota Corolla,2014,49024,700,Vencido,0,1
P000001671,2022-01-15,2023-01-15,Cobertura total,Honda Civic,2011,36923,600,Al día,0,1
P000001672,2021-06-12,2022-06-12,Cobertura total,Kia Forte,2020,10179,600,Vencido,0,0
P000001673,2024-11-07,2025-11-07,Cobertura de robo,Volkswagen Jetta,2021,38666,700,Al día,0,1
P000001674,2025-08-21,2026-08-21,Responsabilidad civil,Volkswagen Jetta,2017,32148,600,Vencido,0,0
P000001675,2020-08-14,2021-08-14,Cobertura de robo,Toyota Corolla,2013,23233,700,Al día,1,0
P000001676,2021-05-23,2022-05-23,Responsabilidad civil,Mazda 3,2011,41152,500,Al día,1,1
P000001677,2025-10-23,2026-10-23,Responsabilidad civil,Kia Forte,2015,21194,600,Vencido,1,1
P000001678,2021-09-18,2022-09-18,Responsabilidad civil,Honda Civic,2018,43789,700,Vencido,0,0
P000001679,2023-05-30,2024-05-29,Cobertura total,Ford Focus,2019,48407,700,Vencido,1,0
P000001680,2021-11-05,2022-11-05,Cobertura amplia,Volkswagen Jetta,2020,32826,700,Al día,0,0
P000001681,2021-10-25,2022-10-25,Responsabilidad civil,Toyota Corolla,2012,37831,500,Al día,0,1
P000001682,2023-08-14,2024-08-13,Cobertura de robo,Honda Civic,2021,40337,600,Vencido,1,0
P000001683,2022-07-12,2023-07-12,Cobertura de robo,Toyota Corolla,2015,33774,700,Al día,1,1
P000001684,2023-11-18,2024-11-17,Cobertura total,Hyundai Elantra,2017,21737,700,Vencido,0,1
P000001685,2025-10-26,2026-10-26,Cobertura amplia,Honda Civic,2018,32476,700,Al día,0,0
P000001686,2023-03-09,2024-03-08,Cobertura de robo,Volkswagen Jetta,2017,34664,500,Al día,0,0
P000001687,2020-11-19,2021-11-19,Cobertura de colisión,Volkswagen Jetta,2020,36262,600,Vencido,1,0
P000001688,2022-10-23,2023-10-23,Responsabilidad civil,Toyota Corolla,2019,44941,500,Al día,1,1
P000001689,2022-03-15,2023-03-15,Cobertura amplia,Chevrolet Cruze,2015,29331,600,Al día,1,0
P000001690,2023-01-29,2024-01-29,Cobertura amplia,Subaru Impreza,2016,21619,500,Al día,0,0
P000001691,2021-05-27,2022-05-27,Cobertura total,Volkswagen Jetta,2020,42573,500,Vencido,1,0
P000001692,2023-05-25,2024-05-24,Cobertura de robo,Ford Focus,2010,16973,700,Vencido,0,1
P000001693,2025-12-25,2026-12-25,Cobertura de colisión,Nissan Sentra,2011,40546,600,Al día,1,0
P000001694,2021-01-17,2022-01-17,Cobertura de colisión,Toyota Corolla,2018,40098,500,Vencido,0,0
P000001695,2025-08-20,2026-08-20,Responsabilidad civil,Subaru Impreza,2020,21763,500,Al día,1,1
P000001696,2021-11-21,2022-11-21,Cobertura total,Chevrolet Cruze,2012,39470,700,Vencido,0,0
P000001697,2021-09-23,2022-09-23,Cobertura de robo,Chevrolet Cruze,2013,33055,500,Al día,0,1
P000001698,2021-12-02,2022-12-02,Cobertura de colisión,Ford Focus,2020,14200,500,Al día,0,0
P000001699,2023-10-14,2024-10-13,Cobertura de robo,Volkswagen Jetta,2021,15466,600,Al día,1,1
P000001700,2020-06-17,2021-06-17,Cobertura total,Ford Focus,2021,16836,700,Al día,1,0
P000001701,2020-04-26,2021-04-26,Responsabilidad civil,Kia Forte,2012,41184,600,Al día,1,0
P000001702,2020-11-28,2021-11-28,Cobertura de robo,Nissan Sentra,2014,30386,500,Al día,0,0
P000001703,2020-07-05,2021-07-05,Responsabilidad civil,Chevrolet Cruze,2011,36891,500,Vencido,0,0
P000001704,2022-12-20,2023-12-20,Cobertura de robo,Honda Civic,2019,26363,700,Vencido,1,0
P000001705,2022-05-13,2023-05-13,Responsabilidad civil,Subaru Impreza,2022,26916,500,Al día,1,1
P000001706,2024-09-02,2025-09-02,Cobertura de robo,Kia Forte,2016,42734,500,Al día,1,1
P000001707,2020-05-04,2021-05-04,Cobertura total,Subaru Impreza,2014,17421,500,Vencido,1,0
P000001708,2025-08-01,2026-08-01,Cobertura amplia,Chevrolet Cruze,2013,28581,500,Al día,0,0
P000001709,2023-04-01,2024-03-31,Cobertura de robo,Hyundai Elantra,2021,12216,500,Al día,1,1
P000001710,2023-05-22,2024-05-21,Cobertura de colisión,Volkswagen Jetta,2017,16776,700,Vencido,1,1
P000001711,2025-06-01,2026-06-01,Responsabilidad civil,Mazda 3,2021,18150,700,Vencido,1,0
P000001712,2022-09-30,2023-09-30,Responsabilidad civil,Toyota Corolla,2019,48231,700,Vencido,1,0
P000001713,2024-07-21,2025-07-21,Responsabilidad civil,Subaru Impreza,2015,28647,700,Vencido,1,1
P000001714,2023-05-03,2024-05-02,Cobertura total,Ford Focus,2010,28050,700,Vencido,1,0
P000001715,2025-01-31,2026-01-31,Responsabilidad civil,Toyota Corolla,2020,46057,500,Al día,1,1
P000001716,2020-10-25,2021-10-25,Cobertura amplia,Mazda 3,2015,48187,500,Al día,1,0
P000001717,2020-09-02,2021-09-02,Cobertura amplia,Toyota Corolla,2018,46652,600,Al día,1,1
P000001718,2021-10-09,2022-10-09,Cobertura de colisión,Honda Civic,2022,35757,600,Al día,0,1
P000001719,2024-12-05,2025-12-05,Cobertura de robo,Ford Focus,2010,48611,600,Vencido,0,0
P000001720,2024-08-29,2025-08-29,Cobertura amplia,Volkswagen Jetta,2013,38811,500,Al día,1,0
P000001721,2025-06-06,2026-06-06,Cobertura amplia,Ford Focus,2015,28967,500,Al día,1,0
P000001722,2025-03-17,2026-03-17,Cobertura amplia,Nissan Sentra,2018,25350,600,Al día,1,1
P000001723,2022-04-15,2023-04-15,Cobertura de robo,Ford Focus,2011,35563,600,Al día,0,1
P000001724,2023-10-25,2024-10-24,Cobertura amplia,Toyota Corolla,2022,22463,500,Vencido,0,1
P000001725,2021-08-11,2022-08-11,Cobertura de colisión,Toyota Corolla,2017,13377,600,Al día,1,0
P000001726,2023-07-04,2024-07-03,Cobertura total,Toyota Corolla,2011,17483,600,Al día,0,0
P000001727,2023-07-31,2024-07-30,Cobertura amplia,Volkswagen Jetta,2018,17067,500,Al día,1,0
P000001728,2023-11-15,2024-11-14,Cobertura total,Toyota Corolla,2014,46272,500,Vencido,1,1
P000001729,2024-06-21,2025-06-21,Cobertura total,Toyota Corolla,2013,41830,600,Al día,0,0
P000001730,2021-06-19,2022-06-19,Cobertura de colisión,Chevrolet Cruze,2021,26930,700,Vencido,1,0
P000001731,2024-02-26,2025-02-25,Cobertura de robo,Kia Forte,2014,34104,500,Al día,1,1
P000001732,2025-10-10,2026-10-10,Responsabilidad civil,Honda Civic,2017,42142,500,Al día,0,0
P000001733,2021-03-10,2022-03-10,Cobertura total,Honda Civic,2018,10171,600,Vencido,0,0
P000001734,2023-07-31,2024-07-30,Cobertura de colisión,Honda Civic,2015,25071,700,Al día,0,1
P000001735,2022-09-17,2023-09-17,Cobertura amplia,Kia Forte,2016,21082,700,Vencido,1,0
P000001736,2025-03-25,2026-03-25,Cobertura total,Honda Civic,2019,46778,600,Vencido,0,0
P000001737,2021-05-16,2022-05-16,Cobertura amplia,Ford Focus,2011,29352,500,Al día,1,0
P000001738,2022-12-31,2023-12-31,Cobertura amplia,Volkswagen Jetta,2013,23550,500,Al día,0,1
P000001739,2025-01-15,2026-01-15,Cobertura amplia,Toyota Corolla,2017,15995,700,Vencido,0,0
P000001740,2022-10-12,2023-10-12,Cobertura de robo,Ford Focus,2012,13567,700,Vencido,1,1
P000001741,2021-07-31,2022-07-31,Responsabilidad civil,Nissan Sentra,2022,24329,600,Vencido,0,0
P000001742,2021-01-31,2022-01-31,Cobertura de robo,Toyota Corolla,2017,22538,600,Al día,0,1
P000001743,2020-07-26,2021-07-26,Cobertura amplia,Volkswagen Jetta,2021,40723,600,Vencido,0,1
P000001744,2023-04-03,2024-04-02,Cobertura de colisión,Hyundai Elantra,2022,17702,500,Al día,0,0
P000001745,2024-04-22,2025-04-22,Cobertura de robo,Hyundai Elantra,2012,37206,500,Vencido,0,1
P000001746,2024-09-08,2025-09-08,Responsabilidad civil,Hyundai Elantra,2019,43004,700,Al día,0,1
P000001747,2022-10-13,2023-10-13,Cobertura de colisión,Toyota Corolla,2011,28408,600,Al día,1,0
P000001748,2021-10-16,2022-10-16,Responsabilidad civil,Subaru Impreza,2013,12613,700,Vencido,1,0
P000001749,2023-09-03,2024-09-02,Cobertura total,Hyundai Elantra,2014,16631,700,Al día,0,1
P000001750,2023-07-04,2024-07-03,Cobertura de robo,Honda Civic,2016,12316,500,Al día,1,0
P000001751,2022-02-16,2023-02-16,Cobertura de colisión,Mazda 3,2013,39163,700,Vencido,1,0
P000001752,2021-10-14,2022-10-14,Cobertura amplia,Chevrolet Cruze,2012,25415,700,Vencido,1,1
P000001753,2025-08-02,2026-08-02,Cobertura total,Chevrolet Cruze,2011,40538,700,Vencido,1,0
P000001754,2025-10-09,2026-10-09,Cobertura amplia,Volkswagen Jetta,2017,46064,600,Al día,1,1
P000001755,2025-03-27,2026-03-27,Cobertura total,Ford Focus,2010,35503,500,Al día,1,0
P000001756,2025-08-04,2026-08-04,Cobertura de colisión,Chevrolet Cruze,2010,35853,600,Vencido,1,1
P000001757,2023-06-17,2024-06-16,Cobertura total,Ford Focus,2010,24299,600,Vencido,0,1
P000001758,2025-07-30,2026-07-30,Cobertura amplia,Hyundai Elantra,2019,14643,500,Al día,0,1
P000001759,2020-04-04,2021-04-04,Responsabilidad civil,Volkswagen Jetta,2016,28619,600,Al día,0,1
P000001760,2021-01-03,2022-01-03,Cobertura total,Nissan Sentra,2017,41357,500,Al día,0,0
P000001761,2024-05-29,2025-05-29,Cobertura amplia,Volkswagen Jetta,2013,41750,600,Al día,0,1
P000001762,2025-09-01,2026-09-01,Cobertura total,Honda Civic,2015,42880,500,Vencido,1,0
P000001763,2025-02-15,2026-02-15,Cobertura de robo,Chevrolet Cruze,2014,15542,600,Vencido,0,1
P000001764,2022-09-13,2023-09-13,Cobertura amplia,Chevrolet Cruze,2018,41587,700,Al día,1,1
P000001765,2022-05-31,2023-05-31,Cobertura total,Hyundai Elantra,2017,43100,500,Vencido,0,1
P000001766,2023-12-16,2024-12-15,Cobertura de robo,Chevrolet Cruze,2011,23046,600,Al día,1,1
P000001767,2020-07-18,2021-07-18,Cobertura total,Mazda 3,2012,13287,500,Vencido,0,1
P000001768,2020-07-26,2021-07-26,Cobertura amplia,Toyota Corolla,2017,35954,600,Al día,1,1
P000001769,2023-02-26,2024-02-26,Cobertura amplia,Subaru Impreza,2015,30203,600,Al día,1,0
P000001770,2025-07-20,2026-07-20,Cobertura de robo,Honda Civic,2021,13929,500,Vencido,1,0
P000001771,2025-04-11,2026-04-11,Cobertura de colisión,Ford Focus,2019,21520,500,Al día,0,0
P000001772,2023-03-16,2024-03-15,Cobertura amplia,Toyota Corolla,2017,11643,500,Al día,0,0
P000001773,2020-02-03,2021-02-02,Responsabilidad civil,Hyundai Elantra,2012,17915,700,Vencido,1,1
P000001774,2021-03-16,2022-03-16,Cobertura de robo,Ford Focus,2012,24972,600,Al día,0,0
P000001775,2024-10-31,2025-10-31,Cobertura de robo,Honda Civic,2012,40312,700,Al día,1,0
P000001776,2021-07-02,2022-07-02,Cobertura amplia,Toyota Corolla,2014,17091,600,Vencido,1,0
P000001777,2022-12-19,2023-12-19,Cobertura total,Chevrolet Cruze,2022,39946,600,Vencido,0,1
P000001778,2024-02-07,2025-02-06,Cobertura de robo,Ford Focus,2018,21429,600,Al día,1,0
P000001779,2024-07-09,2025-07-09,Cobertura de robo,Hyundai Elantra,2016,24320,500,Al día,0,1
P000001780,2024-02-07,2025-02-06,Cobertura amplia,Mazda 3,2022,12708,500,Al día,1,1
P000001781,2020-07-04,2021-07-04,Cobertura amplia,Chevrolet Cruze,2014,49236,600,Al día,1,0
P000001782,2024-06-28,2025-06-28,Responsabilidad civil,Kia Forte,2022,38730,700,Vencido,0,1
P000001783,2020-07-28,2021-07-28,Cobertura de colisión,Toyota Corolla,2021,35339,500,Al día,0,1
P000001784,2022-03-08,2023-03-08,Cobertura de colisión,Subaru Impreza,2015,33737,700,Al día,0,0
P000001785,2024-01-24,2025-01-23,Cobertura de robo,Honda Civic,2018,47640,700,Vencido,1,1
P000001786,2023-03-28,2024-03-27,Cobertura total,Volkswagen Jetta,2022,19123,600,Al día,1,0
P000001787,2020-10-28,2021-10-28,Responsabilidad civil,Kia Forte,2011,40876,700,Vencido,0,1
P000001788,2024-05-01,2025-05-01,Cobertura de robo,Mazda 3,2016,10441,600,Vencido,0,1
P000001789,2025-08-27,2026-08-27,Cobertura total,Honda Civic,2022,21286,700,Al día,1,0
P000001790,2025-01-18,2026-01-18,Cobertura amplia,Ford Focus,2022,20706,500,Vencido,1,0
P000001791,2023-02-19,2024-02-19,Cobertura de robo,Toyota Corolla,2016,39552,500,Al día,1,0
P000001792,2021-05-01,2022-05-01,Cobertura total,Hyundai Elantra,2019,41695,500,Al día,0,0
P000001793,2021-06-11,2022-06-11,Cobertura amplia,Subaru Impreza,2017,45939,500,Vencido,0,0
P000001794,2021-01-31,2022-01-31,Cobertura amplia,Kia Forte,2015,49608,700,Al día,0,0
P000001795,2024-06-01,2025-06-01,Responsabilidad civil,Honda Civic,2019,28847,600,Vencido,1,0
P000001796,2024-03-08,2025-03-08,Responsabilidad civil,Hyundai Elantra,2015,21514,700,Vencido,0,1
P000001797,2023-10-20,2024-10-19,Cobertura de colisión,Nissan Sentra,2022,22639,700,Al día,1,1
P000001798,2024-02-06,2025-02-05,Responsabilidad civil,Toyota Corolla,2016,49221,700,Al día,1,0
P000001799,2021-08-13,2022-08-13,Cobertura total,Hyundai Elantra,2019,48637,700,Al día,0,0
P000001800,2022-03-26,2023-03-26,Cobertura de robo,Volkswagen Jetta,2014,26098,700,Vencido,0,1
P000001801,2025-09-16,2026-09-16,Cobertura amplia,Hyundai Elantra,2018,40589,500,Al día,1,0
P000001802,2024-07-02,2025-07-02,Cobertura de colisión,Hyundai Elantra,2014,36548,700,Al día,1,0
P000001803,2025-08-10,2026-08-10,Responsabilidad civil,Honda Civic,2013,24486,700,Vencido,0,1
P000001804,2020-06-13,2021-06-13,Cobertura amplia,Toyota Corolla,2016,10722,600,Vencido,1,1
P000001805,2020-07-04,2021-07-04,Cobertura de robo,Ford Focus,2017,16947,600,Vencido,0,1
P000001806,2020-06-08,2021-06-08,Cobertura de robo,Toyota Corolla,2017,15589,600,Al día,0,1
P000001807,2021-07-15,2022-07-15,Cobertura total,Honda Civic,2011,14120,600,Al día,0,0
P000001808,2023-09-26,2024-09-25,Responsabilidad civil,Toyota Corolla,2013,46241,700,Al día,1,1
P000001809,2025-04-24,2026-04-24,Cobertura total,Ford Focus,2011,42639,600,Vencido,0,1
P000001810,2025-10-28,2026-10-28,Responsabilidad civil,Hyundai Elantra,2015,40291,700,Vencido,1,0
P000001811,2025-02-14,2026-02-14,Cobertura de colisión,Ford Focus,2010,28165,500,Al día,1,0
P000001812,2021-09-02,2022-09-02,Cobertura de colisión,Toyota Corolla,2013,36906,600,Vencido,1,0
P000001813,2025-10-12,2026-10-12,Cobertura total,Nissan Sentra,2015,17826,600,Al día,0,1
P000001814,2021-07-26,2022-07-26,Cobertura total,Ford Focus,2011,43310,600,Vencido,0,0
P000001815,2023-09-05,2024-09-04,Responsabilidad civil,Toyota Corolla,2019,25967,700,Vencido,1,0
P000001816,2023-07-28,2024-07-27,Cobertura de colisión,Honda Civic,2021,46969,600,Al día,1,0
P000001817,2021-10-27,2022-10-27,Cobertura amplia,Kia Forte,2018,44661,600,Al día,0,0
P000001818,2024-05-28,2025-05-28,Responsabilidad civil,Honda Civic,2013,11548,700,Al día,0,0
P000001819,2023-05-10,2024-05-09,Cobertura total,Toyota Corolla,2014,45994,500,Al día,1,1
P000001820,2023-10-09,2024-10-08,Cobertura de robo,Chevrolet Cruze,2016,38268,500,Al día,0,1
P000001821,2025-09-08,2026-09-08,Responsabilidad civil,Toyota Corolla,2016,36409,700,Vencido,1,1
P000001822,2025-09-18,2026-09-18,Responsabilidad civil,Nissan Sentra,2011,16710,500,Al día,0,1
P000001823,2025-12-20,2026-12-20,Cobertura de colisión,Toyota Corolla,2014,26147,700,Vencido,0,0
P000001824,2025-06-29,2026-06-29,Responsabilidad civil,Hyundai Elantra,2016,20489,600,Al día,1,1
P000001825,2023-05-12,2024-05-11,Cobertura de colisión,Chevrolet Cruze,2014,33522,500,Vencido,0,1
P000001826,2025-04-29,2026-04-29,Cobertura de colisión,Mazda 3,2012,49883,500,Al día,1,1
P000001827,2020-03-09,2021-03-09,Cobertura total,Toyota Corolla,2017,45268,700,Al día,0,1
P000001828,2024-02-17,2025-02-16,Responsabilidad civil,Mazda 3,2015,12493,500,Al día,0,1
P000001829,2023-09-18,2024-09-17,Responsabilidad civil,Toyota Corolla,2010,43243,500,Al día,1,1
P000001830,2021-03-24,2022-03-24,Cobertura amplia,Ford Focus,2016,11212,500,Vencido,1,1
P000001831,2024-09-02,2025-09-02,Cobertura de robo,Honda Civic,2020,13603,500,Vencido,1,0
P000001832,2023-06-14,2024-06-13,Cobertura amplia,Ford Focus,2010,19615,700,Vencido,0,1
P000001833,2020-04-19,2021-04-19,Cobertura amplia,Ford Focus,2021,45664,500,Vencido,1,0
P000001834,2025-04-27,2026-04-27,Cobertura amplia,Mazda 3,2014,36657,700,Al día,0,1
P000001835,2022-12-23,2023-12-23,Cobertura amplia,Nissan Sentra,2021,36123,600,Vencido,1,0
P000001836,2022-07-21,2023-07-21,Cobertura de robo,Toyota Corolla,2020,35448,700,Vencido,0,1
P000001837,2020-07-29,2021-07-29,Cobertura total,Volkswagen Jetta,2022,24188,700,Al día,0,1
P000001838,2025-05-21,2026-05-21,Responsabilidad civil,Volkswagen Jetta,2020,47612,700,Al día,1,1
P000001839,2021-11-29,2022-11-29,Cobertura total,Honda Civic,2013,19699,500,Vencido,1,0
P000001840,2025-11-17,2026-11-17,Cobertura de robo,Honda Civic,2020,46247,500,Vencido,1,1
P000001841,2024-04-06,2025-04-06,Cobertura total,Hyundai Elantra,2015,17349,700,Vencido,1,1
P000001842,2021-08-28,2022-08-28,Cobertura de colisión,Chevrolet Cruze,2022,41729,700,Vencido,1,0
P000001843,2022-09-19,2023-09-19,Responsabilidad civil,Ford Focus,2019,23162,600,Al día,1,0
P000001844,2020-05-09,2021-05-09,Cobertura de robo,Honda Civic,2019,29647,500,Vencido,1,0
P000001845,2021-03-26,2022-03-26,Cobertura de colisión,Ford Focus,2014,43858,700,Al día,1,0
P000001846,2022-02-20,2023-02-20,Cobertura total,Ford Focus,2013,12473,700,Al día,0,1
P000001847,2020-03-18,2021-03-18,Cobertura de robo,Mazda 3,2011,19715,600,Vencido,0,0
P000001848,2024-12-11,2025-12-11,Cobertura de robo,Hyundai Elantra,2010,15005,600,Vencido,0,0
P000001849,2023-07-08,2024-07-07,Cobertura de colisión,Chevrolet Cruze,2019,14976,600,Vencido,0,0
P000001850,2024-09-11,2025-09-11,Cobertura amplia,Toyota Corolla,2020,18176,700,Al día,0,0
P000001851,2021-09-12,2022-09-12,Responsabilidad civil,Toyota Corolla,2021,48435,500,Vencido,1,0
P000001852,2024-08-18,2025-08-18,Cobertura amplia,Volkswagen Jetta,2018,45976,500,Al día,1,0
P000001853,2022-04-15,2023-04-15,Cobertura de robo,Toyota Corolla,2021,20817,700,Al día,0,1
P000001854,2024-08-07,2025-08-07,Cobertura de robo,Honda Civic,2013,24578,500,Al día,1,0
P000001855,2025-08-17,2026-08-17,Cobertura de colisión,Toyota Corolla,2010,31478,600,Al día,1,1
P000001856,2025-04-15,2026-04-15,Cobertura de robo,Volkswagen Jetta,2022,42319,500,Vencido,1,0
P000001857,2020-09-12,2021-09-12,Cobertura total,Nissan Sentra,2019,39001,500,Al día,1,0
P000001858,2021-07-19,2022-07-19,Responsabilidad civil,Toyota Corolla,2019,29044,600,Vencido,0,1
P000001859,2025-10-25,2026-10-25,Cobertura total,Toyota Corolla,2010,38528,500,Vencido,0,1
P000001860,2022-04-29,2023-04-29,Cobertura total,Hyundai Elantra,2022,23615,600,Vencido,0,0
P000001861,2023-08-24,2024-08-23,Cobertura de robo,Chevrolet Cruze,2020,19318,700,Al día,1,0
P000001862,2025-05-13,2026-05-13,Cobertura amplia,Honda Civic,2010,24555,500,Vencido,1,1
P000001863,2025-11-22,2026-11-22,Cobertura amplia,Toyota Corolla,2017,34619,700,Vencido,1,0
P000001864,2024-03-23,2025-03-23,Cobertura total,Ford Focus,2017,48527,500,Vencido,1,0
P000001865,2023-07-09,2024-07-08,Responsabilidad civil,Mazda 3,2022,32798,600,Al día,1,0
P000001866,2021-12-10,2022-12-10,Cobertura de colisión,Toyota Corolla,2022,15504,500,Al día,1,1
P000001867,2025-02-25,2026-02-25,Cobertura amplia,Chevrolet Cruze,2022,42717,700,Vencido,0,1
P000001868,2025-12-23,2026-12-23,Cobertura total,Chevrolet Cruze,2012,48165,700,Vencido,1,1
P000001869,2023-11-03,2024-11-02,Responsabilidad civil,Toyota Corolla,2012,43968,700,Vencido,0,0
P000001870,2023-12-22,2024-12-21,Cobertura de robo,Toyota Corolla,2021,41453,700,Al día,0,0
P000001871,2022-12-18,2023-12-18,Cobertura total,Toyota Corolla,2010,11162,600,Vencido,0,1
P000001872,2025-06-06,2026-06-06,Cobertura de colisión,Nissan Sentra,2014,43610,700,Al día,1,1
P000001873,2022-02-26,2023-02-26,Cobertura amplia,Subaru Impreza,2016,16485,500,Vencido,1,0
P000001874,2022-10-06,2023-10-06,Cobertura de colisión,Honda Civic,2015,44187,700,Al día,1,0
P000001875,2023-02-16,2024-02-16,Responsabilidad civil,Hyundai Elantra,2022,47068,600,Al día,1,0
P000001876,2023-05-07,2024-05-06,Cobertura de colisión,Ford Focus,2010,43439,600,Al día,1,1
P000001877,2022-07-10,2023-07-10,Cobertura amplia,Honda Civic,2016,28361,700,Vencido,1,0
P000001878,2023-05-04,2024-05-03,Responsabilidad civil,Volkswagen Jetta,2022,29606,700,Vencido,1,0
P000001879,2023-03-29,2024-03-28,Cobertura de colisión,Volkswagen Jetta,2017,49450,700,Al día,0,0
P000001880,2022-04-29,2023-04-29,Cobertura amplia,Nissan Sentra,2012,30095,600,Al día,1,1
P000001881,2025-06-25,2026-06-25,Cobertura amplia,Kia Forte,2021,16056,600,Vencido,0,1
P000001882,2023-07-22,2024-07-21,Cobertura de robo,Chevrolet Cruze,2011,29024,600,Al día,1,1
P000001883,2025-05-19,2026-05-19,Responsabilidad civil,Honda Civic,2017,14138,600,Al día,1,1
P000001884,2023-11-29,2024-11-28,Cobertura amplia,Mazda 3,2016,32464,700,Vencido,0,0
P000001885,2023-01-25,2024-01-25,Cobertura total,Mazda 3,2015,39761,500,Vencido,1,1
P000001886,2023-03-24,2024-03-23,Responsabilidad civil,Ford Focus,2010,49437,600,Al día,0,1
P000001887,2021-05-14,2022-05-14,Cobertura amplia,Toyota Corolla,2021,30714,500,Vencido,1,0
P000001888,2024-04-04,2025-04-04,Cobertura de robo,Toyota Corolla,2013,41507,700,Al día,0,0
P000001889,2024-06-04,2025-06-04,Cobertura total,Toyota Corolla,2020,27333,700,Al día,1,1
P000001890,2023-11-14,2024-11-13,Responsabilidad civil,Nissan Sentra,2014,18906,600,Al día,0,1
P000001891,2021-08-22,2022-08-22,Cobertura de robo,Toyota Corolla,2012,30929,700,Al día,0,1
P000001892,2023-04-04,2024-04-03,Responsabilidad civil,Chevrolet Cruze,2011,31183,600,Al día,0,1
P000001893,2020-06-21,2021-06-21,Cobertura amplia,Ford Focus,2016,44674,500,Al día,0,0
P000001894,2023-03-24,2024-03-23,Cobertura de colisión,Chevrolet Cruze,2018,30193,500,Al día,0,1
P000001895,2020-11-19,2021-11-19,Cobertura de colisión,Volkswagen Jetta,2018,31950,700,Al día,1,0
P000001896,2023-11-19,2024-11-18,Cobertura total,Mazda 3,2021,34098,500,Al día,1,1
P000001897,2024-12-16,2025-12-16,Cobertura amplia,Toyota Corolla,2018,23666,500,Vencido,0,1
P000001898,2022-11-16,2023-11-16,Cobertura amplia,Ford Focus,2014,30088,600,Vencido,1,0
P000001899,2025-05-16,2026-05-16,Cobertura de colisión,Mazda 3,2014,33563,600,Al día,1,0
P000001900,2022-05-26,2023-05-26,Cobertura total,Honda Civic,2011,13501,700,Vencido,0,0
P000001901,2022-04-07,2023-04-07,Responsabilidad civil,Kia Forte,2014,21440,500,Vencido,0,1
P000001902,2023-01-15,2024-01-15,Cobertura de colisión,Mazda 3,2010,13881,700,Vencido,0,0
P000001903,2023-01-17,2024-01-17,Responsabilidad civil,Kia Forte,2019,39532,700,Al día,0,1
P000001904,2021-07-16,2022-07-16,Cobertura amplia,Ford Focus,2022,17131,700,Al día,0,1
P000001905,2021-03-23,2022-03-23,Responsabilidad civil,Subaru Impreza,2013,39985,500,Vencido,1,0
P000001906,2022-09-07,2023-09-07,Cobertura de colisión,Chevrolet Cruze,2017,14305,600,Vencido,1,1
P000001907,2022-09-20,2023-09-20,Cobertura de colisión,Volkswagen Jetta,2015,21001,500,Vencido,0,1
P000001908,2020-07-26,2021-07-26,Cobertura total,Kia Forte,2021,45477,600,Al día,1,0
P000001909,2025-12-15,2026-12-15,Cobertura amplia,Toyota Corolla,2014,13229,500,Al día,1,0
P000001910,2022-07-13,2023-07-13,Cobertura amplia,Toyota Corolla,2019,38978,500,Vencido,0,0
P000001911,2022-08-11,2023-08-11,Cobertura amplia,Toyota Corolla,2015,44934,700,Vencido,1,0
P000001912,2020-08-03,2021-08-03,Responsabilidad civil,Volkswagen Jetta,2013,44957,500,Vencido,0,1
P000001913,2021-02-14,2022-02-14,Responsabilidad civil,Volkswagen Jetta,2017,36191,600,Vencido,1,1
P000001914,2024-08-19,2025-08-19,Cobertura de robo,Toyota Corolla,2019,35559,500,Vencido,0,0
P000001915,2023-09-14,2024-09-13,Cobertura de colisión,Volkswagen Jetta,2019,43006,700,Vencido,0,0
P000001916,2025-04-18,2026-04-18,Cobertura amplia,Kia Forte,2019,10718,500,Al día,0,1
P000001917,2021-02-15,2022-02-15,Cobertura de robo,Volkswagen Jetta,2018,13545,700,Vencido,0,1
P000001918,2021-07-17,2022-07-17,Responsabilidad civil,Nissan Sentra,2019,10686,700,Vencido,1,1
P000001919,2020-01-22,2021-01-21,Responsabilidad civil,Mazda 3,2014,17233,700,Vencido,1,0
P000001920,2021-10-08,2022-10-08,Cobertura total,Chevrolet Cruze,2018,37656,500,Al día,1,0
P000001921,2024-07-24,2025-07-24,Cobertura amplia,Toyota Corolla,2012,19500,600,Al día,1,1
P000001922,2025-05-02,2026-05-02,Cobertura amplia,Honda Civic,2022,11513,600,Al día,0,1
P000001923,2025-05-09,2026-05-09,Cobertura amplia,Chevrolet Cruze,2018,48432,500,Al día,0,1
P000001924,2022-03-27,2023-03-27,Cobertura de colisión,Toyota Corolla,2010,14847,700,Vencido,0,0
P000001925,2023-03-22,2024-03-21,Cobertura de robo,Chevrolet Cruze,2020,28917,700,Vencido,0,0
P000001926,2023-08-08,2024-08-07,Cobertura de colisión,Subaru Impreza,2019,26049,600,Vencido,0,1
P000001927,2023-03-15,2024-03-14,Cobertura total,Honda Civic,2011,22601,600,Vencido,1,0
P000001928,2020-08-30,2021-08-30,Cobertura total,Toyota Corolla,2013,24452,700,Vencido,1,1
P000001929,2021-01-01,2022-01-01,Responsabilidad civil,Subaru Impreza,2013,12955,500,Vencido,1,1
P000001930,2022-08-09,2023-08-09,Cobertura de robo,Volkswagen Jetta,2018,38726,500,Al día,1,1
P000001931,2025-12-31,2026-12-31,Responsabilidad civil,Ford Focus,2018,18389,700,Al día,1,1
P000001932,2020-06-01,2021-06-01,Cobertura de robo,Mazda 3,2013,36492,700,Al día,0,1
P000001933,2021-12-18,2022-12-18,Responsabilidad civil,Mazda 3,2015,25957,700,Vencido,1,1
P000001934,2024-09-07,2025-09-07,Cobertura amplia,Toyota Corolla,2020,18689,500,Al día,0,0
P000001935,2021-12-21,2022-12-21,Cobertura total,Honda Civic,2021,17836,600,Vencido,0,1
P000001936,2020-05-28,2021-05-28,Responsabilidad civil,Chevrolet Cruze,2020,29463,700,Al día,1,0
P000001937,2024-06-14,2025-06-14,Cobertura amplia,Honda Civic,2012,32246,700,Al día,1,1
P000001938,2025-07-22,2026-07-22,Cobertura de colisión,Nissan Sentra,2015,23586,700,Al día,0,0
P000001939,2022-02-02,2023-02-02,Cobertura total,Chevrolet Cruze,2017,32948,500,Al día,1,1
P000001940,2023-03-31,2024-03-30,Cobertura de colisión,Toyota Corolla,2020,12812,700,Vencido,0,0
P000001941,2020-06-02,2021-06-02,Cobertura amplia,Volkswagen Jetta,2011,28506,700,Vencido,1,0
P000001942,2020-02-07,2021-02-06,Responsabilidad civil,Ford Focus,2010,39231,600,Vencido,1,1
P000001943,2023-05-07,2024-05-06,Cobertura de colisión,Ford Focus,2019,22738,600,Al día,1,0
P000001944,2021-03-15,2022-03-15,Cobertura de robo,Ford Focus,2022,11210,700,Al día,0,0
P000001945,2023-10-04,2024-10-03,Cobertura de colisión,Honda Civic,2010,30013,500,Vencido,0,0
P000001946,2023-03-11,2024-03-10,Cobertura total,Mazda 3,2019,49717,600,Al día,1,0
P000001947,2025-02-04,2026-02-04,Cobertura de colisión,Toyota Corolla,2010,18471,600,Vencido,1,1
P000001948,2025-11-17,2026-11-17,Cobertura amplia,Honda Civic,2014,12751,500,Al día,1,1
P000001949,2025-07-16,2026-07-16,Cobertura amplia,Toyota Corolla,2013,23170,500,Vencido,0,0
P000001950,2021-07-03,2022-07-03,Cobertura de colisión,Ford Focus,2020,27305,600,Al día,1,0
P000001951,2025-08-27,2026-08-27,Cobertura de robo,Honda Civic,2013,11856,500,Vencido,1,1
P000001952,2025-04-01,2026-04-01,Cobertura de robo,Chevrolet Cruze,2014,12718,700,Vencido,1,0
P000001953,2023-01-22,2024-01-22,Cobertura de colisión,Ford Focus,2022,26314,700,Vencido,1,1
P000001954,2022-02-28,2023-02-28,Cobertura total,Chevrolet Cruze,2019,27425,700,Vencido,0,0
P000001955,2021-04-06,2022-04-06,Responsabilidad civil,Chevrolet Cruze,2011,23184,600,Vencido,1,1
P000001956,2023-09-16,2024-09-15,Cobertura total,Toyota Corolla,2010,48236,500,Al día,1,0
P000001957,2021-10-27,2022-10-27,Cobertura de robo,Nissan Sentra,2020,14525,500,Vencido,1,1
P000001958,2025-02-22,2026-02-22,Cobertura amplia,Nissan Sentra,2016,46020,700,Al día,1,0
P000001959,2022-11-19,2023-11-19,Responsabilidad civil,Mazda 3,2021,42194,600,Al día,1,0
P000001960,2022-02-01,2023-02-01,Cobertura total,Ford Focus,2019,42358,700,Vencido,1,0
P000001961,2020-02-27,2021-02-26,Cobertura total,Chevrolet Cruze,2021,31740,700,Al día,0,0
P000001962,2023-10-12,2024-10-11,Cobertura de robo,Nissan Sentra,2015,33538,500,Vencido,1,0
P000001963,2023-04-23,2024-04-22,Cobertura de robo,Nissan Sentra,2015,44787,700,Al día,1,1
P000001964,2022-03-02,2023-03-02,Cobertura de colisión,Hyundai Elantra,2014,15378,600,Vencido,0,1
P000001965,2021-12-19,2022-12-19,Responsabilidad civil,Toyota Corolla,2017,34152,700,Vencido,0,0
P000001966,2024-07-18,2025-07-18,Cobertura de colisión,Kia Forte,2010,42491,700,Vencido,1,1
P000001967,2024-10-17,2025-10-17,Cobertura de robo,Chevrolet Cruze,2022,20445,700,Vencido,0,0
P000001968,2025-10-11,2026-10-11,Cobertura de colisión,Chevrolet Cruze,2011,28561,600,Vencido,0,0
P000001969,2023-09-05,2024-09-04,Cobertura de robo,Ford Focus,2012,11188,600,Al día,1,0
P000001970,2020-12-21,2021-12-21,Cobertura total,Volkswagen Jetta,2016,46922,600,Vencido,0,1
P000001971,2024-06-29,2025-06-29,Responsabilidad civil,Toyota Corolla,2017,35195,700,Al día,0,0
P000001972,2021-01-25,2022-01-25,Cobertura de colisión,Toyota Corolla,2015,33379,700,Vencido,1,0
P000001973,2022-01-26,2023-01-26,Cobertura de robo,Nissan Sentra,2019,15486,700,Vencido,0,0
P000001974,2021-07-29,2022-07-29,Cobertura total,Honda Civic,2021,33790,700,Al día,0,0
P000001975,2025-05-09,2026-05-09,Responsabilidad civil,Toyota Corolla,2012,39535,500,Al día,1,1
P000001976,2023-08-18,2024-08-17,Cobertura de robo,Chevrolet Cruze,2010,10279,600,Al día,0,1
P000001977,2022-10-13,2023-10-13,Responsabilidad civil,Toyota Corolla,2016,48071,500,Al día,0,1
P000001978,2020-01-28,2021-01-27,Cobertura de robo,Toyota Corolla,2012,20639,500,Vencido,1,0
P000001979,2022-12-04,2023-12-04,Cobertura amplia,Toyota Corolla,2010,44963,500,Vencido,1,0
P000001980,2024-04-20,2025-04-20,Responsabilidad civil,Nissan Sentra,2012,22047,500,Vencido,0,0
P000001981,2022-08-22,2023-08-22,Cobertura de robo,Toyota Corolla,2012,17571,600,Vencido,0,0
P000001982,2025-01-03,2026-01-03,Cobertura de colisión,Hyundai Elantra,2013,40502,600,Vencido,0,1
P000001983,2022-12-29,2023-12-29,Cobertura de robo,Honda Civic,2011,36649,500,Al día,1,0
P000001984,2023-09-12,2024-09-11,Cobertura amplia,Chevrolet Cruze,2018,20879,700,Vencido,1,0
P000001985,2023-05-21,2024-05-20,Responsabilidad civil,Volkswagen Jetta,2022,23623,700,Vencido,1,1
P000001986,2020-02-16,2021-02-15,Cobertura total,Honda Civic,2012,14497,700,Vencido,0,0
P000001987,2022-12-07,2023-12-07,Cobertura amplia,Mazda 3,2012,29357,600,Al día,0,1
P000001988,2024-01-12,2025-01-11,Cobertura amplia,Mazda 3,2018,33455,500,Al día,1,0
P000001989,2022-08-25,2023-08-25,Cobertura de colisión,Toyota Corolla,2021,40770,600,Vencido,1,0
P000001990,2020-09-11,2021-09-11,Cobertura total,Chevrolet Cruze,2017,41336,500,Al día,0,0
P000001991,2021-04-29,2022-04-29,Cobertura de colisión,Honda Civic,2022,34913,600,Al día,0,1
P000001992,2025-03-21,2026-03-21,Responsabilidad civil,Kia Forte,2015,45316,700,Vencido,0,1
P000001993,2023-06-10,2024-06-09,Cobertura amplia,Toyota Corolla,2011,31057,700,Vencido,0,0
P000001994,2021-10-16,2022-10-16,Cobertura amplia,Subaru Impreza,2018,48256,500,Al día,1,0
P000001995,2024-07-18,2025-07-18,Responsabilidad civil,Hyundai Elantra,2017,22322,600,Vencido,1,0
P000001996,2025-08-20,2026-08-20,Cobertura de robo,Ford Focus,2019,21464,700,Vencido,0,0
P000001997,2023-06-27,2024-06-26,Cobertura de colisión,Toyota Corolla,2014,25505,700,Al día,1,1
P000001998,2021-04-25,2022-04-25,Cobertura de robo,Volkswagen Jetta,2020,29146,700,Vencido,1,1
P000001999,2023-04-23,2024-04-22,Responsabilidad civil,Subaru Impreza,2017,19363,700,Vencido,0,1
P000002000,2024-02-14,2025-02-13,Cobertura total,Ford Focus,2021,38813,500,Al día,1,1
P000002001,2022-06-23,2023-06-23,Cobertura amplia,Volkswagen Jetta,2011,31353,600,Vencido,1,0
P000002002,2022-06-16,2023-06-16,Cobertura total,Honda Civic,2021,49767,600,Al día,1,0
P000002003,2021-07-01,2022-07-01,Cobertura de colisión,Kia Forte,2014,39666,700,Vencido,0,0
P000002004,2025-05-12,2026-05-12,Cobertura de colisión,Kia Forte,2015,26947,700,Vencido,0,1
P000002005,2021-09-19,2022-09-19,Cobertura amplia,Honda Civic,2022,14893,500,Vencido,0,1
P000002006,2025-02-06,2026-02-06,Cobertura amplia,Toyota Corolla,2022,16076,600,Vencido,1,0
P000002007,2024-03-10,2025-03-10,Cobertura amplia,Honda Civic,2012,29031,500,Al día,0,1
P000002008,2024-08-30,2025-08-30,Cobertura de colisión,Toyota Corolla,2017,27131,600,Al día,0,1
P000002009,2025-04-12,2026-04-12,Cobertura total,Honda Civic,2021,49650,600,Al día,1,0
P000002010,2022-06-13,2023-06-13,Responsabilidad civil,Honda Civic,2018,20398,600,Al día,1,1
P000002011,2022-10-10,2023-10-10,Cobertura de robo,Nissan Sentra,2014,20381,500,Vencido,0,0
P000002012,2020-12-01,2021-12-01,Cobertura total,Toyota Corolla,2020,33088,600,Vencido,0,0
P000002013,2025-11-22,2026-11-22,Cobertura de robo,Hyundai Elantra,2022,10400,500,Al día,1,0
P000002014,2025-01-03,2026-01-03,Cobertura amplia,Honda Civic,2014,45330,600,Al día,0,1
P000002015,2025-12-03,2026-12-03,Cobertura de colisión,Ford Focus,2022,32454,500,Al día,1,1
P000002016,2024-01-21,2025-01-20,Responsabilidad civil,Toyota Corolla,2016,48658,500,Al día,1,1
P000002017,2020-11-15,2021-11-15,Cobertura total,Hyundai Elantra,2018,22410,700,Vencido,1,1
P000002018,2021-04-04,2022-04-04,Cobertura total,Ford Focus,2019,11201,500,Al día,1,0
P000002019,2020-09-09,2021-09-09,Cobertura total,Nissan Sentra,2018,12625,700,Vencido,0,0
P000002020,2025-09-01,2026-09-01,Cobertura amplia,Toyota Corolla,2016,21608,500,Al día,0,0
P000002021,2022-04-08,2023-04-08,Responsabilidad civil,Ford Focus,2017,19479,500,Al día,1,0
P000002022,2021-09-05,2022-09-05,Cobertura de colisión,Honda Civic,2014,23488,700,Al día,1,0
P000002023,2021-11-04,2022-11-04,Cobertura amplia,Ford Focus,2016,25383,700,Al día,0,1
P000002024,2023-09-05,2024-09-04,Cobertura total,Ford Focus,2012,42050,500,Vencido,1,1
P000002025,2025-11-01,2026-11-01,Cobertura total,Ford Focus,2012,43918,700,Vencido,1,1
P000002026,2024-12-14,2025-12-14,Cobertura amplia,Chevrolet Cruze,2019,32400,600,Al día,1,1
P000002027,2021-04-21,2022-04-21,Responsabilidad civil,Hyundai Elantra,2016,36910,700,Al día,1,1
P000002028,2022-04-21,2023-04-21,Cobertura de colisión,Toyota Corolla,2014,24693,700,Vencido,1,0
P000002029,2025-06-25,2026-06-25,Cobertura de robo,Toyota Corolla,2013,25187,600,Vencido,1,0
P000002030,2021-01-07,2022-01-07,Cobertura de robo,Nissan Sentra,2016,47484,700,Vencido,1,0
P000002031,2025-09-21,2026-09-21,Cobertura de robo,Nissan Sentra,2011,21323,700,Al día,0,1
P000002032,2024-12-29,2025-12-29,Cobertura amplia,Ford Focus,2011,38511,500,Al día,0,0
P000002033,2020-08-15,2021-08-15,Cobertura de colisión,Ford Focus,2011,19714,700,Vencido,0,0
P000002034,2025-01-31,2026-01-31,Cobertura total,Hyundai Elantra,2015,23508,500,Al día,0,1
P000002035,2021-06-24,2022-06-24,Cobertura amplia,Toyota Corolla,2020,34854,700,Al día,1,1
P000002036,2025-10-03,2026-10-03,Cobertura de robo,Toyota Corolla,2010,13367,700,Al día,1,0
P000002037,2024-08-28,2025-08-28,Cobertura de robo,Toyota Corolla,2015,43096,600,Vencido,0,1
P000002038,2025-02-14,2026-02-14,Cobertura de robo,Toyota Corolla,2022,46423,700,Vencido,1,0
P000002039,2020-08-24,2021-08-24,Cobertura de colisión,Honda Civic,2017,26173,500,Al día,0,1
P000002040,2025-03-08,2026-03-08,Cobertura amplia,Mazda 3,2014,38896,700,Vencido,0,0
P000002041,2023-06-16,2024-06-15,Cobertura de colisión,Toyota Corolla,2020,48484,500,Al día,0,1
P000002042,2020-03-30,2021-03-30,Responsabilidad civil,Hyundai Elantra,2014,10913,500,Vencido,1,1
P000002043,2024-06-09,2025-06-09,Cobertura de colisión,Hyundai Elantra,2018,15848,500,Vencido,0,0
P000002044,2022-11-08,2023-11-08,Cobertura de colisión,Honda Civic,2010,26848,500,Vencido,1,1
P000002045,2020-01-13,2021-01-12,Cobertura de colisión,Nissan Sentra,2018,35305,700,Al día,1,1
P000002046,2022-06-11,2023-06-11,Cobertura amplia,Mazda 3,2016,22195,500,Al día,1,1
P000002047,2020-10-26,2021-10-26,Cobertura de robo,Honda Civic,2010,23518,700,Al día,0,1
P000002048,2020-07-04,2021-07-04,Cobertura total,Hyundai Elantra,2022,22605,500,Vencido,1,0
P000002049,2024-10-01,2025-10-01,Responsabilidad civil,Honda Civic,2011,12793,700,Al día,0,0
P000002050,2023-11-12,2024-11-11,Cobertura de robo,Chevrolet Cruze,2012,33810,700,Al día,0,0
P000002051,2020-09-18,2021-09-18,Responsabilidad civil,Honda Civic,2017,15400,500,Al día,0,0
P000002052,2020-09-03,2021-09-03,Cobertura de robo,Mazda 3,2012,11333,700,Vencido,1,0
P000002053,2020-10-09,2021-10-09,Cobertura de colisión,Hyundai Elantra,2013,11104,500,Al día,1,1
P000002054,2025-04-17,2026-04-17,Cobertura de colisión,Volkswagen Jetta,2014,15860,700,Al día,0,0
P000002055,2020-05-09,2021-05-09,Cobertura total,Nissan Sentra,2014,43177,500,Al día,0,0
P000002056,2023-03-21,2024-03-20,Cobertura amplia,Chevrolet Cruze,2017,18140,500,Al día,1,0
P000002057,2024-08-01,2025-08-01,Cobertura total,Honda Civic,2011,16812,600,Vencido,1,0
P000002058,2022-01-07,2023-01-07,Cobertura de colisión,Ford Focus,2017,30666,600,Al día,1,0
P000002059,2021-07-08,2022-07-08,Cobertura de colisión,Kia Forte,2010,20023,600,Vencido,0,1
P000002060,2024-09-17,2025-09-17,Cobertura de robo,Toyota Corolla,2011,32691,600,Vencido,0,0
P000002061,2024-03-13,2025-03-13,Cobertura de colisión,Hyundai Elantra,2021,20088,500,Vencido,1,1
P000002062,2024-04-15,2025-04-15,Responsabilidad civil,Honda Civic,2017,30984,600,Al día,0,1
P000002063,2025-01-11,2026-01-11,Cobertura de colisión,Toyota Corolla,2019,20281,600,Vencido,0,1
P000002064,2024-03-26,2025-03-26,Cobertura de colisión,Chevrolet Cruze,2014,36429,600,Vencido,0,1
P000002065,2024-03-18,2025-03-18,Cobertura amplia,Ford Focus,2014,49946,600,Vencido,1,1
P000002066,2020-11-24,2021-11-24,Cobertura amplia,Mazda 3,2011,42103,500,Al día,1,0
P000002067,2021-06-28,2022-06-28,Cobertura amplia,Ford Focus,2015,28299,600,Vencido,0,0
P000002068,2023-11-25,2024-11-24,Cobertura de robo,Nissan Sentra,2019,46261,700,Vencido,0,1
P000002069,2021-04-30,2022-04-30,Responsabilidad civil,Kia Forte,2010,20015,700,Vencido,1,1
P000002070,2022-01-01,2023-01-01,Cobertura de colisión,Chevrolet Cruze,2013,28134,500,Vencido,1,1
P000002071,2024-05-28,2025-05-28,Responsabilidad civil,Ford Focus,2012,20585,700,Vencido,0,1
P000002072,2025-12-06,2026-12-06,Cobertura amplia,Chevrolet Cruze,2018,27838,500,Al día,0,1
P000002073,2021-06-05,2022-06-05,Cobertura amplia,Mazda 3,2019,22915,500,Vencido,0,1
P000002074,2022-07-01,2023-07-01,Cobertura total,Kia Forte,2019,47518,600,Al día,0,1
P000002075,2020-01-15,2021-01-14,Cobertura amplia,Toyota Corolla,2021,28396,700,Al día,0,1
P000002076,2020-04-03,2021-04-03,Cobertura amplia,Toyota Corolla,2013,11209,600,Vencido,0,1
P000002077,2023-05-07,2024-05-06,Cobertura total,Toyota Corolla,2020,16274,500,Al día,0,0
P000002078,2025-03-11,2026-03-11,Cobertura total,Subaru Impreza,2021,25811,700,Vencido,0,0
P000002079,2024-10-03,2025-10-03,Cobertura de colisión,Nissan Sentra,2011,13140,700,Vencido,0,1
P000002080,2025-12-18,2026-12-18,Cobertura total,Hyundai Elantra,2010,24774,700,Vencido,0,0
P000002081,2024-04-02,2025-04-02,Cobertura total,Ford Focus,2016,41835,600,Vencido,0,0
P000002082,2022-07-29,2023-07-29,Cobertura de colisión,Kia Forte,2015,43520,700,Al día,1,0
P000002083,2022-10-10,2023-10-10,Responsabilidad civil,Honda Civic,2011,29313,500,Al día,0,0
P000002084,2025-03-01,2026-03-01,Responsabilidad civil,Toyota Corolla,2021,47506,700,Vencido,1,1
P000002085,2023-11-18,2024-11-17,Cobertura de robo,Kia Forte,2015,11376,600,Vencido,1,0
P000002086,2021-09-27,2022-09-27,Cobertura total,Toyota Corolla,2019,12728,700,Al día,0,0
P000002087,2023-02-03,2024-02-03,Responsabilidad civil,Chevrolet Cruze,2015,22487,500,Vencido,0,0
P000002088,2022-02-11,2023-02-11,Responsabilidad civil,Toyota Corolla,2012,33006,600,Vencido,1,1
P000002089,2021-04-07,2022-04-07,Responsabilidad civil,Honda Civic,2020,18182,700,Al día,1,0
P000002090,2020-05-11,2021-05-11,Cobertura de robo,Toyota Corolla,2016,15909,700,Al día,1,1
P000002091,2024-09-13,2025-09-13,Cobertura total,Toyota Corolla,2013,19798,500,Vencido,0,0
P000002092,2020-03-05,2021-03-05,Responsabilidad civil,Toyota Corolla,2012,45925,500,Al día,1,1
P000002093,2022-09-12,2023-09-12,Cobertura de robo,Nissan Sentra,2011,44852,700,Vencido,1,0
P000002094,2022-04-24,2023-04-24,Cobertura de robo,Hyundai Elantra,2022,39699,600,Vencido,1,0
P000002095,2020-10-02,2021-10-02,Cobertura amplia,Volkswagen Jetta,2018,31552,700,Al día,1,0
P000002096,2021-02-17,2022-02-17,Responsabilidad civil,Subaru Impreza,2011,43602,500,Vencido,0,0
P000002097,2020-05-17,2021-05-17,Responsabilidad civil,Ford Focus,2010,11589,700,Vencido,0,0
P000002098,2025-01-02,2026-01-02,Cobertura de colisión,Toyota Corolla,2019,16076,600,Vencido,1,1
P000002099,2020-07-18,2021-07-18,Cobertura amplia,Toyota Corolla,2020,42740,500,Vencido,0,1
P000002100,2022-09-29,2023-09-29,Cobertura de colisión,Ford Focus,2014,23647,600,Al día,0,0
P000002101,2020-06-30,2021-06-30,Cobertura total,Volkswagen Jetta,2013,41097,600,Al día,1,1
P000002102,2024-07-05,2025-07-05,Responsabilidad civil,Ford Focus,2017,36186,600,Al día,0,1
P000002103,2024-12-02,2025-12-02,Cobertura de colisión,Honda Civic,2016,12276,700,Vencido,0,1
P000002104,2022-08-17,2023-08-17,Cobertura total,Honda Civic,2021,45612,600,Vencido,0,0
P000002105,2022-06-08,2023-06-08,Cobertura total,Kia Forte,2017,46372,600,Vencido,0,0
P000002106,2020-08-19,2021-08-19,Responsabilidad civil,Ford Focus,2012,29214,500,Al día,1,0
P000002107,2021-07-27,2022-07-27,Cobertura amplia,Subaru Impreza,2013,39334,700,Vencido,0,1
P000002108,2025-08-25,2026-08-25,Cobertura total,Honda Civic,2021,41896,500,Al día,1,1
P000002109,2023-03-30,2024-03-29,Cobertura de colisión,Toyota Corolla,2020,16960,500,Vencido,1,1
P000002110,2022-08-17,2023-08-17,Cobertura amplia,Mazda 3,2019,16810,600,Vencido,0,0
P000002111,2023-07-30,2024-07-29,Cobertura amplia,Nissan Sentra,2010,33708,500,Vencido,0,1
P000002112,2023-08-06,2024-08-05,Cobertura de robo,Chevrolet Cruze,2021,16320,700,Vencido,0,1
P000002113,2022-08-28,2023-08-28,Cobertura amplia,Nissan Sentra,2011,43861,600,Al día,0,1
P000002114,2023-05-21,2024-05-20,Cobertura total,Hyundai Elantra,2020,12076,600,Vencido,0,1
P000002115,2021-08-09,2022-08-09,Cobertura amplia,Chevrolet Cruze,2020,46252,500,Vencido,1,1
P000002116,2025-11-05,2026-11-05,Cobertura amplia,Nissan Sentra,2018,49440,700,Al día,0,0
P000002117,2022-06-24,2023-06-24,Cobertura total,Honda Civic,2012,12509,700,Vencido,1,0
P000002118,2024-08-20,2025-08-20,Cobertura total,Honda Civic,2012,33582,500,Al día,1,1
P000002119,2023-05-15,2024-05-14,Cobertura total,Nissan Sentra,2012,46575,700,Vencido,0,1
P000002120,2023-02-01,2024-02-01,Cobertura amplia,Ford Focus,2011,38271,700,Vencido,1,1
P000002121,2020-09-06,2021-09-06,Cobertura de colisión,Honda Civic,2019,24008,500,Al día,0,1
P000002122,2021-12-18,2022-12-18,Cobertura de colisión,Ford Focus,2017,37076,600,Vencido,1,0
P000002123,2024-10-15,2025-10-15,Cobertura amplia,Toyota Corolla,2017,31933,600,Al día,0,0
P000002124,2025-07-23,2026-07-23,Cobertura amplia,Mazda 3,2011,23394,700,Al día,1,0
P000002125,2020-07-11,2021-07-11,Cobertura total,Hyundai Elantra,2021,13096,700,Vencido,1,1
P000002126,2023-11-11,2024-11-10,Responsabilidad civil,Subaru Impreza,2019,11266,500,Vencido,0,0
P000002127,2024-04-10,2025-04-10,Cobertura amplia,Chevrolet Cruze,2019,13139,500,Al día,0,0
P000002128,2025-11-18,2026-11-18,Cobertura de robo,Subaru Impreza,2015,12287,600,Vencido,0,0
P000002129,2023-07-29,2024-07-28,Cobertura de colisión,Subaru Impreza,2014,13004,600,Vencido,0,0
P000002130,2024-09-01,2025-09-01,Responsabilidad civil,Honda Civic,2018,25439,600,Vencido,1,1
P000002131,2024-07-30,2025-07-30,Cobertura de colisión,Honda Civic,2010,23452,500,Vencido,0,0
P000002132,2021-09-03,2022-09-03,Cobertura amplia,Volkswagen Jetta,2016,13544,600,Vencido,1,0
P000002133,2023-05-13,2024-05-12,Cobertura total,Kia Forte,2018,28627,700,Al día,1,0
P000002134,2024-03-21,2025-03-21,Cobertura total,Hyundai Elantra,2014,42305,600,Vencido,0,0
P000002135,2022-01-23,2023-01-23,Cobertura de robo,Kia Forte,2015,31502,500,Vencido,0,0
P000002136,2025-04-23,2026-04-23,Cobertura de colisión,Subaru Impreza,2021,38157,600,Vencido,1,1
P000002137,2022-09-14,2023-09-14,Cobertura total,Chevrolet Cruze,2016,26453,600,Vencido,1,1
P000002138,2022-07-12,2023-07-12,Cobertura total,Volkswagen Jetta,2018,42451,500,Al día,0,1
P000002139,2023-05-16,2024-05-15,Cobertura de robo,Ford Focus,2016,11028,700,Al día,1,0
P000002140,2021-08-14,2022-08-14,Cobertura de robo,Toyota Corolla,2014,25739,700,Vencido,1,0
P000002141,2025-03-11,2026-03-11,Responsabilidad civil,Subaru Impreza,2015,14851,500,Vencido,1,0
P000002142,2020-08-24,2021-08-24,Cobertura amplia,Toyota Corolla,2020,21537,600,Vencido,1,1
P000002143,2024-08-17,2025-08-17,Cobertura total,Toyota Corolla,2016,27475,600,Al día,1,0
P000002144,2024-09-02,2025-09-02,Responsabilidad civil,Honda Civic,2016,17627,500,Vencido,0,1
P000002145,2025-12-10,2026-12-10,Cobertura total,Honda Civic,2017,10487,600,Al día,1,1
P000002146,2021-07-03,2022-07-03,Cobertura amplia,Nissan Sentra,2022,46178,700,Al día,0,1
P000002147,2024-05-09,2025-05-09,Cobertura total,Hyundai Elantra,2021,41790,500,Vencido,0,0
P000002148,2022-09-21,2023-09-21,Cobertura amplia,Hyundai Elantra,2017,41382,700,Al día,1,1
P000002149,2022-11-10,2023-11-10,Cobertura de colisión,Ford Focus,2010,28651,600,Al día,0,1
P000002150,2022-04-12,2023-04-12,Cobertura total,Honda Civic,2010,37705,700,Al día,1,0
P000002151,2023-09-14,2024-09-13,Cobertura de colisión,Hyundai Elantra,2010,37768,700,Vencido,1,1
P000002152,2020-11-19,2021-11-19,Cobertura de robo,Mazda 3,2015,29594,600,Vencido,1,0
P000002153,2025-01-16,2026-01-16,Responsabilidad civil,Toyota Corolla,2014,25577,500,Vencido,1,1
P000002154,2024-02-28,2025-02-27,Cobertura de robo,Toyota Corolla,2021,43825,600,Al día,0,1
P000002155,2021-01-13,2022-01-13,Cobertura amplia,Volkswagen Jetta,2013,45006,600,Al día,0,0
P000002156,2022-02-19,2023-02-19,Cobertura de robo,Honda Civic,2014,31605,500,Al día,0,1
P000002157,2020-07-30,2021-07-30,Cobertura amplia,Honda Civic,2012,20859,600,Vencido,1,0
P000002158,2023-01-04,2024-01-04,Responsabilidad civil,Honda Civic,2012,12166,700,Vencido,1,0
P000002159,2024-03-24,2025-03-24,Responsabilidad civil,Toyota Corolla,2013,48078,600,Vencido,1,1
P000002160,2020-06-10,2021-06-10,Cobertura de colisión,Chevrolet Cruze,2011,24119,600,Vencido,0,1
P000002161,2020-10-25,2021-10-25,Cobertura total,Honda Civic,2022,40598,600,Al día,1,1
P000002162,2022-02-09,2023-02-09,Cobertura amplia,Toyota Corolla,2016,38586,600,Vencido,0,1
P000002163,2022-06-07,2023-06-07,Cobertura de robo,Chevrolet Cruze,2021,31597,600,Al día,0,1
P000002164,2025-05-17,2026-05-17,Cobertura total,Toyota Corolla,2022,38003,700,Vencido,0,0
P000002165,2022-05-05,2023-05-05,Cobertura amplia,Subaru Impreza,2013,44351,700,Al día,0,1
P000002166,2023-09-25,2024-09-24,Cobertura de robo,Ford Focus,2022,45984,700,Al día,0,1
P000002167,2023-05-26,2024-05-25,Cobertura total,Hyundai Elantra,2017,45927,700,Vencido,0,1
P000002168,2020-03-03,2021-03-03,Cobertura amplia,Honda Civic,2015,34522,500,Vencido,1,0
P000002169,2022-05-17,2023-05-17,Cobertura de robo,Ford Focus,2016,40309,700,Al día,1,1
P000002170,2022-02-17,2023-02-17,Responsabilidad civil,Kia Forte,2015,45851,600,Vencido,0,0
P000002171,2021-04-25,2022-04-25,Cobertura de robo,Ford Focus,2019,30857,500,Al día,0,0
P000002172,2025-05-15,2026-05-15,Cobertura de robo,Volkswagen Jetta,2021,20601,700,Al día,1,1
P000002173,2022-09-20,2023-09-20,Cobertura de colisión,Honda Civic,2015,26393,700,Vencido,0,0
P000002174,2022-04-17,2023-04-17,Cobertura amplia,Ford Focus,2020,19109,700,Vencido,1,1
P000002175,2024-06-12,2025-06-12,Cobertura de robo,Toyota Corolla,2020,47852,700,Al día,1,1
P000002176,2022-09-07,2023-09-07,Cobertura de robo,Hyundai Elantra,2018,43368,500,Al día,1,0
P000002177,2023-08-10,2024-08-09,Cobertura de colisión,Honda Civic,2019,15315,600,Al día,1,0
P000002178,2023-03-05,2024-03-04,Responsabilidad civil,Nissan Sentra,2016,39623,700,Vencido,0,1
P000002179,2024-04-08,2025-04-08,Cobertura de colisión,Toyota Corolla,2013,28017,500,Al día,0,0
P000002180,2025-03-24,2026-03-24,Cobertura total,Mazda 3,2020,41850,600,Vencido,1,0
P000002181,2025-12-25,2026-12-25,Responsabilidad civil,Honda Civic,2022,19241,600,Al día,0,0
P000002182,2024-01-11,2025-01-10,Responsabilidad civil,Mazda 3,2012,26393,700,Vencido,1,0
P000002183,2023-06-17,2024-06-16,Cobertura de robo,Nissan Sentra,2013,22290,500,Al día,0,0
P000002184,2022-12-07,2023-12-07,Cobertura total,Subaru Impreza,2022,42133,600,Vencido,1,0
P000002185,2024-01-13,2025-01-12,Cobertura total,Nissan Sentra,2018,38301,500,Al día,0,0
P000002186,2025-10-01,2026-10-01,Cobertura de robo,Ford Focus,2017,20155,500,Al día,0,1
P000002187,2025-07-29,2026-07-29,Cobertura amplia,Hyundai Elantra,2022,28257,700,Vencido,1,0
P000002188,2025-03-23,2026-03-23,Cobertura de colisión,Mazda 3,2014,28291,600,Vencido,1,0
P000002189,2021-02-07,2022-02-07,Cobertura amplia,Chevrolet Cruze,2015,21661,500,Vencido,0,1
P000002190,2025-04-07,2026-04-07,Cobertura amplia,Nissan Sentra,2020,25311,700,Al día,0,1
P000002191,2023-08-04,2024-08-03,Cobertura de colisión,Nissan Sentra,2013,36321,600,Vencido,0,0
P000002192,2022-04-12,2023-04-12,Cobertura total,Ford Focus,2022,28522,600,Vencido,0,1
P000002193,2024-02-27,2025-02-26,Cobertura amplia,Kia Forte,2015,13371,700,Vencido,0,0
P000002194,2023-07-05,2024-07-04,Cobertura de colisión,Toyota Corolla,2013,14567,500,Al día,1,0
P000002195,2024-08-22,2025-08-22,Cobertura de robo,Honda Civic,2014,47470,700,Vencido,1,0
P000002196,2020-07-06,2021-07-06,Cobertura de colisión,Honda Civic,2022,16798,500,Al día,0,1
P000002197,2022-06-25,2023-06-25,Responsabilidad civil,Kia Forte,2014,39094,600,Vencido,0,0
P000002198,2021-08-20,2022-08-20,Cobertura de colisión,Hyundai Elantra,2015,23307,600,Al día,0,0
P000002199,2020-03-07,2021-03-07,Cobertura de colisión,Honda Civic,2014,26409,600,Vencido,0,0
P000002200,2022-12-04,2023-12-04,Cobertura total,Honda Civic,2013,44176,500,Al día,1,0
P000002201,2024-09-06,2025-09-06,Cobertura total,Toyota Corolla,2012,37608,700,Al día,1,1
P000002202,2023-04-24,2024-04-23,Cobertura de colisión,Ford Focus,2018,20994,500,Vencido,1,1
P000002203,2021-09-16,2022-09-16,Cobertura total,Toyota Corolla,2012,18463,500,Vencido,0,1
P000002204,2022-03-14,2023-03-14,Cobertura total,Hyundai Elantra,2019,34213,600,Vencido,1,1
P000002205,2023-09-13,2024-09-12,Cobertura amplia,Hyundai Elantra,2019,40177,600,Vencido,1,1
P000002206,2022-07-31,2023-07-31,Cobertura total,Chevrolet Cruze,2016,45474,700,Al día,1,0
P000002207,2024-04-04,2025-04-04,Cobertura amplia,Hyundai Elantra,2010,33825,500,Vencido,1,0
P000002208,2022-10-03,2023-10-03,Responsabilidad civil,Ford Focus,2018,24878,600,Al día,1,0
P000002209,2025-08-07,2026-08-07,Cobertura de colisión,Kia Forte,2010,36452,700,Al día,0,0
P000002210,2023-10-14,2024-10-13,Cobertura de robo,Honda Civic,2020,48992,700,Vencido,1,0
P000002211,2022-11-20,2023-11-20,Cobertura total,Kia Forte,2010,39162,600,Al día,1,1
P000002212,2025-06-24,2026-06-24,Responsabilidad civil,Hyundai Elantra,2018,24798,700,Al día,0,0
P000002213,2025-07-02,2026-07-02,Cobertura de colisión,Ford Focus,2013,13183,500,Vencido,1,1
P000002214,2025-03-02,2026-03-02,Cobertura total,Ford Focus,2012,10732,600,Al día,0,1
P000002215,2021-11-20,2022-11-20,Cobertura de robo,Ford Focus,2021,10074,700,Vencido,1,0
P000002216,2023-12-13,2024-12-12,Cobertura de colisión,Toyota Corolla,2020,16188,500,Vencido,1,0
P000002217,2021-11-24,2022-11-24,Cobertura total,Volkswagen Jetta,2021,10140,700,Al día,0,1
P000002218,2021-07-27,2022-07-27,Cobertura de robo,Subaru Impreza,2011,24970,700,Al día,1,1
P000002219,2025-06-23,2026-06-23,Cobertura de robo,Toyota Corolla,2013,48533,600,Al día,0,1
P000002220,2022-01-23,2023-01-23,Responsabilidad civil,Kia Forte,2011,30401,600,Vencido,0,0
P000002221,2020-08-28,2021-08-28,Responsabilidad civil,Chevrolet Cruze,2022,32718,700,Vencido,1,1
P000002222,2025-11-16,2026-11-16,Cobertura de colisión,Toyota Corolla,2011,27717,600,Al día,0,1
P000002223,2020-05-18,2021-05-18,Cobertura total,Ford Focus,2021,46177,700,Vencido,1,0
P000002224,2020-10-31,2021-10-31,Responsabilidad civil,Kia Forte,2022,13989,700,Al día,0,0
P000002225,2020-07-17,2021-07-17,Cobertura total,Subaru Impreza,2013,18789,500,Al día,1,1
P000002226,2020-01-27,2021-01-26,Cobertura de robo,Subaru Impreza,2019,32081,600,Vencido,1,1
P000002227,2024-08-16,2025-08-16,Cobertura de colisión,Ford Focus,2020,23253,600,Al día,1,0
P000002228,2021-07-17,2022-07-17,Cobertura de robo,Toyota Corolla,2017,36185,500,Al día,0,1
P000002229,2022-08-05,2023-08-05,Cobertura total,Subaru Impreza,2011,27423,500,Vencido,0,1
P000002230,2020-10-05,2021-10-05,Cobertura total,Volkswagen Jetta,2018,49243,600,Vencido,0,1
P000002231,2021-09-10,2022-09-10,Cobertura de colisión,Nissan Sentra,2016,22062,500,Vencido,1,1
P000002232,2020-02-07,2021-02-06,Cobertura total,Volkswagen Jetta,2010,32388,700,Vencido,0,1
P000002233,2022-06-14,2023-06-14,Cobertura amplia,Subaru Impreza,2011,23288,500,Vencido,1,1
P000002234,2025-09-02,2026-09-02,Cobertura amplia,Volkswagen Jetta,2021,48750,500,Al día,1,0
P000002235,2025-02-10,2026-02-10,Cobertura de robo,Mazda 3,2022,45878,600,Al día,1,0
P000002236,2024-03-08,2025-03-08,Responsabilidad civil,Chevrolet Cruze,2021,37580,500,Al día,0,0
P000002237,2020-09-04,2021-09-04,Responsabilidad civil,Hyundai Elantra,2017,27856,600,Al día,1,0
P000002238,2025-06-02,2026-06-02,Cobertura amplia,Kia Forte,2011,40055,600,Vencido,0,0
P000002239,2025-06-21,2026-06-21,Cobertura de robo,Honda Civic,2014,12807,500,Al día,0,0
P000002240,2020-03-05,2021-03-05,Cobertura total,Mazda 3,2013,20215,700,Al día,0,0
P000002241,2020-01-28,2021-01-27,Responsabilidad civil,Subaru Impreza,2021,15839,700,Al día,0,1
P000002242,2025-12-19,2026-12-19,Cobertura total,Honda Civic,2016,47409,700,Al día,1,1
P000002243,2024-08-11,2025-08-11,Cobertura de robo,Mazda 3,2016,36720,600,Vencido,0,0
P000002244,2020-02-18,2021-02-17,Cobertura de robo,Honda Civic,2018,32752,700,Al día,1,0
P000002245,2020-03-09,2021-03-09,Responsabilidad civil,Chevrolet Cruze,2014,15680,600,Vencido,1,1
P000002246,2025-12-08,2026-12-08,Cobertura total,Chevrolet Cruze,2017,36771,600,Vencido,0,1
P000002247,2023-01-30,2024-01-30,Cobertura total,Toyota Corolla,2013,39938,700,Vencido,1,1
P000002248,2023-03-20,2024-03-19,Cobertura de colisión,Ford Focus,2012,21147,700,Al día,1,0
P000002249,2020-03-11,2021-03-11,Cobertura de colisión,Chevrolet Cruze,2014,44532,500,Vencido,1,0
P000002250,2025-08-19,2026-08-19,Cobertura amplia,Nissan Sentra,2013,10516,700,Al día,0,0
P000002251,2024-10-29,2025-10-29,Cobertura de colisión,Hyundai Elantra,2014,30887,700,Al día,1,1
P000002252,2022-01-04,2023-01-04,Cobertura amplia,Toyota Corolla,2014,29145,700,Al día,1,1
P000002253,2021-03-14,2022-03-14,Cobertura amplia,Toyota Corolla,2018,33113,500,Al día,0,1
P000002254,2021-01-29,2022-01-29,Cobertura amplia,Honda Civic,2021,44731,700,Al día,1,0
P000002255,2025-11-17,2026-11-17,Responsabilidad civil,Toyota Corolla,2017,39519,500,Al día,0,0
P000002256,2021-09-01,2022-09-01,Cobertura de colisión,Toyota Corolla,2011,34308,600,Al día,1,0
P000002257,2022-09-14,2023-09-14,Cobertura de robo,Chevrolet Cruze,2021,22382,700,Al día,1,0
P000002258,2022-02-25,2023-02-25,Cobertura de colisión,Kia Forte,2018,10195,500,Al día,0,1
P000002259,2025-11-26,2026-11-26,Cobertura amplia,Kia Forte,2016,12262,700,Vencido,0,1
P000002260,2022-10-30,2023-10-30,Responsabilidad civil,Ford Focus,2019,33713,500,Vencido,1,1
P000002261,2023-12-22,2024-12-21,Cobertura amplia,Chevrolet Cruze,2016,44299,500,Al día,1,1
P000002262,2022-12-30,2023-12-30,Responsabilidad civil,Nissan Sentra,2013,30437,700,Al día,1,1
P000002263,2024-06-13,2025-06-13,Cobertura amplia,Honda Civic,2015,49731,600,Vencido,0,0
P000002264,2020-11-19,2021-11-19,Cobertura de colisión,Toyota Corolla,2020,12373,600,Vencido,1,0
P000002265,2024-03-08,2025-03-08,Cobertura total,Honda Civic,2020,44545,500,Al día,1,1
P000002266,2024-07-21,2025-07-21,Cobertura de robo,Honda Civic,2012,11476,600,Vencido,1,0
P000002267,2025-02-23,2026-02-23,Cobertura de colisión,Honda Civic,2016,45237,700,Vencido,0,1
P000002268,2022-09-23,2023-09-23,Cobertura de robo,Chevrolet Cruze,2019,22530,700,Vencido,1,1
P000002269,2022-07-14,2023-07-14,Cobertura total,Toyota Corolla,2019,36442,600,Vencido,1,1
P000002270,2023-05-13,2024-05-12,Responsabilidad civil,Toyota Corolla,2013,17211,600,Al día,0,0
P000002271,2020-11-26,2021-11-26,Cobertura de robo,Honda Civic,2014,49964,500,Vencido,0,1
P000002272,2020-05-09,2021-05-09,Cobertura de colisión,Chevrolet Cruze,2013,48759,600,Vencido,0,1
P000002273,2021-01-17,2022-01-17,Cobertura de colisión,Ford Focus,2020,26982,600,Al día,1,0
P000002274,2024-07-18,2025-07-18,Cobertura amplia,Ford Focus,2011,16766,500,Vencido,1,0
P000002275,2024-04-02,2025-04-02,Cobertura total,Honda Civic,2014,30104,500,Al día,1,0
P000002276,2024-03-24,2025-03-24,Cobertura de robo,Nissan Sentra,2010,18013,500,Vencido,0,0
P000002277,2025-05-03,2026-05-03,Cobertura total,Kia Forte,2013,13739,500,Al día,1,0
P000002278,2020-08-17,2021-08-17,Cobertura total,Nissan Sentra,2018,29972,600,Vencido,0,0
P000002279,2020-02-08,2021-02-07,Cobertura amplia,Kia Forte,2016,17747,500,Vencido,1,0
P000002280,2021-12-02,2022-12-02,Cobertura amplia,Ford Focus,2016,18016,700,Al día,1,1
P000002281,2020-12-04,2021-12-04,Cobertura de colisión,Honda Civic,2013,48498,600,Vencido,0,1
P000002282,2025-08-09,2026-08-09,Cobertura de colisión,Toyota Corolla,2020,33732,600,Vencido,1,0
P000002283,2024-11-12,2025-11-12,Cobertura total,Hyundai Elantra,2012,26962,700,Vencido,0,1
P000002284,2023-09-18,2024-09-17,Responsabilidad civil,Hyundai Elantra,2016,35812,600,Vencido,0,1
P000002285,2021-01-25,2022-01-25,Cobertura amplia,Ford Focus,2019,28003,600,Al día,0,0
P000002286,2025-12-03,2026-12-03,Cobertura total,Toyota Corolla,2011,45919,500,Al día,0,1
P000002287,2020-06-23,2021-06-23,Cobertura amplia,Honda Civic,2015,41606,500,Al día,0,0
P000002288,2022-07-30,2023-07-30,Cobertura amplia,Mazda 3,2018,12758,500,Al día,0,1
P000002289,2022-05-15,2023-05-15,Cobertura total,Honda Civic,2017,38857,600,Al día,1,0
P000002290,2025-05-01,2026-05-01,Cobertura total,Chevrolet Cruze,2019,11143,500,Al día,1,0
P000002291,2023-01-15,2024-01-15,Responsabilidad civil,Ford Focus,2022,21709,600,Vencido,1,0
P000002292,2020-07-09,2021-07-09,Cobertura total,Mazda 3,2020,44863,700,Al día,0,0
P000002293,2020-10-31,2021-10-31,Responsabilidad civil,Hyundai Elantra,2019,39072,700,Al día,1,1
P000002294,2023-02-22,2024-02-22,Responsabilidad civil,Chevrolet Cruze,2013,14450,500,Vencido,1,1
P000002295,2020-05-14,2021-05-14,Cobertura de robo,Ford Focus,2021,23149,500,Vencido,1,0
P000002296,2022-01-04,2023-01-04,Cobertura amplia,Honda Civic,2016,10777,500,Al día,0,1
P000002297,2023-07-12,2024-07-11,Cobertura total,Volkswagen Jetta,2017,14279,500,Al día,1,0
P000002298,2020-03-05,2021-03-05,Cobertura total,Toyota Corolla,2011,49700,500,Al día,0,0
P000002299,2022-04-28,2023-04-28,Cobertura total,Toyota Corolla,2014,12988,600,Al día,1,1
P000002300,2021-08-13,2022-08-13,Cobertura de robo,Toyota Corolla,2018,27059,500,Vencido,0,1
P000002301,2024-06-19,2025-06-19,Cobertura total,Hyundai Elantra,2020,47339,700,Al día,0,0
P000002302,2020-11-11,2021-11-11,Cobertura de colisión,Ford Focus,2022,46808,700,Al día,1,0
P000002303,2023-05-10,2024-05-09,Cobertura amplia,Toyota Corolla,2022,18453,500,Vencido,1,0
P000002304,2021-10-27,2022-10-27,Cobertura de colisión,Hyundai Elantra,2010,34004,500,Vencido,1,1
P000002305,2022-09-11,2023-09-11,Cobertura amplia,Honda Civic,2015,27763,600,Vencido,0,0
P000002306,2024-05-12,2025-05-12,Cobertura amplia,Kia Forte,2019,36019,600,Vencido,1,1
P000002307,2023-09-20,2024-09-19,Cobertura de robo,Honda Civic,2022,32383,500,Al día,0,0
P000002308,2024-04-21,2025-04-21,Cobertura total,Hyundai Elantra,2017,16380,600,Al día,0,1
P000002309,2021-07-27,2022-07-27,Responsabilidad civil,Volkswagen Jetta,2017,20680,700,Al día,0,0
P000002310,2020-11-17,2021-11-17,Cobertura de colisión,Hyundai Elantra,2011,16105,700,Al día,1,1
P000002311,2025-08-13,2026-08-13,Cobertura de robo,Honda Civic,2017,13640,700,Al día,1,1
P000002312,2023-11-17,2024-11-16,Cobertura amplia,Toyota Corolla,2016,24664,600,Vencido,0,1
P000002313,2020-08-07,2021-08-07,Responsabilidad civil,Toyota Corolla,2019,41795,700,Al día,0,0
P000002314,2021-02-04,2022-02-04,Cobertura de colisión,Honda Civic,2013,45501,700,Al día,0,1
P000002315,2024-11-25,2025-11-25,Cobertura de colisión,Honda Civic,2022,15506,600,Vencido,1,1
P000002316,2022-08-08,2023-08-08,Cobertura total,Toyota Corolla,2011,47932,500,Al día,0,1
P000002317,2020-11-07,2021-11-07,Responsabilidad civil,Volkswagen Jetta,2015,44145,500,Al día,0,0
P000002318,2023-10-27,2024-10-26,Cobertura amplia,Mazda 3,2010,17384,500,Al día,0,0
P000002319,2024-06-12,2025-06-12,Cobertura de robo,Ford Focus,2014,18566,600,Al día,0,0
P000002320,2023-08-29,2024-08-28,Responsabilidad civil,Ford Focus,2015,23611,700,Vencido,1,1
P000002321,2020-05-01,2021-05-01,Cobertura de robo,Toyota Corolla,2019,39329,700,Vencido,1,0
P000002322,2023-01-24,2024-01-24,Cobertura total,Honda Civic,2014,37487,600,Vencido,0,0
P000002323,2025-01-19,2026-01-19,Responsabilidad civil,Honda Civic,2014,35559,600,Al día,0,1
P000002324,2025-07-02,2026-07-02,Cobertura amplia,Hyundai Elantra,2010,39059,500,Vencido,1,1
P000002325,2022-07-23,2023-07-23,Cobertura de colisión,Honda Civic,2021,28581,500,Vencido,1,0
P000002326,2023-12-28,2024-12-27,Cobertura amplia,Chevrolet Cruze,2013,42046,600,Vencido,1,0
P000002327,2024-03-17,2025-03-17,Cobertura total,Toyota Corolla,2012,14078,500,Al día,1,0
P000002328,2024-11-03,2025-11-03,Cobertura amplia,Toyota Corolla,2013,16120,700,Vencido,0,0
P000002329,2022-01-30,2023-01-30,Cobertura de robo,Volkswagen Jetta,2021,12738,600,Vencido,0,1
P000002330,2024-04-05,2025-04-05,Cobertura amplia,Nissan Sentra,2015,15104,700,Al día,0,1
P000002331,2020-12-17,2021-12-17,Cobertura total,Nissan Sentra,2011,43794,600,Al día,0,1
P000002332,2023-04-24,2024-04-23,Cobertura de colisión,Ford Focus,2022,46616,700,Vencido,0,0
P000002333,2022-10-06,2023-10-06,Cobertura total,Toyota Corolla,2011,42797,500,Al día,1,1
P000002334,2020-10-28,2021-10-28,Responsabilidad civil,Mazda 3,2017,32855,600,Al día,0,0
P000002335,2020-12-02,2021-12-02,Cobertura de colisión,Ford Focus,2020,40489,600,Al día,0,1
P000002336,2023-01-02,2024-01-02,Cobertura total,Toyota Corolla,2015,25967,600,Vencido,1,1
P000002337,2021-09-23,2022-09-23,Responsabilidad civil,Honda Civic,2016,22394,500,Vencido,1,0
P000002338,2024-04-05,2025-04-05,Cobertura de colisión,Toyota Corolla,2020,12759,600,Vencido,1,1
P000002339,2021-09-23,2022-09-23,Cobertura de robo,Ford Focus,2015,12842,500,Al día,1,1
P000002340,2024-05-14,2025-05-14,Cobertura amplia,Toyota Corolla,2018,34448,600,Vencido,1,1
P000002341,2023-07-21,2024-07-20,Cobertura de robo,Subaru Impreza,2016,47266,700,Al día,0,1
P000002342,2024-01-17,2025-01-16,Cobertura total,Volkswagen Jetta,2015,31537,700,Vencido,1,1
P000002343,2021-03-12,2022-03-12,Cobertura de robo,Kia Forte,2017,28858,700,Vencido,0,1
P000002344,2021-01-09,2022-01-09,Cobertura de colisión,Volkswagen Jetta,2010,17804,500,Al día,1,0
P000002345,2020-01-22,2021-01-21,Cobertura de robo,Toyota Corolla,2021,24196,600,Vencido,0,0
P000002346,2023-06-16,2024-06-15,Cobertura amplia,Ford Focus,2013,39159,500,Al día,1,0
P000002347,2024-12-26,2025-12-26,Cobertura de colisión,Hyundai Elantra,2022,28445,600,Al día,0,1
P000002348,2024-01-14,2025-01-13,Cobertura de colisión,Hyundai Elantra,2010,49214,500,Vencido,0,1
P000002349,2023-01-09,2024-01-09,Cobertura de robo,Ford Focus,2017,28279,700,Al día,0,1
P000002350,2021-02-22,2022-02-22,Cobertura total,Hyundai Elantra,2011,10033,600,Al día,1,0
P000002351,2021-06-26,2022-06-26,Responsabilidad civil,Honda Civic,2018,18349,600,Al día,1,0
P000002352,2020-12-23,2021-12-23,Cobertura de colisión,Toyota Corolla,2011,11632,600,Al día,1,1
P000002353,2022-02-06,2023-02-06,Cobertura total,Mazda 3,2020,24811,700,Vencido,0,0
P000002354,2024-10-31,2025-10-31,Cobertura de colisión,Honda Civic,2021,22306,500,Vencido,0,1
P000002355,2025-01-12,2026-01-12,Cobertura total,Toyota Corolla,2010,47693,500,Al día,0,1
P000002356,2025-09-29,2026-09-29,Cobertura total,Volkswagen Jetta,2013,47416,500,Al día,1,0
P000002357,2024-07-29,2025-07-29,Cobertura amplia,Volkswagen Jetta,2022,24956,700,Al día,1,1
P000002358,2021-02-27,2022-02-27,Cobertura amplia,Kia Forte,2011,29526,500,Al día,1,0
P000002359,2020-04-17,2021-04-17,Cobertura de robo,Toyota Corolla,2017,13452,700,Vencido,1,0
P000002360,2021-01-02,2022-01-02,Cobertura de robo,Toyota Corolla,2014,14013,700,Vencido,1,0
P000002361,2023-12-20,2024-12-19,Cobertura amplia,Chevrolet Cruze,2014,29789,500,Al día,1,0
P000002362,2021-01-16,2022-01-16,Responsabilidad civil,Kia Forte,2012,28208,500,Al día,0,0
P000002363,2023-08-21,2024-08-20,Responsabilidad civil,Kia Forte,2012,31474,600,Vencido,0,0
P000002364,2024-04-26,2025-04-26,Responsabilidad civil,Nissan Sentra,2015,30941,500,Al día,1,0
P000002365,2020-02-20,2021-02-19,Cobertura total,Mazda 3,2015,10340,500,Vencido,0,1
P000002366,2023-04-10,2024-04-09,Cobertura amplia,Hyundai Elantra,2014,35363,500,Al día,0,1
P000002367,2024-08-21,2025-08-21,Cobertura de colisión,Toyota Corolla,2012,30065,500,Al día,0,0
P000002368,2024-05-07,2025-05-07,Cobertura de robo,Ford Focus,2011,30826,500,Al día,1,0
P000002369,2020-12-12,2021-12-12,Cobertura amplia,Mazda 3,2015,34733,700,Al día,0,1
P000002370,2022-09-21,2023-09-21,Cobertura de colisión,Honda Civic,2020,42142,500,Al día,0,1
P000002371,2025-11-04,2026-11-04,Cobertura amplia,Toyota Corolla,2012,27902,700,Al día,1,1
P000002372,2021-11-25,2022-11-25,Cobertura de colisión,Ford Focus,2012,42653,700,Vencido,0,0
P000002373,2024-04-08,2025-04-08,Cobertura total,Toyota Corolla,2018,32289,700,Al día,1,1
P000002374,2021-11-25,2022-11-25,Cobertura de robo,Mazda 3,2018,13430,500,Al día,0,0
P000002375,2021-07-22,2022-07-22,Cobertura de colisión,Kia Forte,2016,49138,700,Al día,1,0
P000002376,2023-01-06,2024-01-06,Cobertura de robo,Toyota Corolla,2016,11214,700,Vencido,1,1
P000002377,2023-05-18,2024-05-17,Cobertura de colisión,Honda Civic,2011,41708,600,Vencido,0,1
P000002378,2023-01-04,2024-01-04,Responsabilidad civil,Toyota Corolla,2011,49062,500,Al día,1,0
P000002379,2025-07-12,2026-07-12,Cobertura amplia,Toyota Corolla,2017,47420,700,Vencido,0,1
P000002380,2021-08-20,2022-08-20,Cobertura de robo,Hyundai Elantra,2014,23698,500,Al día,1,1
P000002381,2020-09-16,2021-09-16,Cobertura amplia,Chevrolet Cruze,2021,31012,700,Al día,0,1
P000002382,2021-11-15,2022-11-15,Cobertura de robo,Chevrolet Cruze,2020,21569,700,Vencido,0,1
P000002383,2024-11-15,2025-11-15,Cobertura de colisión,Toyota Corolla,2018,32254,500,Vencido,1,0
P000002384,2023-02-04,2024-02-04,Cobertura de colisión,Honda Civic,2020,27527,500,Vencido,1,0
P000002385,2024-09-20,2025-09-20,Cobertura de colisión,Hyundai Elantra,2014,42377,700,Vencido,1,0
P000002386,2023-05-12,2024-05-11,Cobertura amplia,Kia Forte,2022,13248,600,Al día,1,0
P000002387,2025-06-06,2026-06-06,Cobertura total,Toyota Corolla,2014,43939,500,Al día,1,1
P000002388,2020-11-11,2021-11-11,Cobertura amplia,Subaru Impreza,2014,26081,500,Al día,0,1
P000002389,2024-01-19,2025-01-18,Cobertura amplia,Toyota Corolla,2016,27098,700,Vencido,1,0
P000002390,2022-10-27,2023-10-27,Cobertura total,Ford Focus,2015,18246,600,Al día,0,0
P000002391,2022-10-07,2023-10-07,Responsabilidad civil,Chevrolet Cruze,2018,10717,500,Al día,1,0
P000002392,2025-07-23,2026-07-23,Cobertura de colisión,Subaru Impreza,2020,26911,700,Al día,1,1
P000002393,2022-03-11,2023-03-11,Cobertura amplia,Honda Civic,2022,39338,600,Vencido,0,0
P000002394,2025-02-18,2026-02-18,Cobertura de colisión,Hyundai Elantra,2022,13641,500,Al día,1,1
P000002395,2021-03-14,2022-03-14,Responsabilidad civil,Toyota Corolla,2010,43578,600,Al día,1,0
P000002396,2021-07-08,2022-07-08,Cobertura amplia,Nissan Sentra,2015,22267,500,Vencido,0,0
P000002397,2023-06-01,2024-05-31,Cobertura de robo,Chevrolet Cruze,2019,47831,500,Vencido,0,0
P000002398,2020-01-28,2021-01-27,Cobertura de colisión,Subaru Impreza,2014,22326,700,Al día,1,1
P000002399,2024-06-08,2025-06-08,Cobertura de robo,Chevrolet Cruze,2013,47979,600,Al día,0,0
P000002400,2023-09-22,2024-09-21,Cobertura de colisión,Ford Focus,2012,39052,600,Al día,0,1
P000002401,2024-04-05,2025-04-05,Cobertura de colisión,Volkswagen Jetta,2019,39027,700,Al día,0,1
P000002402,2023-09-11,2024-09-10,Cobertura total,Honda Civic,2020,21722,600,Vencido,0,1
P000002403,2024-12-08,2025-12-08,Cobertura total,Toyota Corolla,2010,44007,700,Al día,1,0
P000002404,2023-10-03,2024-10-02,Cobertura de colisión,Toyota Corolla,2010,21934,600,Vencido,0,1
P000002405,2024-10-29,2025-10-29,Cobertura total,Ford Focus,2014,25796,600,Al día,1,0
P000002406,2021-07-11,2022-07-11,Cobertura de colisión,Ford Focus,2014,21650,600,Vencido,1,1
P000002407,2023-05-15,2024-05-14,Cobertura de colisión,Ford Focus,2020,25080,700,Al día,1,1
P000002408,2023-08-06,2024-08-05,Cobertura de colisión,Subaru Impreza,2017,11063,700,Al día,1,0
P000002409,2022-04-02,2023-04-02,Cobertura de colisión,Honda Civic,2022,37353,600,Al día,0,0
P000002410,2025-05-16,2026-05-16,Cobertura de robo,Kia Forte,2013,15525,600,Al día,0,0
P000002411,2023-07-10,2024-07-09,Cobertura de robo,Mazda 3,2019,18221,700,Vencido,1,0
P000002412,2021-12-28,2022-12-28,Cobertura de robo,Kia Forte,2016,10427,600,Al día,0,1
P000002413,2024-06-19,2025-06-19,Cobertura total,Chevrolet Cruze,2016,33043,700,Al día,1,1
P000002414,2023-07-31,2024-07-30,Cobertura total,Ford Focus,2018,25256,500,Al día,1,1
P000002415,2023-04-08,2024-04-07,Cobertura de robo,Hyundai Elantra,2012,39527,500,Al día,0,1
P000002416,2025-07-04,2026-07-04,Cobertura amplia,Toyota Corolla,2019,36937,600,Vencido,1,1
P000002417,2022-09-19,2023-09-19,Cobertura total,Toyota Corolla,2011,41152,500,Al día,0,1
P000002418,2023-08-27,2024-08-26,Responsabilidad civil,Volkswagen Jetta,2012,11794,500,Al día,1,0
P000002419,2024-03-20,2025-03-20,Cobertura amplia,Volkswagen Jetta,2019,21525,500,Al día,1,0
P000002420,2023-02-22,2024-02-22,Cobertura amplia,Chevrolet Cruze,2016,26413,500,Al día,0,0
P000002421,2024-05-28,2025-05-28,Responsabilidad civil,Toyota Corolla,2014,47182,500,Vencido,1,0
P000002422,2024-02-04,2025-02-03,Cobertura de colisión,Toyota Corolla,2014,37345,600,Vencido,0,0
P000002423,2021-04-11,2022-04-11,Cobertura amplia,Hyundai Elantra,2017,49409,500,Al día,0,0
P000002424,2022-03-29,2023-03-29,Cobertura de colisión,Kia Forte,2010,19424,600,Al día,1,0
P000002425,2022-01-06,2023-01-06,Cobertura de robo,Honda Civic,2012,20130,700,Al día,1,0
P000002426,2020-04-20,2021-04-20,Cobertura de colisión,Honda Civic,2018,41307,600,Al día,0,1
P000002427,2025-03-05,2026-03-05,Cobertura amplia,Honda Civic,2020,23885,500,Al día,1,0
P000002428,2022-05-08,2023-05-08,Cobertura amplia,Chevrolet Cruze,2019,13052,500,Vencido,1,1
P000002429,2024-11-30,2025-11-30,Cobertura amplia,Honda Civic,2015,33999,600,Al día,0,0
P000002430,2023-04-08,2024-04-07,Responsabilidad civil,Ford Focus,2011,14142,700,Vencido,0,0
P000002431,2020-10-10,2021-10-10,Cobertura de colisión,Nissan Sentra,2015,40705,600,Al día,0,1
P000002432,2024-08-02,2025-08-02,Cobertura de robo,Honda Civic,2019,15357,700,Vencido,1,1
P000002433,2025-08-07,2026-08-07,Cobertura de robo,Honda Civic,2022,12611,500,Vencido,0,0
P000002434,2021-07-24,2022-07-24,Responsabilidad civil,Volkswagen Jetta,2015,41104,700,Vencido,1,0
P000002435,2023-05-25,2024-05-24,Cobertura de robo,Toyota Corolla,2016,11228,500,Al día,1,0
P000002436,2022-09-18,2023-09-18,Responsabilidad civil,Toyota Corolla,2015,33006,600,Al día,0,1
P000002437,2022-10-31,2023-10-31,Cobertura de robo,Mazda 3,2012,49205,600,Vencido,1,0
P000002438,2021-09-23,2022-09-23,Cobertura amplia,Kia Forte,2012,36259,600,Al día,0,0
P000002439,2024-09-29,2025-09-29,Cobertura de colisión,Ford Focus,2014,42463,600,Al día,0,0
P000002440,2024-03-24,2025-03-24,Responsabilidad civil,Ford Focus,2017,44462,700,Al día,1,1
P000002441,2020-10-29,2021-10-29,Responsabilidad civil,Ford Focus,2019,23080,500,Vencido,1,1
P000002442,2025-01-13,2026-01-13,Cobertura amplia,Toyota Corolla,2011,22263,600,Al día,0,1
P000002443,2025-05-16,2026-05-16,Cobertura de robo,Ford Focus,2021,37729,500,Al día,0,1
P000002444,2024-06-29,2025-06-29,Responsabilidad civil,Toyota Corolla,2015,24477,700,Vencido,0,1
P000002445,2025-12-28,2026-12-28,Cobertura amplia,Kia Forte,2012,46187,700,Vencido,0,1
P000002446,2025-09-06,2026-09-06,Cobertura de colisión,Hyundai Elantra,2016,36774,500,Vencido,1,1
P000002447,2024-09-09,2025-09-09,Cobertura de colisión,Hyundai Elantra,2022,18206,500,Al día,1,1
P000002448,2020-05-30,2021-05-30,Cobertura de colisión,Kia Forte,2012,19126,700,Vencido,1,0
P000002449,2024-01-12,2025-01-11,Cobertura total,Toyota Corolla,2012,39531,500,Al día,0,0
P000002450,2020-12-14,2021-12-14,Cobertura amplia,Subaru Impreza,2013,40731,600,Vencido,1,1
P000002451,2021-03-23,2022-03-23,Cobertura de robo,Honda Civic,2021,42901,500,Al día,0,1
P000002452,2022-10-13,2023-10-13,Cobertura de robo,Honda Civic,2012,10103,600,Al día,1,1
P000002453,2023-12-25,2024-12-24,Cobertura amplia,Nissan Sentra,2012,41791,700,Vencido,0,0
P000002454,2021-11-12,2022-11-12,Cobertura amplia,Kia Forte,2022,27110,600,Al día,0,1
P000002455,2020-06-30,2021-06-30,Cobertura de colisión,Chevrolet Cruze,2019,11629,600,Al día,0,0
P000002456,2024-06-24,2025-06-24,Cobertura total,Honda Civic,2022,24157,500,Al día,0,1
P000002457,2023-09-20,2024-09-19,Responsabilidad civil,Toyota Corolla,2011,21189,600,Al día,0,1
P000002458,2024-10-29,2025-10-29,Cobertura de colisión,Hyundai Elantra,2022,21543,500,Vencido,1,0
P000002459,2021-03-09,2022-03-09,Responsabilidad civil,Hyundai Elantra,2016,48749,500,Vencido,0,1
P000002460,2020-02-13,2021-02-12,Cobertura de colisión,Ford Focus,2022,16360,700,Vencido,0,1
P000002461,2021-02-07,2022-02-07,Cobertura total,Toyota Corolla,2021,22768,600,Al día,1,0
P000002462,2022-11-25,2023-11-25,Cobertura amplia,Toyota Corolla,2021,19513,700,Al día,1,0
P000002463,2022-06-28,2023-06-28,Responsabilidad civil,Ford Focus,2019,34629,700,Al día,0,1
P000002464,2025-09-22,2026-09-22,Cobertura de colisión,Hyundai Elantra,2016,45890,700,Vencido,1,0
P000002465,2025-10-25,2026-10-25,Cobertura total,Hyundai Elantra,2017,18486,700,Al día,1,1
P000002466,2022-06-24,2023-06-24,Cobertura amplia,Chevrolet Cruze,2015,48876,700,Al día,0,1
P000002467,2024-12-30,2025-12-30,Responsabilidad civil,Honda Civic,2016,42924,600,Vencido,1,0
P000002468,2024-03-12,2025-03-12,Cobertura de colisión,Toyota Corolla,2014,32896,500,Vencido,1,1
P000002469,2024-05-21,2025-05-21,Cobertura total,Honda Civic,2010,24460,500,Al día,0,1
P000002470,2025-03-11,2026-03-11,Responsabilidad civil,Nissan Sentra,2011,46758,700,Vencido,1,0
P000002471,2025-08-11,2026-08-11,Responsabilidad civil,Toyota Corolla,2013,18666,600,Vencido,0,1
P000002472,2021-09-09,2022-09-09,Cobertura total,Honda Civic,2020,45581,700,Al día,1,0
P000002473,2023-11-13,2024-11-12,Cobertura de colisión,Ford Focus,2018,29160,600,Al día,1,1
P000002474,2020-04-10,2021-04-10,Cobertura total,Honda Civic,2012,35658,600,Vencido,0,1
P000002475,2025-05-31,2026-05-31,Cobertura amplia,Toyota Corolla,2016,39562,600,Vencido,0,0
P000002476,2021-03-04,2022-03-04,Responsabilidad civil,Volkswagen Jetta,2022,31146,700,Vencido,0,1
P000002477,2023-04-25,2024-04-24,Cobertura de robo,Ford Focus,2018,27103,600,Vencido,1,0
P000002478,2024-08-30,2025-08-30,Cobertura amplia,Nissan Sentra,2021,46088,600,Vencido,0,0
P000002479,2020-12-17,2021-12-17,Cobertura amplia,Nissan Sentra,2018,18235,500,Vencido,0,0
P000002480,2021-04-20,2022-04-20,Responsabilidad civil,Kia Forte,2014,13322,600,Al día,0,1
P000002481,2021-08-03,2022-08-03,Cobertura total,Subaru Impreza,2015,14769,600,Al día,0,0
P000002482,2023-11-27,2024-11-26,Responsabilidad civil,Chevrolet Cruze,2017,32763,500,Vencido,0,0
P000002483,2023-07-01,2024-06-30,Cobertura total,Ford Focus,2020,27492,700,Al día,0,0
P000002484,2023-11-06,2024-11-05,Cobertura de robo,Hyundai Elantra,2021,37564,500,Vencido,1,0
P000002485,2025-02-08,2026-02-08,Cobertura total,Kia Forte,2017,29093,600,Al día,1,1
P000002486,2022-04-27,2023-04-27,Cobertura de robo,Toyota Corolla,2016,23235,700,Al día,1,0
P000002487,2025-11-04,2026-11-04,Responsabilidad civil,Toyota Corolla,2015,10340,600,Al día,0,0
P000002488,2025-06-01,2026-06-01,Cobertura amplia,Hyundai Elantra,2022,39786,500,Vencido,1,1
P000002489,2023-11-27,2024-11-26,Cobertura de robo,Chevrolet Cruze,2020,14199,600,Vencido,0,1
P000002490,2025-05-04,2026-05-04,Cobertura de robo,Honda Civic,2010,32601,600,Vencido,0,1
P000002491,2021-02-03,2022-02-03,Responsabilidad civil,Subaru Impreza,2016,29823,600,Al día,0,0
P000002492,2024-11-29,2025-11-29,Cobertura amplia,Subaru Impreza,2018,26417,600,Vencido,1,0
P000002493,2025-01-27,2026-01-27,Cobertura de robo,Toyota Corolla,2021,30406,500,Al día,0,0
P000002494,2023-07-30,2024-07-29,Cobertura de robo,Ford Focus,2013,39830,600,Al día,1,0
P000002495,2020-10-02,2021-10-02,Cobertura de colisión,Toyota Corolla,2011,24962,700,Al día,0,0
P000002496,2023-05-14,2024-05-13,Cobertura de robo,Subaru Impreza,2011,10590,500,Al día,0,0
P000002497,2020-07-02,2021-07-02,Cobertura de robo,Ford Focus,2019,33208,700,Al día,1,1
P000002498,2021-04-16,2022-04-16,Cobertura de colisión,Honda Civic,2022,28210,700,Vencido,0,0
P000002499,2020-04-02,2021-04-02,Cobertura amplia,Hyundai Elantra,2022,11762,600,Vencido,0,0
P000002500,2023-11-06,2024-11-05,Cobertura amplia,Chevrolet Cruze,2016,34740,600,Vencido,1,0
P000002501,2021-03-23,2022-03-23,Cobertura de colisión,Ford Focus,2012,44794,700,Vencido,0,0
P000002502,2021-11-04,2022-11-04,Cobertura de colisión,Ford Focus,2020,22391,500,Al día,0,0
P000002503,2022-09-26,2023-09-26,Responsabilidad civil,Honda Civic,2013,27277,700,Al día,0,0
P000002504,2025-10-14,2026-10-14,Cobertura amplia,Subaru Impreza,2011,11320,700,Vencido,0,1
P000002505,2021-12-15,2022-12-15,Cobertura de colisión,Honda Civic,2015,17802,600,Vencido,1,0
P000002506,2021-10-17,2022-10-17,Cobertura de colisión,Ford Focus,2019,39798,700,Al día,0,0
P000002507,2023-09-17,2024-09-16,Cobertura amplia,Hyundai Elantra,2015,13420,700,Al día,1,1
P000002508,2024-10-12,2025-10-12,Cobertura de robo,Mazda 3,2021,43746,700,Vencido,0,0
P000002509,2025-03-07,2026-03-07,Responsabilidad civil,Kia Forte,2020,15253,500,Vencido,1,0
P000002510,2022-08-07,2023-08-07,Cobertura amplia,Volkswagen Jetta,2014,31240,700,Vencido,0,1
P000002511,2024-07-17,2025-07-17,Cobertura amplia,Mazda 3,2021,46218,600,Al día,0,1
P000002512,2022-01-25,2023-01-25,Cobertura de robo,Toyota Corolla,2019,30979,500,Vencido,0,0
P000002513,2022-02-02,2023-02-02,Cobertura de robo,Chevrolet Cruze,2017,31709,700,Vencido,0,1
P000002514,2024-11-05,2025-11-05,Cobertura de colisión,Volkswagen Jetta,2015,47036,700,Vencido,1,0
P000002515,2024-06-08,2025-06-08,Cobertura de colisión,Chevrolet Cruze,2011,46559,700,Vencido,0,0
P000002516,2020-04-29,2021-04-29,Cobertura de robo,Toyota Corolla,2015,48239,700,Vencido,0,0
P000002517,2022-03-19,2023-03-19,Cobertura amplia,Ford Focus,2014,37922,500,Vencido,0,0
P000002518,2025-01-15,2026-01-15,Cobertura de robo,Kia Forte,2018,40628,500,Al día,0,0
P000002519,2024-10-25,2025-10-25,Cobertura de robo,Nissan Sentra,2012,17248,500,Vencido,1,0
P000002520,2024-05-11,2025-05-11,Cobertura amplia,Toyota Corolla,2016,22962,700,Al día,1,1
P000002521,2020-01-19,2021-01-18,Cobertura total,Hyundai Elantra,2022,34476,500,Al día,0,0
P000002522,2022-05-29,2023-05-29,Responsabilidad civil,Kia Forte,2014,25520,700,Al día,1,1
P000002523,2022-04-22,2023-04-22,Cobertura total,Nissan Sentra,2012,24592,600,Vencido,1,1
P000002524,2023-02-14,2024-02-14,Cobertura total,Subaru Impreza,2018,41607,500,Al día,1,0
P000002525,2020-09-13,2021-09-13,Cobertura total,Nissan Sentra,2015,45763,600,Al día,1,1
P000002526,2021-02-20,2022-02-20,Responsabilidad civil,Kia Forte,2012,24797,600,Vencido,1,0
P000002527,2022-02-04,2023-02-04,Cobertura de colisión,Chevrolet Cruze,2012,33953,700,Vencido,0,0
P000002528,2024-02-07,2025-02-06,Cobertura amplia,Honda Civic,2017,23856,500,Vencido,0,0
P000002529,2023-08-28,2024-08-27,Cobertura de robo,Toyota Corolla,2015,39700,500,Vencido,0,1
P000002530,2022-03-18,2023-03-18,Responsabilidad civil,Toyota Corolla,2015,18748,500,Vencido,0,0
P000002531,2025-02-17,2026-02-17,Responsabilidad civil,Hyundai Elantra,2020,13568,500,Vencido,0,1
P000002532,2021-04-11,2022-04-11,Cobertura amplia,Chevrolet Cruze,2016,18083,600,Al día,1,0
P000002533,2022-12-10,2023-12-10,Cobertura de robo,Ford Focus,2018,17891,700,Vencido,0,0
P000002534,2025-06-27,2026-06-27,Cobertura total,Hyundai Elantra,2019,41232,700,Vencido,0,0
P000002535,2025-12-01,2026-12-01,Cobertura de colisión,Volkswagen Jetta,2022,41218,600,Al día,0,0
P000002536,2023-07-07,2024-07-06,Cobertura amplia,Toyota Corolla,2016,19534,700,Vencido,0,0
P000002537,2024-05-10,2025-05-10,Cobertura total,Nissan Sentra,2022,11348,500,Vencido,0,1
P000002538,2024-05-26,2025-05-26,Cobertura total,Toyota Corolla,2020,10173,500,Vencido,0,0
P000002539,2021-04-12,2022-04-12,Cobertura de colisión,Hyundai Elantra,2014,37634,500,Al día,0,1
P000002540,2023-11-26,2024-11-25,Cobertura total,Honda Civic,2021,36217,700,Vencido,1,1
P000002541,2023-12-12,2024-12-11,Cobertura amplia,Chevrolet Cruze,2022,31392,600,Vencido,0,0
P000002542,2025-02-18,2026-02-18,Responsabilidad civil,Toyota Corolla,2021,27918,700,Al día,0,1
P000002543,2021-12-07,2022-12-07,Cobertura de colisión,Subaru Impreza,2013,25219,500,Vencido,1,1
P000002544,2023-05-03,2024-05-02,Responsabilidad civil,Nissan Sentra,2017,10672,600,Vencido,0,0
P000002545,2020-12-13,2021-12-13,Cobertura de robo,Kia Forte,2018,31261,500,Vencido,1,1
P000002546,2021-07-02,2022-07-02,Responsabilidad civil,Toyota Corolla,2011,32055,600,Vencido,1,1
P000002547,2023-07-06,2024-07-05,Cobertura de colisión,Toyota Corolla,2019,11865,600,Vencido,1,1
P000002548,2021-04-27,2022-04-27,Cobertura total,Toyota Corolla,2020,42051,600,Vencido,1,0
P000002549,2022-09-04,2023-09-04,Cobertura de robo,Ford Focus,2014,43618,600,Al día,1,1
P000002550,2023-06-04,2024-06-03,Cobertura de robo,Chevrolet Cruze,2017,34137,500,Vencido,1,0
P000002551,2021-04-24,2022-04-24,Cobertura de colisión,Kia Forte,2018,35313,700,Vencido,0,0
P000002552,2022-01-19,2023-01-19,Responsabilidad civil,Nissan Sentra,2017,22575,700,Al día,1,1
P000002553,2024-03-09,2025-03-09,Cobertura de colisión,Nissan Sentra,2013,23157,600,Al día,1,0
P000002554,2021-08-02,2022-08-02,Cobertura de colisión,Kia Forte,2019,38875,500,Vencido,1,0
P000002555,2025-09-23,2026-09-23,Cobertura amplia,Honda Civic,2012,33392,500,Vencido,1,1
P000002556,2024-05-10,2025-05-10,Cobertura amplia,Kia Forte,2015,44164,600,Vencido,0,1
P000002557,2024-09-09,2025-09-09,Cobertura de robo,Chevrolet Cruze,2012,10024,500,Vencido,0,0
P000002558,2021-07-18,2022-07-18,Cobertura de colisión,Honda Civic,2013,14324,700,Al día,0,1
P000002559,2024-04-20,2025-04-20,Cobertura de robo,Toyota Corolla,2020,43317,700,Al día,1,0
P000002560,2024-09-28,2025-09-28,Cobertura de colisión,Ford Focus,2019,39862,700,Al día,0,1
P000002561,2022-01-30,2023-01-30,Cobertura total,Toyota Corolla,2020,44514,500,Vencido,0,1
P000002562,2025-06-16,2026-06-16,Cobertura amplia,Honda Civic,2012,15509,500,Vencido,0,1
P000002563,2021-12-10,2022-12-10,Cobertura de robo,Volkswagen Jetta,2017,25998,500,Vencido,1,0
P000002564,2021-11-14,2022-11-14,Responsabilidad civil,Nissan Sentra,2015,31575,700,Al día,1,0
P000002565,2025-06-28,2026-06-28,Cobertura total,Subaru Impreza,2013,24333,700,Vencido,1,0
P000002566,2023-03-29,2024-03-28,Cobertura de robo,Toyota Corolla,2010,39480,500,Vencido,1,0
P000002567,2021-07-28,2022-07-28,Cobertura amplia,Nissan Sentra,2012,28783,500,Al día,0,0
P000002568,2022-02-05,2023-02-05,Cobertura de robo,Volkswagen Jetta,2012,16397,500,Vencido,1,1
P000002569,2023-07-12,2024-07-11,Responsabilidad civil,Kia Forte,2016,46007,700,Vencido,1,1
P000002570,2025-01-21,2026-01-21,Cobertura total,Ford Focus,2011,22620,600,Al día,0,0
P000002571,2020-08-07,2021-08-07,Cobertura de colisión,Kia Forte,2021,17982,600,Al día,0,1
P000002572,2024-01-10,2025-01-09,Cobertura de colisión,Hyundai Elantra,2022,30409,500,Vencido,0,1
P000002573,2020-02-09,2021-02-08,Cobertura amplia,Chevrolet Cruze,2014,32328,600,Al día,0,0
P000002574,2025-06-07,2026-06-07,Cobertura amplia,Mazda 3,2014,47560,500,Al día,1,0
P000002575,2021-07-13,2022-07-13,Responsabilidad civil,Mazda 3,2018,46660,700,Vencido,0,1
P000002576,2022-03-10,2023-03-10,Cobertura amplia,Kia Forte,2018,15165,600,Al día,1,0
P000002577,2024-04-21,2025-04-21,Cobertura amplia,Ford Focus,2018,15665,600,Al día,1,1
P000002578,2025-09-01,2026-09-01,Cobertura de robo,Volkswagen Jetta,2019,26254,500,Al día,1,0
P000002579,2025-07-20,2026-07-20,Cobertura amplia,Kia Forte,2019,47256,700,Al día,0,0
P000002580,2024-08-02,2025-08-02,Cobertura de colisión,Nissan Sentra,2016,21360,600,Al día,0,1
P000002581,2025-07-07,2026-07-07,Cobertura de colisión,Volkswagen Jetta,2017,22007,600,Al día,0,0
P000002582,2024-08-29,2025-08-29,Cobertura de colisión,Mazda 3,2015,43150,600,Al día,1,0
P000002583,2024-12-23,2025-12-23,Cobertura de colisión,Toyota Corolla,2021,48472,600,Vencido,1,1
P000002584,2025-06-24,2026-06-24,Responsabilidad civil,Kia Forte,2019,13394,700,Vencido,1,1
P000002585,2021-11-16,2022-11-16,Cobertura total,Ford Focus,2010,18698,700,Al día,1,1
P000002586,2020-12-04,2021-12-04,Cobertura de colisión,Ford Focus,2022,22616,500,Al día,0,0
P000002587,2020-05-06,2021-05-06,Cobertura amplia,Toyota Corolla,2019,35454,500,Al día,1,1
P000002588,2022-06-22,2023-06-22,Cobertura de robo,Honda Civic,2016,49069,600,Vencido,1,1
P000002589,2023-04-11,2024-04-10,Cobertura amplia,Nissan Sentra,2022,21494,600,Al día,0,1
P000002590,2020-05-13,2021-05-13,Responsabilidad civil,Nissan Sentra,2021,33131,500,Vencido,1,1
P000002591,2023-01-30,2024-01-30,Responsabilidad civil,Ford Focus,2011,41642,700,Al día,0,0
P000002592,2022-07-09,2023-07-09,Cobertura de robo,Kia Forte,2020,28798,600,Al día,1,0
P000002593,2023-03-28,2024-03-27,Cobertura amplia,Toyota Corolla,2014,34466,600,Al día,1,0
P000002594,2021-11-19,2022-11-19,Cobertura amplia,Honda Civic,2013,14219,600,Vencido,0,0
P000002595,2025-02-16,2026-02-16,Cobertura de colisión,Toyota Corolla,2013,15255,600,Vencido,1,0
P000002596,2025-07-21,2026-07-21,Responsabilidad civil,Subaru Impreza,2017,35874,600,Al día,0,1
P000002597,2025-09-23,2026-09-23,Cobertura de colisión,Volkswagen Jetta,2011,24719,500,Al día,0,0
P000002598,2021-04-08,2022-04-08,Cobertura de colisión,Kia Forte,2011,11363,700,Al día,0,0
P000002599,2021-04-12,2022-04-12,Responsabilidad civil,Toyota Corolla,2022,23201,700,Al día,1,1
P000002600,2023-01-02,2024-01-02,Cobertura total,Toyota Corolla,2021,45890,700,Vencido,0,0
P000002601,2024-02-11,2025-02-10,Cobertura de robo,Nissan Sentra,2017,36504,600,Al día,0,1
P000002602,2020-06-19,2021-06-19,Cobertura amplia,Ford Focus,2016,35225,500,Al día,1,0
P000002603,2024-12-12,2025-12-12,Cobertura de colisión,Subaru Impreza,2013,30266,600,Al día,0,1
P000002604,2022-06-14,2023-06-14,Cobertura de colisión,Volkswagen Jetta,2012,16102,600,Vencido,1,1
P000002605,2024-10-07,2025-10-07,Responsabilidad civil,Subaru Impreza,2020,31568,500,Al día,0,0
P000002606,2021-02-23,2022-02-23,Cobertura de colisión,Honda Civic,2020,15097,500,Vencido,0,0
P000002607,2022-10-10,2023-10-10,Cobertura total,Subaru Impreza,2012,24522,700,Vencido,1,0
P000002608,2023-05-04,2024-05-03,Cobertura total,Volkswagen Jetta,2016,24360,600,Vencido,0,0
P000002609,2020-05-12,2021-05-12,Cobertura de robo,Honda Civic,2021,48352,600,Vencido,1,0
P000002610,2025-01-16,2026-01-16,Cobertura total,Hyundai Elantra,2018,18706,600,Vencido,1,1
P000002611,2022-12-12,2023-12-12,Cobertura amplia,Kia Forte,2017,33451,600,Vencido,0,1
P000002612,2023-11-28,2024-11-27,Cobertura de robo,Toyota Corolla,2015,15091,500,Vencido,1,0
P000002613,2020-12-22,2021-12-22,Cobertura amplia,Hyundai Elantra,2019,12648,700,Al día,1,0
P000002614,2024-12-03,2025-12-03,Cobertura de robo,Hyundai Elantra,2019,17804,700,Al día,1,0
P000002615,2021-04-25,2022-04-25,Responsabilidad civil,Volkswagen Jetta,2015,26858,600,Al día,1,1
P000002616,2022-08-28,2023-08-28,Cobertura de robo,Chevrolet Cruze,2022,42499,500,Vencido,0,1
P000002617,2022-05-09,2023-05-09,Cobertura total,Subaru Impreza,2021,28904,500,Al día,1,0
P000002618,2023-12-07,2024-12-06,Responsabilidad civil,Honda Civic,2021,13137,600,Vencido,1,1
P000002619,2024-10-19,2025-10-19,Cobertura amplia,Ford Focus,2016,44633,500,Vencido,0,0
P000002620,2021-11-10,2022-11-10,Cobertura de colisión,Mazda 3,2015,27066,500,Vencido,0,0
P000002621,2021-07-24,2022-07-24,Cobertura total,Kia Forte,2013,21624,700,Al día,0,0
P000002622,2022-04-26,2023-04-26,Cobertura de robo,Toyota Corolla,2013,35481,500,Al día,1,0
P000002623,2022-04-27,2023-04-27,Cobertura de robo,Nissan Sentra,2021,43034,600,Vencido,0,1
P000002624,2020-08-31,2021-08-31,Cobertura de colisión,Chevrolet Cruze,2019,38432,700,Al día,1,0
P000002625,2023-12-07,2024-12-06,Cobertura total,Kia Forte,2017,44183,700,Al día,0,1
P000002626,2025-12-20,2026-12-20,Cobertura amplia,Hyundai Elantra,2013,29398,500,Vencido,0,1
P000002627,2023-02-25,2024-02-25,Responsabilidad civil,Honda Civic,2015,37799,500,Al día,1,0
P000002628,2021-11-20,2022-11-20,Cobertura amplia,Volkswagen Jetta,2015,43414,600,Al día,0,1
P000002629,2023-08-18,2024-08-17,Cobertura de robo,Chevrolet Cruze,2020,36318,600,Al día,0,1
P000002630,2023-04-13,2024-04-12,Cobertura amplia,Toyota Corolla,2010,11207,700,Vencido,1,1
P000002631,2023-03-31,2024-03-30,Cobertura de robo,Volkswagen Jetta,2014,33192,600,Vencido,0,0
P000002632,2022-12-31,2023-12-31,Cobertura total,Honda Civic,2014,12223,700,Vencido,1,0
P000002633,2025-10-08,2026-10-08,Cobertura amplia,Hyundai Elantra,2021,25795,500,Vencido,0,1
P000002634,2021-01-25,2022-01-25,Cobertura amplia,Toyota Corolla,2017,17918,600,Vencido,1,1
P000002635,2021-07-09,2022-07-09,Responsabilidad civil,Volkswagen Jetta,2014,27557,600,Vencido,0,0
P000002636,2024-08-12,2025-08-12,Cobertura de robo,Toyota Corolla,2010,12994,500,Vencido,0,0
P000002637,2020-08-30,2021-08-30,Cobertura de colisión,Ford Focus,2021,22913,600,Al día,1,0
P000002638,2023-02-09,2024-02-09,Cobertura de robo,Toyota Corolla,2015,30758,700,Al día,1,0
P000002639,2021-06-03,2022-06-03,Cobertura de colisión,Honda Civic,2016,29156,500,Vencido,1,1
P000002640,2021-06-27,2022-06-27,Cobertura de robo,Ford Focus,2015,31296,500,Al día,0,1
P000002641,2022-10-19,2023-10-19,Cobertura amplia,Kia Forte,2020,28343,700,Al día,0,1
P000002642,2021-08-22,2022-08-22,Responsabilidad civil,Mazda 3,2018,22010,700,Vencido,0,0
P000002643,2023-08-12,2024-08-11,Cobertura de robo,Chevrolet Cruze,2013,35148,600,Vencido,1,0
P000002644,2022-10-10,2023-10-10,Responsabilidad civil,Honda Civic,2018,30619,500,Vencido,0,0
P000002645,2024-05-27,2025-05-27,Cobertura amplia,Kia Forte,2022,29354,700,Al día,1,1
P000002646,2025-06-27,2026-06-27,Cobertura de robo,Honda Civic,2021,43427,700,Al día,0,1
P000002647,2021-08-05,2022-08-05,Responsabilidad civil,Toyota Corolla,2016,39450,600,Al día,1,1
P000002648,2023-01-05,2024-01-05,Cobertura amplia,Volkswagen Jetta,2014,42973,500,Al día,0,0
P000002649,2024-08-23,2025-08-23,Cobertura de robo,Ford Focus,2015,16813,700,Al día,1,0
P000002650,2024-03-16,2025-03-16,Cobertura amplia,Mazda 3,2017,41607,600,Vencido,1,0
P000002651,2025-01-25,2026-01-25,Responsabilidad civil,Kia Forte,2011,37046,700,Vencido,1,0
P000002652,2020-11-05,2021-11-05,Cobertura de colisión,Toyota Corolla,2018,30768,500,Al día,1,0
P000002653,2021-01-16,2022-01-16,Cobertura amplia,Hyundai Elantra,2022,45921,500,Al día,0,0
P000002654,2024-07-08,2025-07-08,Cobertura amplia,Toyota Corolla,2013,38183,500,Al día,1,0
P000002655,2025-10-12,2026-10-12,Cobertura amplia,Nissan Sentra,2017,39778,600,Vencido,1,0
P000002656,2023-02-13,2024-02-13,Cobertura amplia,Volkswagen Jetta,2011,49645,700,Al día,0,1
P000002657,2024-02-20,2025-02-19,Cobertura amplia,Hyundai Elantra,2020,45231,500,Al día,0,1
P000002658,2025-02-05,2026-02-05,Cobertura amplia,Toyota Corolla,2022,30458,600,Vencido,1,1
P000002659,2025-06-22,2026-06-22,Cobertura de robo,Nissan Sentra,2021,14571,600,Vencido,0,0
P000002660,2023-09-02,2024-09-01,Cobertura total,Mazda 3,2014,29024,700,Vencido,0,0
P000002661,2020-01-11,2021-01-10,Cobertura de colisión,Toyota Corolla,2010,19073,600,Al día,1,0
P000002662,2021-01-16,2022-01-16,Cobertura total,Honda Civic,2017,23448,600,Vencido,0,1
P000002663,2025-02-20,2026-02-20,Responsabilidad civil,Subaru Impreza,2011,43580,600,Al día,1,1
P000002664,2024-01-07,2025-01-06,Cobertura de colisión,Subaru Impreza,2010,48876,700,Al día,0,1
P000002665,2020-09-16,2021-09-16,Cobertura de colisión,Honda Civic,2019,42129,500,Al día,1,1
P000002666,2025-12-29,2026-12-29,Cobertura de robo,Ford Focus,2017,13411,500,Vencido,1,0
P000002667,2024-06-17,2025-06-17,Cobertura amplia,Kia Forte,2016,32288,500,Al día,0,1
P000002668,2022-06-11,2023-06-11,Cobertura total,Mazda 3,2011,38832,600,Vencido,0,0
P000002669,2024-10-25,2025-10-25,Cobertura de robo,Chevrolet Cruze,2014,20540,700,Al día,1,1
P000002670,2022-05-17,2023-05-17,Cobertura total,Ford Focus,2012,16299,700,Al día,0,0
P000002671,2025-07-19,2026-07-19,Cobertura total,Nissan Sentra,2019,46642,600,Al día,1,0
P000002672,2023-01-04,2024-01-04,Cobertura de colisión,Hyundai Elantra,2014,15242,600,Al día,1,0
P000002673,2023-08-15,2024-08-14,Cobertura de robo,Kia Forte,2015,14338,500,Vencido,1,0
P000002674,2023-03-07,2024-03-06,Cobertura de colisión,Nissan Sentra,2018,26531,500,Al día,1,1
P000002675,2023-10-15,2024-10-14,Cobertura total,Nissan Sentra,2014,23143,600,Al día,1,0
P000002676,2021-06-18,2022-06-18,Cobertura amplia,Chevrolet Cruze,2022,27772,700,Al día,1,1
P000002677,2025-06-10,2026-06-10,Cobertura amplia,Mazda 3,2011,14786,500,Al día,0,1
P000002678,2023-11-08,2024-11-07,Cobertura total,Chevrolet Cruze,2011,16084,700,Al día,0,1
P000002679,2020-07-17,2021-07-17,Responsabilidad civil,Hyundai Elantra,2014,29266,700,Vencido,0,1
P000002680,2020-07-07,2021-07-07,Cobertura total,Ford Focus,2013,37483,500,Vencido,1,0
P000002681,2021-02-11,2022-02-11,Responsabilidad civil,Honda Civic,2010,18517,700,Vencido,0,1
P000002682,2025-02-25,2026-02-25,Cobertura total,Chevrolet Cruze,2011,19181,600,Vencido,0,1
P000002683,2020-03-07,2021-03-07,Cobertura de colisión,Honda Civic,2013,22313,600,Al día,0,0
P000002684,2021-05-23,2022-05-23,Responsabilidad civil,Nissan Sentra,2013,26042,500,Al día,0,1
P000002685,2021-10-09,2022-10-09,Cobertura amplia,Mazda 3,2020,32831,500,Vencido,1,0
P000002686,2024-12-12,2025-12-12,Cobertura de colisión,Subaru Impreza,2012,44029,500,Al día,1,1
P000002687,2025-02-12,2026-02-12,Responsabilidad civil,Chevrolet Cruze,2011,25095,500,Vencido,1,0
P000002688,2020-01-03,2021-01-02,Responsabilidad civil,Toyota Corolla,2015,13176,700,Al día,1,1
P000002689,2024-10-18,2025-10-18,Responsabilidad civil,Honda Civic,2015,43718,700,Vencido,1,0
P000002690,2022-04-08,2023-04-08,Cobertura de colisión,Kia Forte,2016,42673,500,Al día,1,0
P000002691,2021-06-24,2022-06-24,Cobertura de colisión,Kia Forte,2011,44187,600,Vencido,0,0
P000002692,2023-05-21,2024-05-20,Cobertura total,Toyota Corolla,2015,33614,700,Vencido,0,0
P000002693,2021-10-13,2022-10-13,Cobertura total,Ford Focus,2018,47662,700,Vencido,1,1
P000002694,2023-01-27,2024-01-27,Cobertura de robo,Chevrolet Cruze,2014,35977,600,Vencido,1,0
P000002695,2021-01-17,2022-01-17,Cobertura de robo,Toyota Corolla,2019,14246,500,Al día,1,1
P000002696,2024-01-16,2025-01-15,Cobertura de robo,Toyota Corolla,2017,37663,600,Vencido,0,1
P000002697,2022-10-22,2023-10-22,Cobertura de colisión,Ford Focus,2019,24377,500,Vencido,0,0
P000002698,2020-12-03,2021-12-03,Responsabilidad civil,Toyota Corolla,2011,25079,700,Vencido,0,1
P000002699,2024-03-03,2025-03-03,Cobertura total,Nissan Sentra,2013,25583,500,Al día,1,1
P000002700,2021-11-08,2022-11-08,Cobertura amplia,Toyota Corolla,2021,30954,600,Vencido,1,0
P000002701,2020-07-31,2021-07-31,Cobertura de colisión,Chevrolet Cruze,2012,16603,600,Al día,1,0
P000002702,2024-06-11,2025-06-11,Cobertura de robo,Chevrolet Cruze,2018,11795,500,Vencido,0,1
P000002703,2023-06-05,2024-06-04,Cobertura amplia,Honda Civic,2011,40675,700,Vencido,0,0
P000002704,2022-08-17,2023-08-17,Cobertura de robo,Chevrolet Cruze,2014,20823,700,Vencido,1,0
P000002705,2024-10-24,2025-10-24,Responsabilidad civil,Toyota Corolla,2010,40171,600,Vencido,1,1
P000002706,2021-01-08,2022-01-08,Cobertura de robo,Hyundai Elantra,2013,39028,600,Vencido,0,1
P000002707,2021-01-24,2022-01-24,Cobertura total,Honda Civic,2012,26887,700,Al día,1,0
P000002708,2020-01-05,2021-01-04,Cobertura total,Toyota Corolla,2012,39901,700,Al día,1,1
P000002709,2022-05-24,2023-05-24,Cobertura de robo,Chevrolet Cruze,2010,12554,600,Al día,0,0
P000002710,2025-05-07,2026-05-07,Cobertura amplia,Hyundai Elantra,2018,26529,700,Al día,1,0
P000002711,2020-11-15,2021-11-15,Responsabilidad civil,Kia Forte,2017,36971,500,Vencido,1,1
P000002712,2021-06-27,2022-06-27,Cobertura de robo,Honda Civic,2020,26412,500,Al día,0,1
P000002713,2022-07-15,2023-07-15,Cobertura de colisión,Toyota Corolla,2013,23875,500,Vencido,0,0
P000002714,2025-10-28,2026-10-28,Cobertura de colisión,Chevrolet Cruze,2021,43251,500,Al día,0,1
P000002715,2024-12-27,2025-12-27,Cobertura de robo,Toyota Corolla,2010,25850,500,Vencido,0,0
P000002716,2020-02-08,2021-02-07,Cobertura de robo,Chevrolet Cruze,2016,33270,700,Al día,1,0
P000002717,2020-02-03,2021-02-02,Cobertura de robo,Ford Focus,2010,31835,700,Al día,0,0
P000002718,2023-11-08,2024-11-07,Cobertura amplia,Volkswagen Jetta,2016,49885,500,Vencido,1,0
P000002719,2021-05-08,2022-05-08,Cobertura amplia,Hyundai Elantra,2015,28669,600,Vencido,1,1
P000002720,2024-09-25,2025-09-25,Cobertura de colisión,Toyota Corolla,2014,40883,600,Al día,0,0
P000002721,2021-06-25,2022-06-25,Responsabilidad civil,Honda Civic,2020,19766,600,Al día,1,1
P000002722,2025-05-10,2026-05-10,Cobertura de robo,Subaru Impreza,2017,25706,600,Al día,0,0
P000002723,2020-10-17,2021-10-17,Cobertura de colisión,Kia Forte,2021,22263,500,Vencido,1,0
P000002724,2022-07-26,2023-07-26,Cobertura amplia,Nissan Sentra,2020,36828,600,Al día,1,1
P000002725,2024-04-18,2025-04-18,Cobertura de colisión,Volkswagen Jetta,2019,43160,700,Al día,1,0
P000002726,2020-12-31,2021-12-31,Cobertura de robo,Subaru Impreza,2016,16119,700,Vencido,0,1
P000002727,2021-02-23,2022-02-23,Cobertura total,Honda Civic,2017,38869,600,Al día,1,0
P000002728,2021-02-26,2022-02-26,Responsabilidad civil,Honda Civic,2017,15036,700,Vencido,1,1
P000002729,2023-07-07,2024-07-06,Cobertura amplia,Honda Civic,2015,17854,600,Al día,0,0
P000002730,2024-02-14,2025-02-13,Cobertura total,Volkswagen Jetta,2017,33013,600,Al día,0,0
P000002731,2023-05-10,2024-05-09,Cobertura total,Honda Civic,2017,25183,500,Vencido,0,0
P000002732,2021-07-15,2022-07-15,Cobertura de robo,Toyota Corolla,2012,39214,600,Al día,0,1
P000002733,2024-04-16,2025-04-16,Cobertura amplia,Toyota Corolla,2012,47211,700,Vencido,0,0
P000002734,2021-06-29,2022-06-29,Cobertura de robo,Ford Focus,2019,42929,600,Vencido,0,0
P000002735,2021-08-08,2022-08-08,Cobertura de robo,Chevrolet Cruze,2014,13879,700,Vencido,0,1
P000002736,2020-10-07,2021-10-07,Cobertura de robo,Ford Focus,2017,42707,500,Vencido,0,1
P000002737,2025-12-12,2026-12-12,Cobertura amplia,Toyota Corolla,2012,38217,500,Al día,0,1
P000002738,2020-02-04,2021-02-03,Cobertura amplia,Honda Civic,2010,48752,500,Al día,1,1
P000002739,2021-11-03,2022-11-03,Cobertura de colisión,Volkswagen Jetta,2013,18778,700,Al día,0,0
P000002740,2024-12-07,2025-12-07,Cobertura de colisión,Mazda 3,2014,45862,500,Vencido,0,1
P000002741,2023-12-09,2024-12-08,Cobertura de colisión,Honda Civic,2017,33873,700,Al día,0,1
P000002742,2022-05-22,2023-05-22,Cobertura de colisión,Toyota Corolla,2021,31245,700,Al día,0,1
P000002743,2021-09-12,2022-09-12,Cobertura amplia,Nissan Sentra,2013,22438,600,Vencido,0,1
P000002744,2024-08-13,2025-08-13,Cobertura de robo,Toyota Corolla,2017,37140,600,Vencido,1,0
P000002745,2024-12-17,2025-12-17,Cobertura de colisión,Volkswagen Jetta,2020,25053,500,Al día,1,0
P000002746,2022-06-08,2023-06-08,Responsabilidad civil,Toyota Corolla,2020,35731,500,Al día,0,0
P000002747,2020-12-21,2021-12-21,Cobertura amplia,Mazda 3,2022,28310,600,Al día,1,0
P000002748,2021-02-15,2022-02-15,Cobertura total,Kia Forte,2022,46256,600,Vencido,1,0
P000002749,2021-07-27,2022-07-27,Cobertura de robo,Volkswagen Jetta,2011,42058,500,Vencido,1,1
P000002750,2021-05-19,2022-05-19,Cobertura amplia,Toyota Corolla,2016,33288,600,Al día,0,1
P000002751,2024-04-21,2025-04-21,Cobertura de robo,Hyundai Elantra,2011,49001,500,Vencido,1,0
P000002752,2023-12-10,2024-12-09,Cobertura de colisión,Chevrolet Cruze,2012,42095,700,Vencido,1,1
P000002753,2024-10-24,2025-10-24,Responsabilidad civil,Hyundai Elantra,2020,37878,500,Al día,1,1
P000002754,2023-07-12,2024-07-11,Cobertura de robo,Honda Civic,2015,26696,500,Vencido,0,0
P000002755,2021-07-26,2022-07-26,Cobertura total,Subaru Impreza,2013,15827,700,Vencido,0,0
P000002756,2022-10-11,2023-10-11,Cobertura amplia,Nissan Sentra,2022,19835,600,Vencido,1,1
P000002757,2023-02-08,2024-02-08,Cobertura amplia,Nissan Sentra,2018,44700,600,Vencido,1,0
P000002758,2020-12-11,2021-12-11,Cobertura total,Toyota Corolla,2013,18287,700,Vencido,0,1
P000002759,2022-10-13,2023-10-13,Cobertura amplia,Honda Civic,2018,16961,700,Vencido,1,0
P000002760,2023-03-13,2024-03-12,Cobertura de colisión,Honda Civic,2014,39572,600,Al día,0,0
P000002761,2020-04-19,2021-04-19,Cobertura amplia,Toyota Corolla,2019,47017,500,Al día,1,1
P000002762,2023-05-20,2024-05-19,Cobertura amplia,Nissan Sentra,2016,18956,600,Al día,1,1
P000002763,2022-04-21,2023-04-21,Cobertura de colisión,Ford Focus,2017,43870,500,Al día,1,1
P000002764,2025-10-21,2026-10-21,Cobertura de robo,Kia Forte,2015,43367,700,Vencido,1,0
P000002765,2025-09-18,2026-09-18,Responsabilidad civil,Chevrolet Cruze,2013,49756,600,Vencido,1,1
P000002766,2022-02-11,2023-02-11,Cobertura total,Toyota Corolla,2012,18297,700,Al día,0,0
P000002767,2024-05-23,2025-05-23,Cobertura de robo,Nissan Sentra,2010,10883,600,Vencido,0,0
P000002768,2023-04-25,2024-04-24,Cobertura de robo,Toyota Corolla,2012,26007,500,Vencido,0,0
P000002769,2020-08-11,2021-08-11,Cobertura total,Honda Civic,2022,39480,500,Vencido,0,0
P000002770,2022-09-07,2023-09-07,Cobertura de colisión,Honda Civic,2013,18967,700,Al día,1,0
P000002771,2025-07-20,2026-07-20,Cobertura de robo,Hyundai Elantra,2015,21567,600,Al día,1,0
P000002772,2024-04-29,2025-04-29,Cobertura amplia,Kia Forte,2018,29245,500,Al día,1,1
P000002773,2021-04-06,2022-04-06,Cobertura de colisión,Honda Civic,2016,40604,500,Al día,0,0
P000002774,2022-09-14,2023-09-14,Cobertura de colisión,Nissan Sentra,2019,38415,600,Al día,1,1
P000002775,2025-08-08,2026-08-08,Cobertura total,Hyundai Elantra,2020,33209,700,Vencido,1,1
P000002776,2020-10-17,2021-10-17,Cobertura total,Ford Focus,2017,16344,600,Al día,1,0
P000002777,2025-12-03,2026-12-03,Cobertura de robo,Nissan Sentra,2011,43276,600,Vencido,0,1
P000002778,2020-02-19,2021-02-18,Cobertura total,Honda Civic,2010,47161,600,Vencido,1,0
P000002779,2024-01-19,2025-01-18,Cobertura amplia,Chevrolet Cruze,2022,18457,600,Al día,1,0
P000002780,2023-07-20,2024-07-19,Cobertura total,Ford Focus,2010,13232,600,Al día,0,1
P000002781,2021-06-24,2022-06-24,Cobertura de colisión,Ford Focus,2016,40493,600,Al día,1,0
P000002782,2024-05-03,2025-05-03,Cobertura de robo,Kia Forte,2011,28392,700,Vencido,1,1
P000002783,2024-09-19,2025-09-19,Cobertura de robo,Honda Civic,2019,35820,600,Vencido,1,0
P000002784,2024-02-05,2025-02-04,Cobertura de colisión,Mazda 3,2013,39878,700,Al día,1,1
P000002785,2021-12-08,2022-12-08,Responsabilidad civil,Ford Focus,2013,15782,700,Vencido,1,0
P000002786,2025-04-13,2026-04-13,Cobertura total,Toyota Corolla,2019,39156,600,Vencido,1,0
P000002787,2020-10-25,2021-10-25,Responsabilidad civil,Toyota Corolla,2010,37572,500,Al día,0,0
P000002788,2020-03-09,2021-03-09,Cobertura total,Toyota Corolla,2012,17439,600,Al día,1,1
P000002789,2020-10-03,2021-10-03,Cobertura amplia,Nissan Sentra,2015,42766,500,Al día,0,0
P000002790,2020-02-26,2021-02-25,Responsabilidad civil,Hyundai Elantra,2016,31221,600,Vencido,1,0
P000002791,2022-12-09,2023-12-09,Cobertura amplia,Ford Focus,2022,39957,600,Al día,0,1
P000002792,2022-06-02,2023-06-02,Cobertura total,Honda Civic,2020,16324,700,Al día,1,0
P000002793,2020-06-12,2021-06-12,Cobertura de colisión,Nissan Sentra,2010,32409,600,Al día,0,1
P000002794,2020-09-04,2021-09-04,Responsabilidad civil,Honda Civic,2012,13662,700,Al día,0,1
P000002795,2024-06-18,2025-06-18,Cobertura de colisión,Toyota Corolla,2020,27148,600,Vencido,0,0
P000002796,2025-09-06,2026-09-06,Cobertura total,Ford Focus,2014,29336,600,Vencido,1,1
P000002797,2023-03-19,2024-03-18,Cobertura de robo,Toyota Corolla,2010,27982,500,Al día,0,1
P000002798,2025-08-14,2026-08-14,Cobertura total,Mazda 3,2017,27138,600,Vencido,0,1
P000002799,2024-08-28,2025-08-28,Cobertura de robo,Volkswagen Jetta,2012,19040,700,Al día,0,0
P000002800,2024-09-30,2025-09-30,Cobertura de robo,Toyota Corolla,2016,40560,500,Vencido,1,0
P000002801,2024-07-05,2025-07-05,Responsabilidad civil,Hyundai Elantra,2012,46237,600,Al día,1,0
P000002802,2020-12-03,2021-12-03,Cobertura amplia,Ford Focus,2017,21152,500,Vencido,0,1
P000002803,2021-09-17,2022-09-17,Cobertura amplia,Chevrolet Cruze,2018,41278,600,Vencido,0,0
P000002804,2023-02-10,2024-02-10,Responsabilidad civil,Toyota Corolla,2013,42395,700,Vencido,0,0
P000002805,2020-12-08,2021-12-08,Cobertura total,Toyota Corolla,2019,38181,600,Al día,0,0
P000002806,2023-06-23,2024-06-22,Cobertura de colisión,Ford Focus,2019,41112,700,Vencido,0,1
P000002807,2020-11-19,2021-11-19,Cobertura total,Nissan Sentra,2022,11300,700,Vencido,0,0
P000002808,2025-09-25,2026-09-25,Cobertura de colisión,Honda Civic,2020,39500,500,Al día,0,0
P000002809,2022-04-12,2023-04-12,Cobertura total,Volkswagen Jetta,2019,29925,700,Vencido,1,1
P000002810,2021-09-28,2022-09-28,Cobertura de robo,Ford Focus,2013,35925,500,Al día,0,1
P000002811,2023-08-31,2024-08-30,Cobertura amplia,Kia Forte,2017,44586,700,Vencido,1,1
P000002812,2024-05-19,2025-05-19,Cobertura de colisión,Nissan Sentra,2020,37889,700,Al día,0,1
P000002813,2020-09-27,2021-09-27,Cobertura amplia,Toyota Corolla,2021,32171,700,Vencido,0,0
P000002814,2023-06-24,2024-06-23,Responsabilidad civil,Toyota Corolla,2021,32764,600,Al día,1,0
P000002815,2024-11-26,2025-11-26,Responsabilidad civil,Chevrolet Cruze,2016,26811,600,Al día,0,1
P000002816,2022-09-04,2023-09-04,Cobertura de colisión,Ford Focus,2016,29156,500,Vencido,0,1
P000002817,2020-08-25,2021-08-25,Cobertura total,Nissan Sentra,2019,25086,600,Vencido,0,1
P000002818,2022-09-28,2023-09-28,Cobertura total,Hyundai Elantra,2012,48817,600,Al día,1,1
P000002819,2020-12-19,2021-12-19,Cobertura de colisión,Nissan Sentra,2022,19430,600,Al día,1,1
P000002820,2024-11-14,2025-11-14,Cobertura de colisión,Chevrolet Cruze,2015,29040,700,Vencido,0,0
P000002821,2021-04-20,2022-04-20,Cobertura amplia,Toyota Corolla,2011,29410,700,Al día,1,1
P000002822,2025-01-31,2026-01-31,Cobertura total,Toyota Corolla,2021,46065,600,Al día,1,1
P000002823,2020-08-13,2021-08-13,Cobertura amplia,Subaru Impreza,2014,31995,700,Al día,0,1
P000002824,2023-06-20,2024-06-19,Responsabilidad civil,Nissan Sentra,2019,22778,500,Vencido,1,1
P000002825,2021-12-20,2022-12-20,Cobertura amplia,Chevrolet Cruze,2018,47649,700,Vencido,0,0
P000002826,2021-05-04,2022-05-04,Cobertura de robo,Volkswagen Jetta,2010,24444,500,Vencido,0,0
P000002827,2020-02-21,2021-02-20,Cobertura amplia,Nissan Sentra,2021,28284,500,Vencido,0,0
P000002828,2021-07-16,2022-07-16,Cobertura de robo,Subaru Impreza,2020,17155,700,Al día,1,0
P000002829,2020-02-16,2021-02-15,Responsabilidad civil,Toyota Corolla,2016,26142,700,Vencido,1,1
P000002830,2021-11-02,2022-11-02,Responsabilidad civil,Kia Forte,2020,21341,500,Vencido,0,0
P000002831,2025-07-26,2026-07-26,Responsabilidad civil,Hyundai Elantra,2020,44820,500,Al día,0,0
P000002832,2023-11-21,2024-11-20,Cobertura total,Toyota Corolla,2013,21322,600,Al día,1,0
P000002833,2025-11-12,2026-11-12,Cobertura de colisión,Honda Civic,2017,49957,600,Vencido,0,1
P000002834,2025-10-19,2026-10-19,Cobertura amplia,Volkswagen Jetta,2010,25342,600,Vencido,1,1
P000002835,2022-11-27,2023-11-27,Cobertura amplia,Chevrolet Cruze,2012,11135,500,Vencido,0,0
P000002836,2021-11-14,2022-11-14,Responsabilidad civil,Toyota Corolla,2018,27208,500,Al día,0,1
P000002837,2024-03-03,2025-03-03,Cobertura de colisión,Toyota Corolla,2020,36744,600,Vencido,1,0
P000002838,2021-06-03,2022-06-03,Cobertura amplia,Honda Civic,2010,21187,600,Vencido,1,1
P000002839,2023-01-05,2024-01-05,Responsabilidad civil,Toyota Corolla,2014,39736,600,Al día,0,0
P000002840,2021-04-28,2022-04-28,Responsabilidad civil,Ford Focus,2020,17686,600,Vencido,1,1
P000002841,2020-04-30,2021-04-30,Cobertura total,Nissan Sentra,2016,29920,600,Vencido,1,0
P000002842,2023-10-04,2024-10-03,Cobertura de robo,Kia Forte,2011,32955,500,Al día,0,0
P000002843,2024-10-24,2025-10-24,Cobertura amplia,Toyota Corolla,2019,16436,600,Al día,1,1
P000002844,2023-01-19,2024-01-19,Responsabilidad civil,Kia Forte,2020,45822,500,Vencido,0,1
P000002845,2025-11-15,2026-11-15,Responsabilidad civil,Chevrolet Cruze,2018,20659,600,Al día,0,1
P000002846,2020-09-18,2021-09-18,Responsabilidad civil,Kia Forte,2016,29893,500,Vencido,0,1
P000002847,2022-12-13,2023-12-13,Responsabilidad civil,Ford Focus,2010,36175,600,Vencido,1,0
P000002848,2020-11-11,2021-11-11,Cobertura de colisión,Toyota Corolla,2010,34763,600,Al día,1,1
P000002849,2025-07-25,2026-07-25,Responsabilidad civil,Toyota Corolla,2015,28243,700,Al día,0,0
P000002850,2025-02-07,2026-02-07,Cobertura total,Volkswagen Jetta,2019,15052,600,Al día,0,1
P000002851,2025-09-23,2026-09-23,Responsabilidad civil,Subaru Impreza,2011,30414,500,Al día,0,1
P000002852,2024-01-15,2025-01-14,Cobertura de colisión,Hyundai Elantra,2022,41182,500,Al día,1,0
P000002853,2020-08-15,2021-08-15,Cobertura total,Ford Focus,2014,14936,500,Al día,1,0
P000002854,2025-08-08,2026-08-08,Responsabilidad civil,Nissan Sentra,2019,45604,700,Al día,0,0
P000002855,2021-11-14,2022-11-14,Cobertura de colisión,Subaru Impreza,2019,31119,700,Vencido,0,0
P000002856,2024-02-15,2025-02-14,Responsabilidad civil,Volkswagen Jetta,2019,37855,600,Vencido,1,1
P000002857,2021-10-06,2022-10-06,Cobertura total,Toyota Corolla,2020,32256,600,Al día,1,0
P000002858,2022-11-10,2023-11-10,Cobertura de robo,Kia Forte,2011,33473,700,Al día,0,0
P000002859,2021-02-25,2022-02-25,Cobertura amplia,Mazda 3,2013,19757,600,Vencido,0,1
P000002860,2021-04-17,2022-04-17,Cobertura amplia,Kia Forte,2016,27745,500,Al día,0,0
P000002861,2022-07-24,2023-07-24,Responsabilidad civil,Hyundai Elantra,2018,21769,600,Al día,0,0
P000002862,2025-09-15,2026-09-15,Responsabilidad civil,Honda Civic,2015,47439,700,Vencido,0,0
P000002863,2020-01-11,2021-01-10,Cobertura total,Toyota Corolla,2015,10895,700,Vencido,0,1
P000002864,2020-06-29,2021-06-29,Cobertura amplia,Toyota Corolla,2013,41184,700,Al día,0,0
P000002865,2020-02-20,2021-02-19,Cobertura de colisión,Volkswagen Jetta,2015,42065,700,Al día,1,1
P000002866,2022-09-28,2023-09-28,Cobertura amplia,Honda Civic,2015,34965,600,Al día,0,0
P000002867,2020-07-07,2021-07-07,Cobertura de robo,Toyota Corolla,2015,31228,600,Vencido,1,0
P000002868,2025-04-16,2026-04-16,Cobertura de colisión,Hyundai Elantra,2010,48326,700,Al día,0,1
P000002869,2024-01-30,2025-01-29,Cobertura total,Toyota Corolla,2018,30167,700,Vencido,1,1
P000002870,2024-04-17,2025-04-17,Cobertura de robo,Volkswagen Jetta,2013,48644,600,Vencido,0,0
P000002871,2021-09-06,2022-09-06,Responsabilidad civil,Nissan Sentra,2016,18012,600,Al día,0,1
P000002872,2022-01-03,2023-01-03,Cobertura de colisión,Toyota Corolla,2015,17381,600,Vencido,1,0
P000002873,2020-05-24,2021-05-24,Responsabilidad civil,Volkswagen Jetta,2021,36673,600,Al día,1,1
P000002874,2024-09-13,2025-09-13,Cobertura total,Chevrolet Cruze,2015,46530,500,Vencido,1,0
P000002875,2022-07-08,2023-07-08,Cobertura amplia,Toyota Corolla,2010,23597,700,Al día,0,1
P000002876,2023-08-11,2024-08-10,Cobertura total,Toyota Corolla,2021,10999,700,Vencido,0,1
P000002877,2022-10-13,2023-10-13,Cobertura amplia,Honda Civic,2013,42476,600,Al día,1,1
P000002878,2024-08-31,2025-08-31,Cobertura de robo,Kia Forte,2013,20897,600,Al día,0,1
P000002879,2023-08-03,2024-08-02,Responsabilidad civil,Nissan Sentra,2022,18583,600,Vencido,0,1
P000002880,2023-01-16,2024-01-16,Cobertura amplia,Toyota Corolla,2011,32150,700,Al día,1,0
P000002881,2020-11-15,2021-11-15,Cobertura de robo,Hyundai Elantra,2014,26228,500,Al día,1,1
P000002882,2024-03-07,2025-03-07,Cobertura amplia,Nissan Sentra,2019,15980,700,Vencido,0,0
P000002883,2021-05-04,2022-05-04,Cobertura amplia,Hyundai Elantra,2015,23137,500,Vencido,1,1
P000002884,2025-08-18,2026-08-18,Responsabilidad civil,Volkswagen Jetta,2014,17220,700,Al día,1,1
P000002885,2020-08-03,2021-08-03,Cobertura de colisión,Toyota Corolla,2014,46089,500,Vencido,0,1
P000002886,2022-01-04,2023-01-04,Cobertura de robo,Volkswagen Jetta,2016,22081,500,Vencido,1,1
P000002887,2022-07-03,2023-07-03,Cobertura total,Mazda 3,2014,17479,500,Vencido,1,0
P000002888,2025-10-13,2026-10-13,Cobertura de robo,Chevrolet Cruze,2015,48771,600,Al día,1,0
P000002889,2020-07-07,2021-07-07,Cobertura de robo,Nissan Sentra,2014,10890,700,Al día,0,1
P000002890,2024-06-30,2025-06-30,Cobertura total,Volkswagen Jetta,2019,38035,700,Vencido,0,0
P000002891,2020-10-09,2021-10-09,Responsabilidad civil,Toyota Corolla,2014,22846,700,Vencido,0,0
P000002892,2025-03-20,2026-03-20,Cobertura amplia,Chevrolet Cruze,2018,24895,600,Al día,1,1
P000002893,2023-03-02,2024-03-01,Cobertura amplia,Subaru Impreza,2011,28718,700,Al día,1,1
P000002894,2023-06-26,2024-06-25,Cobertura de robo,Ford Focus,2013,15679,700,Vencido,0,1
P000002895,2023-09-02,2024-09-01,Cobertura total,Kia Forte,2019,46799,500,Vencido,1,1
P000002896,2020-12-19,2021-12-19,Cobertura total,Toyota Corolla,2018,48924,600,Vencido,0,1
P000002897,2025-02-13,2026-02-13,Cobertura total,Honda Civic,2021,29111,600,Al día,0,0
P000002898,2020-02-02,2021-02-01,Cobertura total,Toyota Corolla,2019,37672,500,Vencido,1,1
P000002899,2024-02-20,2025-02-19,Cobertura amplia,Honda Civic,2014,29514,600,Al día,1,1
P000002900,2022-04-01,2023-04-01,Cobertura total,Toyota Corolla,2022,30176,500,Al día,0,1
P000002901,2023-04-09,2024-04-08,Cobertura total,Honda Civic,2020,33665,600,Vencido,0,0
P000002902,2023-05-29,2024-05-28,Cobertura total,Chevrolet Cruze,2017,25565,500,Al día,1,0
P000002903,2022-09-20,2023-09-20,Cobertura amplia,Hyundai Elantra,2013,11655,600,Al día,0,1
P000002904,2025-03-15,2026-03-15,Cobertura de robo,Hyundai Elantra,2012,47541,700,Vencido,1,0
P000002905,2024-02-17,2025-02-16,Responsabilidad civil,Honda Civic,2019,12305,600,Vencido,0,0
P000002906,2025-07-13,2026-07-13,Cobertura total,Subaru Impreza,2014,27459,500,Vencido,1,0
P000002907,2022-03-11,2023-03-11,Cobertura total,Honda Civic,2021,25336,600,Al día,0,0
P000002908,2022-10-01,2023-10-01,Cobertura de colisión,Mazda 3,2013,11345,600,Al día,0,0
P000002909,2021-09-08,2022-09-08,Cobertura amplia,Toyota Corolla,2012,14009,500,Vencido,0,1
P000002910,2020-01-27,2021-01-26,Cobertura de robo,Hyundai Elantra,2011,22158,500,Vencido,0,1
P000002911,2024-08-06,2025-08-06,Cobertura de colisión,Honda Civic,2011,17580,500,Vencido,1,1
P000002912,2020-04-07,2021-04-07,Cobertura de robo,Subaru Impreza,2011,26789,600,Al día,1,1
P000002913,2022-08-12,2023-08-12,Responsabilidad civil,Hyundai Elantra,2021,22321,700,Vencido,0,0
P000002914,2023-11-19,2024-11-18,Cobertura amplia,Ford Focus,2016,18879,500,Al día,0,1
P000002915,2020-02-09,2021-02-08,Cobertura de colisión,Toyota Corolla,2021,48284,700,Al día,0,0
P000002916,2023-10-04,2024-10-03,Cobertura amplia,Honda Civic,2018,24247,600,Al día,0,1
P000002917,2020-01-06,2021-01-05,Cobertura amplia,Toyota Corolla,2014,27437,600,Vencido,1,0
P000002918,2024-03-21,2025-03-21,Responsabilidad civil,Honda Civic,2011,20500,700,Vencido,0,1
P000002919,2023-06-13,2024-06-12,Cobertura amplia,Nissan Sentra,2013,24380,600,Al día,0,1
P000002920,2021-03-01,2022-03-01,Cobertura de robo,Ford Focus,2012,43800,500,Al día,0,1
P000002921,2022-04-20,2023-04-20,Cobertura de colisión,Volkswagen Jetta,2021,28118,600,Vencido,1,0
P000002922,2025-12-10,2026-12-10,Cobertura amplia,Volkswagen Jetta,2020,26039,700,Vencido,0,1
P000002923,2022-09-02,2023-09-02,Cobertura amplia,Volkswagen Jetta,2012,11526,500,Al día,0,0
P000002924,2024-09-15,2025-09-15,Responsabilidad civil,Toyota Corolla,2021,16584,700,Al día,1,1
P000002925,2025-07-08,2026-07-08,Cobertura de colisión,Honda Civic,2018,44838,500,Vencido,0,1
P000002926,2020-09-02,2021-09-02,Cobertura de robo,Ford Focus,2019,44494,700,Vencido,1,1
P000002927,2021-08-06,2022-08-06,Cobertura de colisión,Subaru Impreza,2015,17072,500,Vencido,1,1
P000002928,2023-02-20,2024-02-20,Cobertura total,Ford Focus,2011,22552,600,Al día,1,1
P000002929,2021-01-16,2022-01-16,Cobertura amplia,Volkswagen Jetta,2021,10322,700,Vencido,1,0
P000002930,2020-06-28,2021-06-28,Responsabilidad civil,Hyundai Elantra,2019,32248,600,Al día,0,1
P000002931,2022-08-06,2023-08-06,Cobertura de colisión,Nissan Sentra,2020,46781,600,Al día,0,0
P000002932,2025-10-29,2026-10-29,Cobertura total,Honda Civic,2018,32317,600,Vencido,1,1
P000002933,2024-08-18,2025-08-18,Cobertura amplia,Toyota Corolla,2019,21891,600,Al día,0,1
P000002934,2024-03-05,2025-03-05,Cobertura de colisión,Honda Civic,2019,28297,500,Vencido,1,1
P000002935,2025-02-20,2026-02-20,Cobertura amplia,Chevrolet Cruze,2013,39203,700,Al día,0,1
P000002936,2020-12-13,2021-12-13,Cobertura amplia,Kia Forte,2020,29488,600,Al día,1,0
P000002937,2021-01-26,2022-01-26,Cobertura total,Toyota Corolla,2010,28880,600,Vencido,0,1
P000002938,2025-09-01,2026-09-01,Cobertura de robo,Honda Civic,2018,36224,700,Al día,1,0
P000002939,2021-06-30,2022-06-30,Cobertura total,Honda Civic,2020,20754,700,Al día,0,1
P000002940,2024-06-03,2025-06-03,Cobertura total,Kia Forte,2022,36701,500,Vencido,0,0
P000002941,2020-11-02,2021-11-02,Responsabilidad civil,Kia Forte,2010,16326,500,Al día,1,1
P000002942,2020-09-12,2021-09-12,Responsabilidad civil,Ford Focus,2014,17982,700,Vencido,1,1
P000002943,2024-11-16,2025-11-16,Cobertura total,Volkswagen Jetta,2018,48303,500,Vencido,1,1
P000002944,2021-06-19,2022-06-19,Cobertura de colisión,Toyota Corolla,2017,41998,500,Vencido,0,0
P000002945,2022-08-27,2023-08-27,Responsabilidad civil,Nissan Sentra,2020,13894,500,Al día,0,0
P000002946,2023-04-09,2024-04-08,Cobertura de robo,Volkswagen Jetta,2014,40137,700,Vencido,0,1
P000002947,2022-12-05,2023-12-05,Cobertura de robo,Toyota Corolla,2020,23620,600,Al día,1,1
P000002948,2023-07-14,2024-07-13,Responsabilidad civil,Chevrolet Cruze,2018,27328,600,Vencido,0,1
P000002949,2024-05-28,2025-05-28,Cobertura de robo,Hyundai Elantra,2011,37955,500,Vencido,1,1
P000002950,2023-08-29,2024-08-28,Cobertura amplia,Mazda 3,2018,48174,700,Al día,0,0
P000002951,2023-07-26,2024-07-25,Cobertura de robo,Volkswagen Jetta,2021,36432,600,Vencido,1,0
P000002952,2025-01-28,2026-01-28,Cobertura de robo,Mazda 3,2013,31990,600,Vencido,0,0
P000002953,2023-01-18,2024-01-18,Cobertura amplia,Kia Forte,2021,33996,500,Al día,0,0
P000002954,2022-08-14,2023-08-14,Cobertura de robo,Ford Focus,2010,40121,600,Al día,0,0
P000002955,2020-11-01,2021-11-01,Cobertura total,Ford Focus,2021,33478,700,Al día,1,0
P000002956,2022-04-10,2023-04-10,Responsabilidad civil,Toyota Corolla,2014,42646,600,Vencido,1,1
P000002957,2021-07-11,2022-07-11,Cobertura de robo,Toyota Corolla,2016,48262,500,Vencido,1,1
P000002958,2021-03-22,2022-03-22,Cobertura total,Honda Civic,2018,20191,600,Vencido,0,0
P000002959,2021-09-28,2022-09-28,Cobertura total,Toyota Corolla,2019,37668,600,Vencido,0,1
P000002960,2021-03-08,2022-03-08,Cobertura de robo,Hyundai Elantra,2010,34791,500,Al día,1,1
P000002961,2021-11-04,2022-11-04,Cobertura de colisión,Hyundai Elantra,2016,32925,600,Al día,1,1
P000002962,2025-01-15,2026-01-15,Responsabilidad civil,Toyota Corolla,2022,41960,700,Vencido,1,0
P000002963,2025-03-23,2026-03-23,Cobertura amplia,Chevrolet Cruze,2022,48839,600,Al día,0,1
P000002964,2023-07-10,2024-07-09,Responsabilidad civil,Chevrolet Cruze,2016,26223,600,Al día,0,1
P000002965,2024-07-23,2025-07-23,Cobertura de robo,Honda Civic,2013,35565,700,Vencido,0,1
P000002966,2021-05-09,2022-05-09,Responsabilidad civil,Kia Forte,2010,18520,700,Vencido,1,0
P000002967,2024-01-07,2025-01-06,Cobertura de robo,Nissan Sentra,2020,34317,700,Vencido,0,1
P000002968,2022-04-30,2023-04-30,Cobertura total,Hyundai Elantra,2014,13959,500,Vencido,1,1
P000002969,2025-01-25,2026-01-25,Cobertura amplia,Chevrolet Cruze,2022,35903,700,Al día,0,1
P000002970,2023-06-16,2024-06-15,Responsabilidad civil,Toyota Corolla,2022,46719,700,Vencido,1,0
P000002971,2025-03-12,2026-03-12,Cobertura total,Volkswagen Jetta,2021,16318,700,Vencido,0,1
P000002972,2022-12-21,2023-12-21,Cobertura total,Chevrolet Cruze,2021,43105,700,Vencido,1,1
P000002973,2021-05-06,2022-05-06,Cobertura de colisión,Hyundai Elantra,2010,27958,500,Al día,1,1
P000002974,2021-01-05,2022-01-05,Cobertura amplia,Kia Forte,2012,23608,500,Vencido,0,1
P000002975,2021-10-07,2022-10-07,Cobertura total,Hyundai Elantra,2018,31406,700,Vencido,1,1
P000002976,2023-05-31,2024-05-30,Cobertura de robo,Honda Civic,2019,14499,500,Al día,0,0
P000002977,2020-06-14,2021-06-14,Cobertura de robo,Volkswagen Jetta,2014,41088,700,Al día,1,0
P000002978,2022-05-30,2023-05-30,Cobertura amplia,Kia Forte,2018,41071,500,Vencido,0,1
P000002979,2023-09-04,2024-09-03,Cobertura de robo,Hyundai Elantra,2017,41494,500,Vencido,1,1
P000002980,2021-08-30,2022-08-30,Cobertura de colisión,Honda Civic,2011,17553,500,Vencido,1,0
P000002981,2021-01-08,2022-01-08,Cobertura total,Kia Forte,2017,42925,700,Al día,0,0
P000002982,2022-10-13,2023-10-13,Cobertura de robo,Honda Civic,2010,36229,500,Vencido,1,1
P000002983,2023-12-28,2024-12-27,Cobertura de robo,Volkswagen Jetta,2010,40210,700,Al día,0,1
P000002984,2024-06-11,2025-06-11,Cobertura total,Ford Focus,2012,44549,700,Vencido,0,0
P000002985,2025-10-04,2026-10-04,Cobertura amplia,Toyota Corolla,2016,21582,500,Vencido,0,0
P000002986,2020-07-19,2021-07-19,Cobertura total,Chevrolet Cruze,2020,35558,700,Al día,0,0
P000002987,2023-05-09,2024-05-08,Responsabilidad civil,Toyota Corolla,2018,13347,500,Al día,1,1
P000002988,2022-12-01,2023-12-01,Cobertura de colisión,Kia Forte,2013,15348,500,Vencido,0,1
P000002989,2021-12-13,2022-12-13,Cobertura de colisión,Volkswagen Jetta,2017,42266,600,Vencido,0,0
P000002990,2020-05-07,2021-05-07,Cobertura de colisión,Toyota Corolla,2013,33923,700,Al día,1,0
P000002991,2024-07-14,2025-07-14,Cobertura de robo,Honda Civic,2014,13786,500,Al día,0,1
P000002992,2025-01-26,2026-01-26,Cobertura amplia,Mazda 3,2010,20578,500,Al día,1,0
P000002993,2022-10-20,2023-10-20,Cobertura de colisión,Ford Focus,2015,11046,600,Vencido,0,1
P000002994,2021-01-22,2022-01-22,Cobertura amplia,Chevrolet Cruze,2020,16055,700,Vencido,1,1
P000002995,2025-03-07,2026-03-07,Responsabilidad civil,Kia Forte,2013,37500,700,Al día,1,1
P000002996,2021-02-21,2022-02-21,Cobertura de colisión,Chevrolet Cruze,2017,23111,500,Vencido,1,1
P000002997,2021-07-26,2022-07-26,Cobertura de robo,Nissan Sentra,2017,43118,700,Vencido,1,0
P000002998,2021-05-12,2022-05-12,Cobertura de colisión,Volkswagen Jetta,2011,28608,600,Vencido,0,0
P000002999,2020-02-18,2021-02-17,Cobertura de colisión,Honda Civic,2018,36205,500,Al día,0,0
P000003000,2020-09-09,2021-09-09,Cobertura amplia,Ford Focus,2019,23619,600,Vencido,0,1
P000003001,2022-06-29,2023-06-29,Responsabilidad civil,Chevrolet Cruze,2015,26053,600,Vencido,0,1
P000003002,2021-06-19,2022-06-19,Cobertura de robo,Volkswagen Jetta,2012,21708,500,Al día,0,1
P000003003,2022-03-22,2023-03-22,Cobertura de colisión,Chevrolet Cruze,2018,49578,600,Al día,1,0
P000003004,2024-06-28,2025-06-28,Cobertura de colisión,Toyota Corolla,2019,14275,500,Al día,0,0
P000003005,2024-03-04,2025-03-04,Responsabilidad civil,Ford Focus,2018,10100,600,Al día,0,1
P000003006,2020-12-10,2021-12-10,Cobertura de colisión,Kia Forte,2012,27981,700,Al día,1,1
P000003007,2022-11-26,2023-11-26,Cobertura de colisión,Volkswagen Jetta,2022,48691,600,Vencido,0,1
P000003008,2020-11-03,2021-11-03,Responsabilidad civil,Toyota Corolla,2016,43149,700,Al día,0,0
P000003009,2020-03-30,2021-03-30,Responsabilidad civil,Chevrolet Cruze,2017,29213,700,Vencido,1,1
P000003010,2020-09-21,2021-09-21,Responsabilidad civil,Kia Forte,2013,15884,700,Al día,0,0
P000003011,2022-03-20,2023-03-20,Cobertura total,Honda Civic,2012,29264,500,Al día,1,1
P000003012,2024-12-21,2025-12-21,Cobertura amplia,Chevrolet Cruze,2016,32907,700,Al día,1,1
P000003013,2021-06-11,2022-06-11,Responsabilidad civil,Chevrolet Cruze,2021,44851,600,Al día,0,0
P000003014,2021-01-11,2022-01-11,Cobertura de robo,Honda Civic,2015,45089,500,Al día,1,1
P000003015,2023-09-20,2024-09-19,Cobertura amplia,Kia Forte,2011,40507,500,Al día,1,1
P000003016,2021-05-16,2022-05-16,Cobertura de robo,Honda Civic,2016,27409,600,Vencido,1,0
P000003017,2020-06-23,2021-06-23,Cobertura de robo,Kia Forte,2020,27806,600,Al día,0,1
P000003018,2025-03-03,2026-03-03,Cobertura de colisión,Honda Civic,2017,39275,600,Vencido,1,0
P000003019,2020-07-26,2021-07-26,Responsabilidad civil,Hyundai Elantra,2013,35192,600,Vencido,0,0
P000003020,2021-11-19,2022-11-19,Cobertura de colisión,Mazda 3,2022,35617,500,Al día,0,0
P000003021,2024-11-09,2025-11-09,Cobertura total,Mazda 3,2018,12971,700,Al día,1,0
P000003022,2024-06-05,2025-06-05,Cobertura amplia,Toyota Corolla,2014,46353,500,Vencido,0,0
P000003023,2025-07-25,2026-07-25,Cobertura total,Toyota Corolla,2021,12646,500,Al día,0,0
P000003024,2020-04-30,2021-04-30,Cobertura de colisión,Honda Civic,2017,40767,500,Vencido,1,0
P000003025,2024-04-16,2025-04-16,Cobertura de robo,Honda Civic,2019,40005,700,Vencido,1,0
P000003026,2024-10-13,2025-10-13,Cobertura amplia,Volkswagen Jetta,2015,16945,600,Al día,1,0
P000003027,2021-12-08,2022-12-08,Responsabilidad civil,Ford Focus,2014,44606,600,Vencido,1,1
P000003028,2023-12-20,2024-12-19,Cobertura de colisión,Ford Focus,2014,44956,500,Vencido,1,0
P000003029,2022-05-29,2023-05-29,Cobertura total,Volkswagen Jetta,2010,17650,600,Al día,0,0
P000003030,2022-02-05,2023-02-05,Cobertura de colisión,Ford Focus,2019,14747,600,Al día,1,1
P000003031,2023-01-31,2024-01-31,Cobertura de robo,Nissan Sentra,2010,38716,700,Al día,1,0
P000003032,2023-02-20,2024-02-20,Cobertura total,Honda Civic,2012,39334,600,Vencido,1,1
P000003033,2024-12-31,2025-12-31,Responsabilidad civil,Hyundai Elantra,2016,15466,500,Vencido,0,1
P000003034,2021-08-31,2022-08-31,Cobertura de colisión,Mazda 3,2013,21385,700,Vencido,1,1
P000003035,2020-05-21,2021-05-21,Cobertura de robo,Ford Focus,2018,39693,500,Al día,1,0
P000003036,2022-10-03,2023-10-03,Cobertura total,Hyundai Elantra,2011,40617,500,Al día,0,1
P000003037,2023-04-23,2024-04-22,Responsabilidad civil,Toyota Corolla,2021,44841,500,Vencido,1,1
P000003038,2025-08-05,2026-08-05,Cobertura de colisión,Mazda 3,2019,27140,500,Vencido,0,1
P000003039,2024-08-14,2025-08-14,Responsabilidad civil,Ford Focus,2014,20422,500,Al día,1,1
P000003040,2025-05-16,2026-05-16,Cobertura de robo,Subaru Impreza,2012,36064,500,Al día,0,0
P000003041,2020-09-06,2021-09-06,Cobertura de robo,Toyota Corolla,2018,49079,600,Vencido,1,0
P000003042,2020-12-25,2021-12-25,Cobertura de colisión,Hyundai Elantra,2015,47226,700,Vencido,0,1
P000003043,2023-02-19,2024-02-19,Cobertura amplia,Toyota Corolla,2010,10429,700,Vencido,1,1
P000003044,2024-04-17,2025-04-17,Cobertura amplia,Chevrolet Cruze,2015,11939,500,Al día,1,0
P000003045,2021-07-16,2022-07-16,Responsabilidad civil,Honda Civic,2013,15031,500,Vencido,0,1
P000003046,2024-09-13,2025-09-13,Cobertura amplia,Mazda 3,2019,22538,500,Vencido,0,1
P000003047,2022-03-27,2023-03-27,Cobertura amplia,Toyota Corolla,2019,46930,500,Vencido,0,1
P000003048,2025-11-23,2026-11-23,Responsabilidad civil,Kia Forte,2010,41674,600,Al día,0,0
P000003049,2022-10-17,2023-10-17,Cobertura de robo,Kia Forte,2013,47549,700,Al día,0,0
P000003050,2020-03-20,2021-03-20,Cobertura de robo,Honda Civic,2010,28819,600,Al día,0,0
P000003051,2024-04-15,2025-04-15,Cobertura total,Toyota Corolla,2017,41634,600,Vencido,1,0
P000003052,2024-01-10,2025-01-09,Responsabilidad civil,Chevrolet Cruze,2019,14047,700,Vencido,0,0
P000003053,2025-05-18,2026-05-18,Cobertura de robo,Honda Civic,2016,22488,700,Al día,1,1
P000003054,2025-06-08,2026-06-08,Cobertura amplia,Toyota Corolla,2022,24200,600,Vencido,1,1
P000003055,2023-11-10,2024-11-09,Cobertura de colisión,Honda Civic,2017,49522,500,Vencido,0,0
P000003056,2025-08-19,2026-08-19,Cobertura de robo,Toyota Corolla,2015,29770,500,Al día,1,1
P000003057,2023-08-10,2024-08-09,Cobertura de robo,Honda Civic,2014,47156,600,Vencido,0,1
P000003058,2024-05-09,2025-05-09,Cobertura total,Mazda 3,2013,20458,700,Vencido,1,1
P000003059,2023-01-12,2024-01-12,Cobertura de colisión,Toyota Corolla,2016,17417,500,Vencido,1,0
P000003060,2022-01-06,2023-01-06,Cobertura total,Subaru Impreza,2011,15035,700,Vencido,1,0
P000003061,2020-04-16,2021-04-16,Responsabilidad civil,Honda Civic,2020,22861,500,Al día,0,0
P000003062,2023-07-30,2024-07-29,Cobertura amplia,Ford Focus,2011,47199,500,Vencido,0,0
P000003063,2022-06-16,2023-06-16,Cobertura total,Mazda 3,2018,13653,500,Al día,0,1
P000003064,2020-04-30,2021-04-30,Cobertura de colisión,Hyundai Elantra,2020,31708,700,Vencido,0,1
P000003065,2023-02-24,2024-02-24,Cobertura de colisión,Toyota Corolla,2022,46750,500,Al día,0,1
P000003066,2020-08-27,2021-08-27,Cobertura de colisión,Toyota Corolla,2020,49211,700,Vencido,0,1
P000003067,2025-04-16,2026-04-16,Cobertura de robo,Mazda 3,2014,20111,500,Vencido,0,0
P000003068,2025-12-08,2026-12-08,Cobertura total,Ford Focus,2015,13878,700,Al día,1,1
P000003069,2024-01-04,2025-01-03,Cobertura total,Honda Civic,2013,32616,700,Vencido,1,1
P000003070,2022-08-11,2023-08-11,Cobertura de colisión,Ford Focus,2021,37176,500,Vencido,0,1
P000003071,2021-10-15,2022-10-15,Cobertura de robo,Ford Focus,2010,35155,700,Vencido,1,1
P000003072,2021-02-14,2022-02-14,Cobertura amplia,Toyota Corolla,2016,17915,600,Vencido,1,1
P000003073,2022-10-12,2023-10-12,Cobertura de colisión,Nissan Sentra,2014,17704,500,Vencido,0,1
P000003074,2022-09-14,2023-09-14,Cobertura de colisión,Nissan Sentra,2013,45762,500,Al día,0,0
P000003075,2022-12-27,2023-12-27,Cobertura de robo,Toyota Corolla,2011,26788,500,Al día,0,1
P000003076,2025-12-25,2026-12-25,Responsabilidad civil,Hyundai Elantra,2022,16177,700,Vencido,1,1
P000003077,2020-08-17,2021-08-17,Cobertura de colisión,Ford Focus,2020,31591,700,Vencido,1,1
P000003078,2022-06-17,2023-06-17,Cobertura amplia,Hyundai Elantra,2022,49288,700,Vencido,0,0
P000003079,2024-05-09,2025-05-09,Cobertura de colisión,Chevrolet Cruze,2012,11130,600,Al día,0,1
P000003080,2023-12-24,2024-12-23,Cobertura amplia,Nissan Sentra,2010,40158,700,Vencido,0,1
P000003081,2021-12-12,2022-12-12,Cobertura amplia,Toyota Corolla,2014,48097,500,Vencido,1,0
P000003082,2021-12-22,2022-12-22,Cobertura amplia,Toyota Corolla,2017,23545,700,Al día,1,0
P000003083,2022-08-26,2023-08-26,Cobertura amplia,Mazda 3,2013,37570,600,Al día,1,1
P000003084,2023-07-26,2024-07-25,Cobertura de robo,Honda Civic,2017,29817,700,Vencido,1,1
P000003085,2024-01-09,2025-01-08,Cobertura de robo,Mazda 3,2016,48015,700,Vencido,1,0
P000003086,2020-04-25,2021-04-25,Cobertura de robo,Subaru Impreza,2016,17166,500,Vencido,0,0
P000003087,2023-12-11,2024-12-10,Cobertura de robo,Subaru Impreza,2017,34861,500,Al día,1,1
P000003088,2021-08-05,2022-08-05,Cobertura amplia,Toyota Corolla,2010,35878,700,Vencido,1,0
P000003089,2022-02-10,2023-02-10,Cobertura de colisión,Chevrolet Cruze,2013,18919,700,Al día,0,1
P000003090,2025-07-09,2026-07-09,Cobertura de robo,Toyota Corolla,2013,32630,600,Al día,1,0
P000003091,2023-06-19,2024-06-18,Cobertura de colisión,Honda Civic,2015,40045,500,Vencido,1,1
P000003092,2021-12-20,2022-12-20,Cobertura de robo,Toyota Corolla,2017,26820,700,Al día,1,0
P000003093,2025-07-01,2026-07-01,Cobertura total,Chevrolet Cruze,2010,19720,700,Vencido,1,0
P000003094,2020-06-04,2021-06-04,Cobertura de robo,Mazda 3,2011,37008,700,Al día,0,1
P000003095,2021-01-04,2022-01-04,Cobertura de robo,Toyota Corolla,2010,42336,700,Al día,0,1
P000003096,2020-08-18,2021-08-18,Cobertura de colisión,Toyota Corolla,2015,37329,700,Vencido,0,1
P000003097,2022-08-10,2023-08-10,Cobertura de robo,Honda Civic,2022,17235,600,Al día,1,0
P000003098,2022-06-15,2023-06-15,Cobertura amplia,Kia Forte,2011,33874,500,Vencido,1,0
P000003099,2020-03-22,2021-03-22,Cobertura de robo,Toyota Corolla,2018,16127,500,Al día,0,1
P000003100,2025-11-26,2026-11-26,Cobertura amplia,Hyundai Elantra,2011,40051,700,Vencido,1,1
P000003101,2025-05-11,2026-05-11,Cobertura de robo,Hyundai Elantra,2016,49361,600,Vencido,0,0
P000003102,2020-01-03,2021-01-02,Cobertura de colisión,Hyundai Elantra,2013,18558,500,Vencido,0,1
P000003103,2023-09-20,2024-09-19,Cobertura de colisión,Kia Forte,2014,35953,600,Vencido,1,0
P000003104,2022-04-05,2023-04-05,Cobertura de robo,Mazda 3,2019,47638,700,Al día,0,1
P000003105,2021-06-18,2022-06-18,Cobertura de colisión,Toyota Corolla,2015,43132,700,Al día,1,1
P000003106,2023-10-27,2024-10-26,Cobertura total,Hyundai Elantra,2017,29869,700,Al día,0,1
P000003107,2021-12-27,2022-12-27,Responsabilidad civil,Volkswagen Jetta,2019,44013,500,Vencido,1,1
P000003108,2023-08-18,2024-08-17,Cobertura total,Honda Civic,2019,42686,500,Vencido,0,0
P000003109,2020-08-31,2021-08-31,Cobertura total,Toyota Corolla,2013,15772,500,Al día,0,0
P000003110,2020-03-30,2021-03-30,Cobertura amplia,Ford Focus,2019,20163,700,Al día,0,0
P000003111,2021-08-28,2022-08-28,Responsabilidad civil,Toyota Corolla,2021,17883,700,Vencido,1,1
P000003112,2021-08-03,2022-08-03,Cobertura amplia,Nissan Sentra,2017,28243,700,Vencido,1,0
P000003113,2021-03-30,2022-03-30,Cobertura de robo,Hyundai Elantra,2010,24305,600,Vencido,1,0
P000003114,2025-11-25,2026-11-25,Responsabilidad civil,Toyota Corolla,2018,37148,600,Vencido,1,1
P000003115,2024-02-03,2025-02-02,Cobertura amplia,Toyota Corolla,2017,27073,500,Al día,0,1
P000003116,2020-10-24,2021-10-24,Cobertura de colisión,Honda Civic,2018,21231,500,Vencido,1,1
P000003117,2024-03-10,2025-03-10,Cobertura total,Toyota Corolla,2021,37542,700,Al día,0,1
P000003118,2024-06-08,2025-06-08,Cobertura de robo,Nissan Sentra,2020,43986,500,Al día,1,0
P000003119,2021-02-17,2022-02-17,Cobertura de robo,Toyota Corolla,2011,34861,700,Vencido,1,1
P000003120,2023-10-10,2024-10-09,Cobertura de robo,Kia Forte,2017,37913,700,Al día,1,0
P000003121,2023-05-21,2024-05-20,Cobertura amplia,Mazda 3,2019,15542,500,Al día,0,1
P000003122,2023-08-14,2024-08-13,Cobertura amplia,Volkswagen Jetta,2017,33584,700,Vencido,1,1
P000003123,2021-07-12,2022-07-12,Responsabilidad civil,Ford Focus,2022,36574,600,Vencido,0,1
P000003124,2021-10-07,2022-10-07,Cobertura de robo,Chevrolet Cruze,2014,17000,500,Vencido,0,0
P000003125,2024-11-24,2025-11-24,Cobertura de robo,Honda Civic,2020,11773,700,Vencido,1,0
P000003126,2025-06-18,2026-06-18,Cobertura de colisión,Mazda 3,2014,23368,600,Al día,1,1
P000003127,2023-07-23,2024-07-22,Responsabilidad civil,Hyundai Elantra,2013,23548,700,Al día,0,0
P000003128,2021-12-14,2022-12-14,Cobertura amplia,Ford Focus,2020,37361,700,Vencido,1,1
P000003129,2024-01-01,2024-12-31,Cobertura de robo,Nissan Sentra,2014,46760,500,Vencido,0,0
P000003130,2022-07-03,2023-07-03,Cobertura de robo,Hyundai Elantra,2014,25218,700,Vencido,1,0
P000003131,2021-12-19,2022-12-19,Cobertura de robo,Nissan Sentra,2021,44632,500,Vencido,0,1
P000003132,2024-03-29,2025-03-29,Cobertura de colisión,Kia Forte,2022,15008,600,Al día,1,0
P000003133,2023-06-10,2024-06-09,Cobertura de colisión,Ford Focus,2014,25142,600,Al día,1,1
P000003134,2023-04-21,2024-04-20,Cobertura total,Toyota Corolla,2016,32042,600,Al día,1,1
P000003135,2021-06-05,2022-06-05,Cobertura total,Nissan Sentra,2016,38947,500,Vencido,1,1
P000003136,2021-12-28,2022-12-28,Cobertura total,Volkswagen Jetta,2017,43096,600,Al día,0,0
P000003137,2020-01-08,2021-01-07,Cobertura de colisión,Toyota Corolla,2022,31883,700,Al día,1,1
P000003138,2024-05-22,2025-05-22,Cobertura de robo,Volkswagen Jetta,2010,45791,500,Vencido,0,0
P000003139,2020-05-12,2021-05-12,Cobertura total,Subaru Impreza,2021,12365,500,Al día,1,1
P000003140,2022-01-15,2023-01-15,Cobertura total,Hyundai Elantra,2020,31864,700,Vencido,0,1
P000003141,2023-07-27,2024-07-26,Cobertura total,Honda Civic,2020,13977,600,Al día,1,0
P000003142,2022-06-23,2023-06-23,Cobertura de robo,Chevrolet Cruze,2018,24519,500,Al día,0,0
P000003143,2021-03-02,2022-03-02,Cobertura de robo,Subaru Impreza,2012,16624,600,Vencido,1,1
P000003144,2025-07-25,2026-07-25,Cobertura total,Honda Civic,2020,30457,700,Al día,0,1
P000003145,2021-07-30,2022-07-30,Responsabilidad civil,Nissan Sentra,2015,10013,600,Al día,0,1
P000003146,2023-09-18,2024-09-17,Cobertura de robo,Hyundai Elantra,2021,10215,700,Vencido,1,0
P000003147,2020-11-14,2021-11-14,Cobertura total,Kia Forte,2015,17310,700,Vencido,0,0
P000003148,2022-09-01,2023-09-01,Cobertura total,Nissan Sentra,2016,37478,700,Vencido,1,0
P000003149,2023-11-21,2024-11-20,Cobertura de robo,Chevrolet Cruze,2021,14778,700,Vencido,0,0
P000003150,2023-08-01,2024-07-31,Cobertura de colisión,Ford Focus,2016,26070,600,Al día,1,1
P000003151,2021-11-18,2022-11-18,Cobertura de colisión,Ford Focus,2016,17907,600,Vencido,0,1
P000003152,2020-12-29,2021-12-29,Cobertura total,Kia Forte,2015,49549,700,Vencido,1,1
P000003153,2023-10-07,2024-10-06,Cobertura total,Toyota Corolla,2017,15518,600,Al día,1,0
P000003154,2025-01-03,2026-01-03,Cobertura amplia,Kia Forte,2017,48386,600,Vencido,1,1
P000003155,2020-02-16,2021-02-15,Cobertura total,Nissan Sentra,2012,45590,500,Al día,0,0
P000003156,2022-12-22,2023-12-22,Cobertura amplia,Kia Forte,2012,23803,500,Al día,1,0
P000003157,2022-05-08,2023-05-08,Cobertura amplia,Chevrolet Cruze,2019,33663,700,Vencido,0,1
P000003158,2022-10-19,2023-10-19,Cobertura amplia,Nissan Sentra,2018,16225,500,Vencido,0,0
P000003159,2020-10-04,2021-10-04,Cobertura de colisión,Toyota Corolla,2011,24836,700,Vencido,0,0
P000003160,2023-12-06,2024-12-05,Cobertura de robo,Chevrolet Cruze,2017,34981,700,Vencido,1,0
P000003161,2022-11-17,2023-11-17,Cobertura amplia,Toyota Corolla,2021,38916,600,Vencido,1,0
P000003162,2021-03-18,2022-03-18,Cobertura de colisión,Nissan Sentra,2016,19823,700,Al día,0,1
P000003163,2020-01-06,2021-01-05,Cobertura amplia,Ford Focus,2020,33686,500,Al día,0,0
P000003164,2020-07-16,2021-07-16,Cobertura de colisión,Mazda 3,2010,17583,700,Al día,1,1
P000003165,2024-04-29,2025-04-29,Cobertura amplia,Hyundai Elantra,2020,11617,700,Vencido,1,0
P000003166,2024-11-29,2025-11-29,Responsabilidad civil,Hyundai Elantra,2017,18086,600,Vencido,0,1
P000003167,2024-09-14,2025-09-14,Cobertura de colisión,Chevrolet Cruze,2021,35995,600,Al día,0,0
P000003168,2021-11-12,2022-11-12,Cobertura de colisión,Kia Forte,2017,21269,600,Al día,0,1
P000003169,2024-08-22,2025-08-22,Responsabilidad civil,Toyota Corolla,2016,42070,700,Vencido,1,0
P000003170,2025-07-12,2026-07-12,Cobertura de robo,Chevrolet Cruze,2012,14861,700,Vencido,1,0
P000003171,2024-03-31,2025-03-31,Cobertura de robo,Chevrolet Cruze,2022,48445,500,Al día,0,1
P000003172,2023-12-09,2024-12-08,Cobertura amplia,Toyota Corolla,2020,28962,700,Vencido,0,1
P000003173,2024-03-17,2025-03-17,Cobertura total,Honda Civic,2021,18964,600,Al día,1,0
P000003174,2021-02-19,2022-02-19,Cobertura de robo,Ford Focus,2013,18718,600,Vencido,0,1
P000003175,2025-05-17,2026-05-17,Cobertura de colisión,Honda Civic,2019,14222,700,Al día,1,0
P000003176,2022-07-12,2023-07-12,Responsabilidad civil,Toyota Corolla,2015,38164,600,Vencido,1,0
P000003177,2021-10-28,2022-10-28,Cobertura amplia,Honda Civic,2020,20353,600,Al día,1,1
P000003178,2025-01-22,2026-01-22,Cobertura amplia,Toyota Corolla,2022,48319,600,Al día,1,0
P000003179,2020-10-28,2021-10-28,Cobertura de robo,Ford Focus,2021,44390,500,Vencido,0,0
P000003180,2020-05-16,2021-05-16,Cobertura total,Nissan Sentra,2020,31382,700,Al día,1,1
P000003181,2023-04-22,2024-04-21,Cobertura de robo,Toyota Corolla,2015,15335,700,Vencido,1,1
P000003182,2020-03-23,2021-03-23,Cobertura amplia,Toyota Corolla,2016,41548,600,Vencido,1,1
P000003183,2023-07-29,2024-07-28,Cobertura amplia,Toyota Corolla,2019,31240,600,Al día,0,0
P000003184,2022-12-05,2023-12-05,Cobertura amplia,Honda Civic,2022,17501,600,Al día,0,0
P000003185,2021-03-04,2022-03-04,Cobertura amplia,Honda Civic,2022,29067,700,Vencido,1,0
P000003186,2020-10-30,2021-10-30,Responsabilidad civil,Honda Civic,2022,25364,600,Vencido,1,0
P000003187,2023-11-01,2024-10-31,Cobertura de colisión,Hyundai Elantra,2014,27152,700,Vencido,1,1
P000003188,2021-11-27,2022-11-27,Cobertura de robo,Ford Focus,2013,38139,600,Al día,0,1
P000003189,2024-03-17,2025-03-17,Responsabilidad civil,Honda Civic,2013,31033,600,Al día,1,1
P000003190,2021-10-21,2022-10-21,Cobertura amplia,Ford Focus,2013,32664,700,Vencido,1,0
P000003191,2020-11-03,2021-11-03,Cobertura total,Toyota Corolla,2022,41736,500,Vencido,0,0
P000003192,2021-01-16,2022-01-16,Cobertura de robo,Nissan Sentra,2022,12586,600,Vencido,0,0
P000003193,2023-10-16,2024-10-15,Cobertura amplia,Kia Forte,2014,49509,600,Vencido,1,0
P000003194,2025-05-31,2026-05-31,Cobertura de colisión,Toyota Corolla,2017,25283,600,Al día,1,0
P000003195,2020-05-06,2021-05-06,Cobertura de colisión,Toyota Corolla,2017,36554,600,Al día,1,0
P000003196,2024-11-01,2025-11-01,Cobertura total,Hyundai Elantra,2016,26814,700,Vencido,1,0
P000003197,2021-11-06,2022-11-06,Cobertura de robo,Toyota Corolla,2018,14151,500,Vencido,0,1
P000003198,2024-11-13,2025-11-13,Cobertura de colisión,Hyundai Elantra,2022,30862,700,Al día,0,1
P000003199,2021-10-05,2022-10-05,Cobertura amplia,Hyundai Elantra,2019,26648,500,Al día,1,1
P000003200,2020-08-07,2021-08-07,Cobertura amplia,Chevrolet Cruze,2013,24151,500,Al día,0,1
P000003201,2021-02-18,2022-02-18,Cobertura total,Honda Civic,2022,41879,600,Al día,1,1
P000003202,2023-09-18,2024-09-17,Cobertura de robo,Toyota Corolla,2020,20515,700,Vencido,1,0
P000003203,2022-04-21,2023-04-21,Cobertura total,Chevrolet Cruze,2018,40029,700,Al día,0,0
P000003204,2022-02-17,2023-02-17,Cobertura de robo,Nissan Sentra,2014,38296,700,Vencido,0,0
P000003205,2024-08-03,2025-08-03,Cobertura de colisión,Toyota Corolla,2021,35226,700,Al día,1,1
P000003206,2022-12-22,2023-12-22,Cobertura de robo,Nissan Sentra,2019,23120,700,Al día,0,0
P000003207,2023-02-27,2024-02-27,Cobertura de robo,Toyota Corolla,2019,22667,700,Vencido,1,0
P000003208,2023-05-03,2024-05-02,Cobertura total,Honda Civic,2017,32063,600,Al día,1,0
P000003209,2022-08-30,2023-08-30,Cobertura de robo,Mazda 3,2011,20468,500,Al día,1,1
P000003210,2021-01-27,2022-01-27,Cobertura de colisión,Toyota Corolla,2021,33388,600,Al día,1,0
P000003211,2020-07-22,2021-07-22,Cobertura amplia,Volkswagen Jetta,2021,37894,500,Al día,0,1
P000003212,2024-05-28,2025-05-28,Responsabilidad civil,Nissan Sentra,2019,30658,500,Al día,0,0
P000003213,2025-07-03,2026-07-03,Cobertura de colisión,Hyundai Elantra,2015,40686,600,Al día,1,1
P000003214,2021-09-21,2022-09-21,Responsabilidad civil,Honda Civic,2013,46739,700,Al día,0,0
P000003215,2020-08-11,2021-08-11,Cobertura de robo,Volkswagen Jetta,2012,37948,500,Al día,1,0
P000003216,2024-01-17,2025-01-16,Cobertura total,Honda Civic,2010,31535,500,Al día,0,0
P000003217,2020-01-16,2021-01-15,Cobertura de colisión,Hyundai Elantra,2017,24144,500,Vencido,1,1
P000003218,2024-10-17,2025-10-17,Responsabilidad civil,Chevrolet Cruze,2015,23106,700,Al día,1,1
P000003219,2020-12-24,2021-12-24,Cobertura total,Hyundai Elantra,2019,35937,500,Al día,1,0
P000003220,2023-04-21,2024-04-20,Cobertura total,Chevrolet Cruze,2010,19246,600,Vencido,0,1
P000003221,2025-05-21,2026-05-21,Cobertura amplia,Honda Civic,2012,41251,600,Al día,1,0
P000003222,2022-03-28,2023-03-28,Responsabilidad civil,Honda Civic,2013,18427,700,Vencido,1,0
P000003223,2021-02-01,2022-02-01,Cobertura total,Volkswagen Jetta,2019,49053,600,Al día,1,0
P000003224,2020-04-15,2021-04-15,Cobertura de colisión,Toyota Corolla,2011,46836,700,Al día,0,1
P000003225,2022-04-27,2023-04-27,Cobertura amplia,Chevrolet Cruze,2011,38886,500,Vencido,0,0
P000003226,2021-11-30,2022-11-30,Cobertura de colisión,Mazda 3,2020,18363,500,Al día,1,0
P000003227,2023-04-10,2024-04-09,Cobertura de robo,Chevrolet Cruze,2015,17975,600,Al día,1,1
P000003228,2020-12-01,2021-12-01,Cobertura amplia,Hyundai Elantra,2014,24016,700,Al día,1,1
P000003229,2025-04-23,2026-04-23,Cobertura amplia,Ford Focus,2014,33583,600,Vencido,1,0
P000003230,2021-04-18,2022-04-18,Cobertura total,Toyota Corolla,2013,16034,700,Al día,1,0
P000003231,2023-06-17,2024-06-16,Responsabilidad civil,Toyota Corolla,2016,11712,700,Vencido,1,1
P000003232,2024-06-16,2025-06-16,Cobertura de robo,Hyundai Elantra,2018,16519,600,Al día,0,1
P000003233,2025-04-12,2026-04-12,Cobertura de colisión,Ford Focus,2010,24508,700,Vencido,0,1
P000003234,2025-06-26,2026-06-26,Cobertura de colisión,Nissan Sentra,2010,26357,500,Al día,1,0
P000003235,2022-12-21,2023-12-21,Cobertura amplia,Chevrolet Cruze,2011,17745,500,Vencido,0,0
P000003236,2021-01-08,2022-01-08,Cobertura de robo,Toyota Corolla,2020,24492,500,Vencido,0,1
P000003237,2024-05-06,2025-05-06,Cobertura de robo,Hyundai Elantra,2014,46074,500,Al día,0,1
P000003238,2022-01-27,2023-01-27,Cobertura de robo,Hyundai Elantra,2022,32790,700,Vencido,0,1
P000003239,2024-02-28,2025-02-27,Cobertura de robo,Toyota Corolla,2019,42460,500,Vencido,1,1
P000003240,2024-04-11,2025-04-11,Cobertura de robo,Chevrolet Cruze,2011,49197,600,Al día,0,1
P000003241,2024-02-22,2025-02-21,Responsabilidad civil,Hyundai Elantra,2013,28976,700,Al día,1,0
P000003242,2022-02-03,2023-02-03,Cobertura de robo,Kia Forte,2010,46096,500,Al día,0,0
P000003243,2024-12-30,2025-12-30,Cobertura de robo,Nissan Sentra,2015,20677,700,Al día,1,1
P000003244,2020-07-01,2021-07-01,Cobertura total,Honda Civic,2015,44079,600,Vencido,0,0
P000003245,2022-12-14,2023-12-14,Cobertura de colisión,Honda Civic,2021,24899,500,Vencido,0,1
P000003246,2024-12-06,2025-12-06,Cobertura amplia,Subaru Impreza,2015,26111,700,Al día,1,0
P000003247,2025-03-19,2026-03-19,Responsabilidad civil,Hyundai Elantra,2013,21683,500,Vencido,0,1
P000003248,2022-12-14,2023-12-14,Responsabilidad civil,Nissan Sentra,2010,47720,500,Al día,0,1
P000003249,2022-07-15,2023-07-15,Cobertura de robo,Toyota Corolla,2010,24505,500,Al día,0,1
P000003250,2023-01-05,2024-01-05,Cobertura de colisión,Ford Focus,2019,40011,600,Al día,1,0
P000003251,2020-09-09,2021-09-09,Cobertura total,Honda Civic,2010,39842,500,Vencido,1,1
P000003252,2021-09-11,2022-09-11,Cobertura amplia,Kia Forte,2015,19504,500,Vencido,1,1
P000003253,2021-01-31,2022-01-31,Cobertura de colisión,Chevrolet Cruze,2018,16335,700,Vencido,0,1
P000003254,2020-12-17,2021-12-17,Cobertura total,Toyota Corolla,2013,29923,500,Al día,1,0
P000003255,2023-11-09,2024-11-08,Cobertura de colisión,Toyota Corolla,2016,45890,700,Vencido,0,0
P000003256,2024-08-22,2025-08-22,Cobertura de colisión,Toyota Corolla,2019,41376,500,Al día,1,1
P000003257,2022-07-20,2023-07-20,Cobertura total,Honda Civic,2017,13762,600,Al día,0,1
P000003258,2020-09-06,2021-09-06,Cobertura de robo,Mazda 3,2022,10868,700,Vencido,0,1
P000003259,2024-05-04,2025-05-04,Responsabilidad civil,Subaru Impreza,2017,42151,500,Vencido,0,0
P000003260,2025-11-10,2026-11-10,Cobertura amplia,Honda Civic,2013,32596,700,Al día,1,0
P000003261,2024-09-10,2025-09-10,Cobertura amplia,Chevrolet Cruze,2010,37188,600,Al día,0,0
P000003262,2025-04-28,2026-04-28,Cobertura de colisión,Kia Forte,2017,39651,700,Al día,1,1
P000003263,2022-08-23,2023-08-23,Cobertura amplia,Honda Civic,2018,15304,700,Al día,0,0
P000003264,2025-05-04,2026-05-04,Cobertura amplia,Hyundai Elantra,2014,30943,700,Vencido,0,0
P000003265,2023-05-09,2024-05-08,Responsabilidad civil,Nissan Sentra,2022,14395,600,Al día,0,1
P000003266,2020-11-19,2021-11-19,Cobertura de colisión,Hyundai Elantra,2018,43086,500,Al día,1,1
P000003267,2024-06-05,2025-06-05,Responsabilidad civil,Honda Civic,2015,12868,600,Vencido,0,1
P000003268,2020-05-22,2021-05-22,Cobertura amplia,Ford Focus,2015,22534,600,Vencido,1,1
P000003269,2025-08-18,2026-08-18,Cobertura de robo,Ford Focus,2014,14346,700,Vencido,0,0
P000003270,2025-10-17,2026-10-17,Cobertura total,Toyota Corolla,2021,48342,700,Al día,0,1
P000003271,2021-08-26,2022-08-26,Cobertura amplia,Toyota Corolla,2016,30887,500,Vencido,1,0
P000003272,2021-05-07,2022-05-07,Responsabilidad civil,Kia Forte,2022,31242,700,Vencido,0,0
P000003273,2025-01-13,2026-01-13,Cobertura total,Hyundai Elantra,2020,16194,500,Al día,1,0
P000003274,2021-12-09,2022-12-09,Responsabilidad civil,Nissan Sentra,2014,43252,700,Vencido,1,0
P000003275,2021-11-15,2022-11-15,Responsabilidad civil,Ford Focus,2018,38775,500,Vencido,0,0
P000003276,2022-05-17,2023-05-17,Cobertura de colisión,Hyundai Elantra,2019,49747,500,Al día,1,0
P000003277,2022-02-28,2023-02-28,Cobertura amplia,Chevrolet Cruze,2017,13083,600,Al día,1,1
P000003278,2021-05-31,2022-05-31,Cobertura total,Chevrolet Cruze,2020,43474,700,Al día,1,1
P000003279,2020-06-23,2021-06-23,Cobertura de colisión,Mazda 3,2010,26769,700,Al día,0,0
P000003280,2024-09-30,2025-09-30,Cobertura total,Chevrolet Cruze,2010,28460,600,Al día,1,1
P000003281,2020-11-16,2021-11-16,Cobertura amplia,Hyundai Elantra,2012,32499,600,Al día,0,1
P000003282,2024-11-18,2025-11-18,Cobertura de robo,Nissan Sentra,2021,24506,500,Al día,1,1
P000003283,2022-04-07,2023-04-07,Cobertura amplia,Kia Forte,2015,44175,500,Vencido,0,0
P000003284,2021-08-28,2022-08-28,Cobertura amplia,Kia Forte,2012,11929,500,Al día,0,0
P000003285,2022-11-22,2023-11-22,Cobertura de robo,Ford Focus,2021,33849,500,Al día,0,1
P000003286,2023-08-02,2024-08-01,Cobertura de colisión,Nissan Sentra,2017,22787,600,Al día,0,1
P000003287,2020-10-01,2021-10-01,Cobertura amplia,Toyota Corolla,2020,21107,500,Al día,1,0
P000003288,2020-12-22,2021-12-22,Cobertura de colisión,Honda Civic,2017,43813,600,Al día,1,1
P000003289,2024-05-08,2025-05-08,Cobertura total,Nissan Sentra,2015,25629,500,Vencido,0,1
P000003290,2024-06-15,2025-06-15,Cobertura amplia,Chevrolet Cruze,2015,20982,700,Vencido,0,0
P000003291,2023-08-28,2024-08-27,Responsabilidad civil,Toyota Corolla,2022,19125,600,Al día,1,0
P000003292,2023-02-05,2024-02-05,Responsabilidad civil,Kia Forte,2012,44913,600,Vencido,1,0
P000003293,2025-10-29,2026-10-29,Cobertura de robo,Subaru Impreza,2016,30990,700,Vencido,1,0
P000003294,2025-02-19,2026-02-19,Responsabilidad civil,Toyota Corolla,2017,36741,700,Vencido,1,0
P000003295,2020-02-20,2021-02-19,Cobertura amplia,Toyota Corolla,2013,19388,600,Vencido,0,1
P000003296,2025-11-10,2026-11-10,Cobertura total,Toyota Corolla,2022,18322,600,Vencido,0,0
P000003297,2024-09-14,2025-09-14,Cobertura de robo,Kia Forte,2013,18973,600,Vencido,0,0
P000003298,2021-04-05,2022-04-05,Responsabilidad civil,Hyundai Elantra,2021,15583,600,Al día,0,0
P000003299,2024-08-24,2025-08-24,Responsabilidad civil,Subaru Impreza,2019,10601,700,Vencido,1,1
P000003300,2021-09-04,2022-09-04,Cobertura total,Volkswagen Jetta,2021,10921,700,Vencido,1,1
P000003301,2021-08-30,2022-08-30,Responsabilidad civil,Ford Focus,2016,11976,600,Al día,1,1
P000003302,2021-02-14,2022-02-14,Cobertura de robo,Honda Civic,2016,42560,700,Vencido,1,0
P000003303,2021-03-08,2022-03-08,Responsabilidad civil,Toyota Corolla,2015,41905,500,Al día,1,1
P000003304,2021-02-17,2022-02-17,Cobertura amplia,Chevrolet Cruze,2014,45315,700,Vencido,0,0
P000003305,2023-03-17,2024-03-16,Responsabilidad civil,Nissan Sentra,2014,17769,600,Al día,1,0
P000003306,2023-11-09,2024-11-08,Cobertura total,Toyota Corolla,2021,13502,500,Vencido,0,1
P000003307,2024-08-10,2025-08-10,Responsabilidad civil,Subaru Impreza,2016,22605,700,Vencido,1,1
P000003308,2022-12-17,2023-12-17,Cobertura de robo,Honda Civic,2018,25545,500,Vencido,0,0
P000003309,2024-04-17,2025-04-17,Responsabilidad civil,Honda Civic,2013,21973,700,Vencido,1,1
P000003310,2025-06-11,2026-06-11,Cobertura total,Nissan Sentra,2010,27332,500,Vencido,0,0
P000003311,2025-04-21,2026-04-21,Cobertura amplia,Toyota Corolla,2011,15040,600,Vencido,0,1
P000003312,2020-06-02,2021-06-02,Cobertura de robo,Nissan Sentra,2013,37914,700,Al día,1,0
P000003313,2021-12-06,2022-12-06,Cobertura de colisión,Kia Forte,2018,19955,600,Al día,0,1
P000003314,2023-02-02,2024-02-02,Cobertura total,Volkswagen Jetta,2010,31057,500,Al día,1,1
P000003315,2024-07-08,2025-07-08,Cobertura total,Chevrolet Cruze,2013,10644,500,Al día,1,0
P000003316,2021-08-12,2022-08-12,Cobertura total,Ford Focus,2019,29014,500,Vencido,0,1
P000003317,2024-07-03,2025-07-03,Cobertura total,Honda Civic,2019,16505,700,Al día,1,0
P000003318,2020-06-07,2021-06-07,Cobertura de colisión,Ford Focus,2019,37864,700,Vencido,0,0
P000003319,2024-06-09,2025-06-09,Cobertura de colisión,Hyundai Elantra,2021,28720,600,Vencido,1,1
P000003320,2023-09-19,2024-09-18,Cobertura amplia,Nissan Sentra,2015,11113,500,Al día,1,1
P000003321,2022-08-31,2023-08-31,Cobertura de robo,Kia Forte,2010,26816,700,Vencido,1,1
P000003322,2020-07-20,2021-07-20,Responsabilidad civil,Hyundai Elantra,2019,37990,500,Vencido,1,0
P000003323,2025-04-30,2026-04-30,Cobertura total,Chevrolet Cruze,2012,18943,600,Al día,0,0
P000003324,2023-01-05,2024-01-05,Responsabilidad civil,Kia Forte,2012,40929,600,Al día,0,0
P000003325,2024-03-05,2025-03-05,Cobertura amplia,Chevrolet Cruze,2014,22398,700,Al día,0,1
P000003326,2020-03-23,2021-03-23,Cobertura de colisión,Toyota Corolla,2016,24149,700,Vencido,0,0
P000003327,2023-10-15,2024-10-14,Cobertura amplia,Toyota Corolla,2015,34436,700,Vencido,1,1
P000003328,2023-05-26,2024-05-25,Cobertura de colisión,Ford Focus,2013,30614,600,Vencido,0,1
P000003329,2023-06-27,2024-06-26,Cobertura de robo,Toyota Corolla,2014,25697,600,Al día,1,0
P000003330,2023-02-22,2024-02-22,Responsabilidad civil,Ford Focus,2011,22061,500,Vencido,0,0
P000003331,2025-07-06,2026-07-06,Cobertura de robo,Mazda 3,2015,26806,500,Al día,0,1
P000003332,2021-02-06,2022-02-06,Responsabilidad civil,Subaru Impreza,2014,24488,500,Vencido,0,1
P000003333,2022-07-22,2023-07-22,Cobertura de robo,Honda Civic,2018,13440,700,Al día,1,1
P000003334,2021-07-04,2022-07-04,Responsabilidad civil,Kia Forte,2019,20063,500,Vencido,1,1
P000003335,2023-05-15,2024-05-14,Cobertura total,Honda Civic,2021,31144,700,Vencido,0,0
P000003336,2024-12-19,2025-12-19,Responsabilidad civil,Nissan Sentra,2011,48645,700,Vencido,1,0
P000003337,2023-08-07,2024-08-06,Responsabilidad civil,Mazda 3,2011,49603,600,Al día,0,1
P000003338,2023-01-08,2024-01-08,Cobertura de colisión,Ford Focus,2020,29613,700,Al día,0,1
P000003339,2024-09-03,2025-09-03,Responsabilidad civil,Hyundai Elantra,2011,28136,700,Al día,0,0
P000003340,2020-12-31,2021-12-31,Cobertura total,Ford Focus,2020,24840,600,Vencido,0,0
P000003341,2022-02-08,2023-02-08,Cobertura de robo,Subaru Impreza,2015,33547,700,Al día,1,1
P000003342,2024-12-14,2025-12-14,Cobertura de robo,Chevrolet Cruze,2012,43683,600,Al día,1,1
P000003343,2022-05-15,2023-05-15,Responsabilidad civil,Subaru Impreza,2016,17367,700,Vencido,1,1
P000003344,2024-07-25,2025-07-25,Responsabilidad civil,Honda Civic,2010,42766,700,Al día,0,1
P000003345,2025-06-07,2026-06-07,Cobertura total,Toyota Corolla,2017,23581,600,Al día,1,0
P000003346,2025-10-16,2026-10-16,Cobertura de colisión,Toyota Corolla,2014,36169,700,Vencido,0,0
P000003347,2024-03-11,2025-03-11,Cobertura de colisión,Volkswagen Jetta,2010,46046,500,Al día,1,0
P000003348,2020-08-18,2021-08-18,Cobertura total,Mazda 3,2019,14038,500,Al día,0,1
P000003349,2025-10-11,2026-10-11,Cobertura total,Toyota Corolla,2018,26685,700,Al día,0,0
P000003350,2021-10-13,2022-10-13,Cobertura total,Hyundai Elantra,2021,19367,600,Vencido,0,1
P000003351,2020-09-25,2021-09-25,Cobertura total,Toyota Corolla,2017,11370,700,Al día,0,0
P000003352,2023-06-28,2024-06-27,Cobertura de robo,Chevrolet Cruze,2016,16675,700,Al día,0,0
P000003353,2025-09-06,2026-09-06,Cobertura amplia,Honda Civic,2012,40020,500,Vencido,1,1
P000003354,2024-07-10,2025-07-10,Cobertura de colisión,Toyota Corolla,2016,24065,700,Al día,1,1
P000003355,2021-07-09,2022-07-09,Cobertura de robo,Hyundai Elantra,2015,44119,700,Al día,1,0
P000003356,2025-11-17,2026-11-17,Cobertura de colisión,Honda Civic,2016,24959,600,Vencido,0,0
P000003357,2020-04-28,2021-04-28,Cobertura total,Hyundai Elantra,2019,42194,700,Vencido,0,0
P000003358,2021-12-12,2022-12-12,Cobertura amplia,Nissan Sentra,2021,15428,700,Vencido,0,0
P000003359,2022-02-28,2023-02-28,Cobertura total,Nissan Sentra,2017,46015,600,Vencido,1,0
P000003360,2022-04-02,2023-04-02,Cobertura de colisión,Subaru Impreza,2010,14432,600,Al día,1,1
P000003361,2020-08-24,2021-08-24,Cobertura amplia,Volkswagen Jetta,2022,41834,700,Al día,1,1
P000003362,2022-10-18,2023-10-18,Cobertura total,Subaru Impreza,2012,21900,600,Al día,0,1
P000003363,2020-05-15,2021-05-15,Cobertura total,Toyota Corolla,2013,40055,600,Vencido,0,1
P000003364,2025-02-12,2026-02-12,Cobertura de robo,Toyota Corolla,2013,35151,500,Al día,0,1
P000003365,2020-07-26,2021-07-26,Responsabilidad civil,Chevrolet Cruze,2022,30422,700,Al día,1,1
P000003366,2024-01-16,2025-01-15,Responsabilidad civil,Toyota Corolla,2014,23637,600,Vencido,1,1
P000003367,2022-03-26,2023-03-26,Cobertura amplia,Toyota Corolla,2022,14976,700,Al día,0,0
P000003368,2023-01-27,2024-01-27,Cobertura de robo,Mazda 3,2021,30947,700,Al día,1,0
P000003369,2024-02-17,2025-02-16,Cobertura amplia,Ford Focus,2020,44105,700,Al día,1,0
P000003370,2025-03-16,2026-03-16,Cobertura total,Kia Forte,2016,18192,600,Al día,1,1
P000003371,2025-08-30,2026-08-30,Responsabilidad civil,Hyundai Elantra,2019,16086,600,Al día,0,1
P000003372,2024-06-13,2025-06-13,Cobertura amplia,Mazda 3,2014,45787,700,Al día,1,0
P000003373,2021-05-22,2022-05-22,Cobertura amplia,Honda Civic,2021,43135,600,Al día,0,0
P000003374,2020-05-05,2021-05-05,Cobertura amplia,Ford Focus,2020,28195,600,Vencido,1,0
P000003375,2022-09-17,2023-09-17,Cobertura de robo,Kia Forte,2012,18380,700,Vencido,0,0
P000003376,2024-03-05,2025-03-05,Cobertura de colisión,Hyundai Elantra,2015,47956,700,Al día,0,1
P000003377,2025-06-25,2026-06-25,Cobertura de robo,Hyundai Elantra,2016,10879,700,Al día,1,0
P000003378,2025-01-01,2026-01-01,Cobertura de colisión,Chevrolet Cruze,2011,16325,500,Vencido,0,0
P000003379,2021-12-28,2022-12-28,Cobertura amplia,Honda Civic,2012,35743,500,Vencido,0,0
P000003380,2025-04-27,2026-04-27,Cobertura de robo,Toyota Corolla,2018,23403,700,Vencido,0,1
P000003381,2023-12-03,2024-12-02,Cobertura de robo,Kia Forte,2020,18740,700,Al día,1,1
P000003382,2023-11-11,2024-11-10,Cobertura total,Toyota Corolla,2021,23266,700,Al día,0,1
P000003383,2021-10-31,2022-10-31,Cobertura amplia,Ford Focus,2012,49556,500,Al día,1,0
P000003384,2022-11-25,2023-11-25,Cobertura de robo,Nissan Sentra,2020,34213,500,Vencido,0,0
P000003385,2021-01-05,2022-01-05,Cobertura de colisión,Toyota Corolla,2010,12642,600,Al día,0,0
P000003386,2023-03-13,2024-03-12,Cobertura total,Volkswagen Jetta,2017,40371,700,Al día,1,1
P000003387,2020-04-22,2021-04-22,Responsabilidad civil,Toyota Corolla,2020,23111,700,Al día,1,1
P000003388,2024-05-02,2025-05-02,Cobertura amplia,Hyundai Elantra,2021,20894,700,Al día,1,0
P000003389,2020-07-22,2021-07-22,Cobertura total,Mazda 3,2014,12931,700,Al día,1,0
P000003390,2021-10-29,2022-10-29,Cobertura de colisión,Ford Focus,2010,39154,500,Al día,1,1
P000003391,2022-05-27,2023-05-27,Cobertura de colisión,Volkswagen Jetta,2013,25201,600,Vencido,0,0
P000003392,2022-06-25,2023-06-25,Cobertura de colisión,Honda Civic,2019,13453,600,Vencido,1,0
P000003393,2022-07-11,2023-07-11,Responsabilidad civil,Toyota Corolla,2022,27655,700,Al día,0,1
P000003394,2022-04-26,2023-04-26,Cobertura de robo,Kia Forte,2011,33612,700,Al día,0,0
P000003395,2023-01-07,2024-01-07,Responsabilidad civil,Kia Forte,2012,23957,600,Al día,0,0
P000003396,2024-08-04,2025-08-04,Responsabilidad civil,Volkswagen Jetta,2018,40763,500,Vencido,0,0
P000003397,2025-10-03,2026-10-03,Cobertura de robo,Mazda 3,2015,42402,700,Al día,0,0
P000003398,2020-03-23,2021-03-23,Responsabilidad civil,Toyota Corolla,2015,48506,700,Vencido,1,0
P000003399,2020-02-06,2021-02-05,Cobertura total,Subaru Impreza,2013,32270,700,Vencido,0,1
P000003400,2025-04-25,2026-04-25,Cobertura amplia,Volkswagen Jetta,2014,34814,700,Vencido,0,1
P000003401,2021-06-25,2022-06-25,Cobertura amplia,Toyota Corolla,2019,16144,600,Al día,0,0
P000003402,2021-12-10,2022-12-10,Cobertura de robo,Nissan Sentra,2013,38473,700,Vencido,0,0
P000003403,2020-02-04,2021-02-03,Cobertura amplia,Kia Forte,2015,13135,600,Vencido,0,1
P000003404,2022-07-05,2023-07-05,Cobertura amplia,Ford Focus,2017,16590,600,Vencido,0,1
P000003405,2022-10-30,2023-10-30,Cobertura total,Ford Focus,2010,27763,500,Vencido,0,0
P000003406,2023-06-05,2024-06-04,Cobertura de robo,Toyota Corolla,2022,38024,500,Vencido,0,0
P000003407,2023-02-01,2024-02-01,Responsabilidad civil,Toyota Corolla,2020,23449,700,Vencido,1,1
P000003408,2024-10-01,2025-10-01,Cobertura de colisión,Toyota Corolla,2014,15327,700,Vencido,1,0
P000003409,2024-03-22,2025-03-22,Cobertura amplia,Subaru Impreza,2018,46507,500,Vencido,0,0
P000003410,2023-11-29,2024-11-28,Cobertura de robo,Chevrolet Cruze,2010,37719,500,Al día,1,1
P000003411,2025-02-23,2026-02-23,Responsabilidad civil,Chevrolet Cruze,2012,17675,600,Al día,1,0
P000003412,2022-10-29,2023-10-29,Cobertura total,Kia Forte,2017,16994,700,Vencido,1,0
P000003413,2022-06-12,2023-06-12,Responsabilidad civil,Subaru Impreza,2021,17293,600,Vencido,0,1
P000003414,2025-03-26,2026-03-26,Cobertura de robo,Hyundai Elantra,2013,49886,600,Al día,1,1
P000003415,2023-05-22,2024-05-21,Cobertura total,Toyota Corolla,2022,40275,600,Vencido,0,1
P000003416,2025-11-02,2026-11-02,Responsabilidad civil,Volkswagen Jetta,2021,11022,700,Al día,0,0
P000003417,2024-06-14,2025-06-14,Responsabilidad civil,Ford Focus,2022,43983,500,Vencido,0,0
P000003418,2021-02-23,2022-02-23,Cobertura total,Subaru Impreza,2022,11086,700,Vencido,1,0
P000003419,2020-01-31,2021-01-30,Responsabilidad civil,Kia Forte,2018,16916,700,Vencido,0,0
P000003420,2025-09-26,2026-09-26,Cobertura de robo,Nissan Sentra,2022,37651,600,Al día,0,0
P000003421,2024-03-12,2025-03-12,Cobertura amplia,Nissan Sentra,2015,11352,600,Vencido,0,1
P000003422,2023-03-03,2024-03-02,Cobertura total,Nissan Sentra,2017,46392,600,Vencido,0,0
P000003423,2023-05-07,2024-05-06,Cobertura de robo,Toyota Corolla,2021,13485,700,Al día,1,0
P000003424,2021-03-18,2022-03-18,Cobertura de robo,Honda Civic,2013,34317,700,Vencido,0,0
P000003425,2025-05-27,2026-05-27,Responsabilidad civil,Chevrolet Cruze,2010,23658,500,Al día,0,1
P000003426,2020-09-18,2021-09-18,Cobertura total,Subaru Impreza,2018,41806,500,Al día,0,1
P000003427,2023-10-09,2024-10-08,Responsabilidad civil,Subaru Impreza,2021,42951,700,Vencido,1,1
P000003428,2023-02-06,2024-02-06,Cobertura de robo,Toyota Corolla,2012,37318,500,Al día,0,0
P000003429,2023-08-24,2024-08-23,Cobertura de robo,Toyota Corolla,2016,44398,600,Al día,1,0
P000003430,2023-02-08,2024-02-08,Cobertura de colisión,Subaru Impreza,2016,28869,700,Al día,1,0
P000003431,2022-12-05,2023-12-05,Cobertura amplia,Honda Civic,2022,40283,500,Al día,0,0
P000003432,2023-05-08,2024-05-07,Responsabilidad civil,Honda Civic,2019,26081,500,Vencido,1,1
P000003433,2022-02-10,2023-02-10,Responsabilidad civil,Nissan Sentra,2016,23769,700,Vencido,1,1
P000003434,2021-09-06,2022-09-06,Cobertura amplia,Toyota Corolla,2010,44085,600,Al día,1,1
P000003435,2025-10-19,2026-10-19,Cobertura amplia,Honda Civic,2022,28653,700,Al día,1,1
P000003436,2022-09-11,2023-09-11,Cobertura total,Toyota Corolla,2017,45736,500,Al día,0,0
P000003437,2020-08-20,2021-08-20,Cobertura amplia,Mazda 3,2010,32144,600,Al día,0,1
P000003438,2024-07-13,2025-07-13,Cobertura total,Honda Civic,2021,17523,700,Al día,1,0
P000003439,2023-08-02,2024-08-01,Cobertura de robo,Nissan Sentra,2016,49596,700,Al día,1,0
P000003440,2021-07-27,2022-07-27,Cobertura total,Hyundai Elantra,2020,11522,500,Vencido,1,1
P000003441,2020-04-14,2021-04-14,Cobertura amplia,Ford Focus,2011,46646,500,Al día,1,0
P000003442,2025-07-30,2026-07-30,Cobertura de colisión,Subaru Impreza,2015,45098,700,Al día,1,0
P000003443,2023-04-25,2024-04-24,Cobertura amplia,Honda Civic,2018,44531,500,Vencido,0,1
P000003444,2022-11-28,2023-11-28,Cobertura de robo,Volkswagen Jetta,2022,39653,500,Al día,0,0
P000003445,2024-09-10,2025-09-10,Responsabilidad civil,Volkswagen Jetta,2016,37772,700,Al día,0,1
P000003446,2024-07-15,2025-07-15,Cobertura de colisión,Toyota Corolla,2010,28558,500,Al día,0,0
P000003447,2024-05-09,2025-05-09,Cobertura total,Honda Civic,2018,23583,600,Al día,0,0
P000003448,2020-05-24,2021-05-24,Cobertura de robo,Toyota Corolla,2012,24898,700,Al día,0,1
P000003449,2022-02-16,2023-02-16,Cobertura de robo,Toyota Corolla,2021,49055,700,Al día,1,1
P000003450,2023-11-06,2024-11-05,Cobertura amplia,Toyota Corolla,2016,14770,500,Vencido,1,0
P000003451,2022-06-29,2023-06-29,Responsabilidad civil,Toyota Corolla,2011,40556,600,Al día,1,1
P000003452,2025-12-29,2026-12-29,Cobertura de robo,Volkswagen Jetta,2015,22891,600,Vencido,0,0
P000003453,2025-05-02,2026-05-02,Cobertura amplia,Toyota Corolla,2015,12694,500,Al día,0,1
P000003454,2024-01-08,2025-01-07,Cobertura de colisión,Honda Civic,2010,11073,600,Al día,1,1
P000003455,2025-09-08,2026-09-08,Cobertura de robo,Honda Civic,2016,22719,500,Vencido,1,0
P000003456,2023-05-14,2024-05-13,Cobertura de robo,Ford Focus,2017,31799,600,Vencido,1,1
P000003457,2021-11-27,2022-11-27,Cobertura de colisión,Toyota Corolla,2016,47170,600,Vencido,1,0
P000003458,2022-01-11,2023-01-11,Responsabilidad civil,Ford Focus,2011,34270,500,Vencido,0,1
P000003459,2023-04-18,2024-04-17,Responsabilidad civil,Honda Civic,2010,39595,600,Vencido,0,1
P000003460,2021-02-03,2022-02-03,Cobertura amplia,Toyota Corolla,2020,30943,500,Al día,0,1
P000003461,2025-04-12,2026-04-12,Cobertura de robo,Volkswagen Jetta,2013,17432,600,Al día,1,0
P000003462,2021-06-08,2022-06-08,Cobertura de robo,Ford Focus,2019,28959,500,Al día,1,0
P000003463,2022-11-25,2023-11-25,Cobertura de robo,Toyota Corolla,2015,31483,600,Vencido,1,1
P000003464,2022-01-19,2023-01-19,Cobertura de robo,Hyundai Elantra,2021,34824,600,Al día,1,1
P000003465,2023-10-06,2024-10-05,Cobertura de robo,Kia Forte,2018,36159,600,Al día,1,1
P000003466,2020-12-31,2021-12-31,Cobertura de colisión,Nissan Sentra,2015,22997,700,Al día,0,0
P000003467,2022-06-29,2023-06-29,Responsabilidad civil,Hyundai Elantra,2017,14198,500,Al día,1,0
P000003468,2023-12-26,2024-12-25,Responsabilidad civil,Honda Civic,2020,30800,500,Al día,1,0
P000003469,2022-07-03,2023-07-03,Cobertura de robo,Subaru Impreza,2016,10283,600,Al día,0,0
P000003470,2023-06-11,2024-06-10,Cobertura total,Chevrolet Cruze,2017,15980,600,Vencido,0,1
P000003471,2024-09-18,2025-09-18,Cobertura amplia,Hyundai Elantra,2013,27148,600,Vencido,0,0
P000003472,2023-09-19,2024-09-18,Cobertura amplia,Honda Civic,2017,31006,700,Al día,0,0
P000003473,2024-03-02,2025-03-02,Cobertura amplia,Mazda 3,2018,26412,700,Vencido,0,0
P000003474,2022-12-03,2023-12-03,Cobertura de colisión,Subaru Impreza,2010,29256,600,Al día,1,0
P000003475,2023-04-19,2024-04-18,Responsabilidad civil,Chevrolet Cruze,2015,13603,700,Al día,1,1
P000003476,2025-03-14,2026-03-14,Cobertura de robo,Chevrolet Cruze,2022,35360,700,Al día,1,1
P000003477,2021-04-27,2022-04-27,Cobertura de robo,Chevrolet Cruze,2013,39265,700,Al día,0,0
P000003478,2025-04-11,2026-04-11,Responsabilidad civil,Chevrolet Cruze,2014,40749,500,Al día,1,0
P000003479,2020-08-07,2021-08-07,Cobertura amplia,Toyota Corolla,2012,24040,500,Al día,1,1
P000003480,2020-10-18,2021-10-18,Cobertura total,Honda Civic,2012,15734,700,Vencido,0,1
P000003481,2025-04-18,2026-04-18,Cobertura total,Honda Civic,2012,15341,500,Al día,1,0
P000003482,2022-03-07,2023-03-07,Cobertura amplia,Honda Civic,2014,48321,700,Al día,1,0
P000003483,2025-08-11,2026-08-11,Cobertura de robo,Subaru Impreza,2021,27721,700,Vencido,1,0
P000003484,2021-05-05,2022-05-05,Cobertura de robo,Toyota Corolla,2014,14281,600,Al día,0,1
P000003485,2024-04-12,2025-04-12,Cobertura de robo,Honda Civic,2017,35079,500,Vencido,0,0
P000003486,2025-12-10,2026-12-10,Cobertura de colisión,Hyundai Elantra,2010,30407,700,Vencido,1,0
P000003487,2023-05-07,2024-05-06,Cobertura amplia,Volkswagen Jetta,2021,34574,600,Vencido,1,1
P000003488,2024-08-19,2025-08-19,Cobertura de robo,Nissan Sentra,2011,42531,500,Vencido,0,1
P000003489,2020-08-09,2021-08-09,Cobertura de robo,Volkswagen Jetta,2019,11315,700,Al día,1,0
P000003490,2021-09-09,2022-09-09,Responsabilidad civil,Hyundai Elantra,2013,28661,600,Al día,1,0
P000003491,2021-07-16,2022-07-16,Cobertura total,Chevrolet Cruze,2021,10494,600,Al día,1,1
P000003492,2022-03-31,2023-03-31,Responsabilidad civil,Toyota Corolla,2012,20324,500,Al día,0,0
P000003493,2023-11-04,2024-11-03,Cobertura amplia,Mazda 3,2015,37556,500,Al día,0,1
P000003494,2024-08-03,2025-08-03,Cobertura de colisión,Ford Focus,2013,40031,600,Al día,1,0
P000003495,2025-02-17,2026-02-17,Cobertura amplia,Kia Forte,2013,16049,700,Vencido,1,0
P000003496,2021-08-09,2022-08-09,Cobertura total,Volkswagen Jetta,2021,34343,600,Vencido,1,0
P000003497,2023-07-19,2024-07-18,Responsabilidad civil,Volkswagen Jetta,2010,35364,700,Vencido,1,0
P000003498,2022-01-08,2023-01-08,Cobertura amplia,Volkswagen Jetta,2022,41964,500,Al día,1,0
P000003499,2020-11-27,2021-11-27,Cobertura amplia,Toyota Corolla,2022,16996,500,Vencido,1,1
P000003500,2025-06-20,2026-06-20,Responsabilidad civil,Kia Forte,2021,36917,600,Al día,0,1
P000003501,2023-09-24,2024-09-23,Cobertura de colisión,Hyundai Elantra,2014,46731,500,Vencido,1,0
P000003502,2021-12-25,2022-12-25,Cobertura de colisión,Mazda 3,2021,18526,600,Al día,0,0
P000003503,2023-07-07,2024-07-06,Cobertura de robo,Chevrolet Cruze,2010,16999,700,Al día,0,1
P000003504,2020-08-25,2021-08-25,Cobertura total,Kia Forte,2011,47750,500,Al día,0,1
P000003505,2020-01-20,2021-01-19,Cobertura total,Kia Forte,2017,35024,600,Vencido,0,1
P000003506,2025-01-25,2026-01-25,Cobertura amplia,Toyota Corolla,2018,29824,700,Vencido,1,0
P000003507,2023-01-25,2024-01-25,Cobertura de colisión,Hyundai Elantra,2020,40083,700,Vencido,1,0
P000003508,2022-05-07,2023-05-07,Responsabilidad civil,Mazda 3,2010,49065,700,Al día,1,0
P000003509,2021-11-21,2022-11-21,Cobertura de colisión,Subaru Impreza,2014,27922,500,Al día,0,0
P000003510,2021-10-10,2022-10-10,Responsabilidad civil,Toyota Corolla,2016,42534,600,Vencido,0,0
P000003511,2025-06-28,2026-06-28,Cobertura de robo,Hyundai Elantra,2018,43021,700,Vencido,1,0
P000003512,2020-12-26,2021-12-26,Cobertura de robo,Hyundai Elantra,2015,43284,600,Al día,0,0
P000003513,2021-06-14,2022-06-14,Cobertura amplia,Ford Focus,2014,17872,500,Vencido,0,0
P000003514,2024-11-11,2025-11-11,Responsabilidad civil,Hyundai Elantra,2013,28015,600,Al día,1,1
P000003515,2024-10-24,2025-10-24,Cobertura de robo,Kia Forte,2011,16297,500,Vencido,1,1
P000003516,2024-07-10,2025-07-10,Responsabilidad civil,Volkswagen Jetta,2010,16095,500,Vencido,0,1
P000003517,2024-10-23,2025-10-23,Cobertura total,Nissan Sentra,2020,18433,500,Al día,1,1
P000003518,2025-05-09,2026-05-09,Responsabilidad civil,Chevrolet Cruze,2022,31856,500,Al día,0,1
P000003519,2024-04-19,2025-04-19,Responsabilidad civil,Chevrolet Cruze,2012,23456,700,Al día,0,1
P000003520,2020-01-20,2021-01-19,Cobertura de colisión,Toyota Corolla,2012,45191,700,Vencido,0,1
P000003521,2020-06-03,2021-06-03,Cobertura de colisión,Toyota Corolla,2016,40253,600,Vencido,0,1
P000003522,2025-12-26,2026-12-26,Responsabilidad civil,Toyota Corolla,2015,14978,700,Al día,1,0
P000003523,2022-03-27,2023-03-27,Cobertura de colisión,Honda Civic,2012,33134,600,Al día,0,1
P000003524,2024-03-08,2025-03-08,Responsabilidad civil,Chevrolet Cruze,2013,35984,500,Al día,1,0
P000003525,2020-02-27,2021-02-26,Cobertura amplia,Nissan Sentra,2017,39963,500,Vencido,1,1
P000003526,2023-08-12,2024-08-11,Responsabilidad civil,Kia Forte,2010,20365,600,Al día,1,0
P000003527,2025-12-15,2026-12-15,Cobertura total,Toyota Corolla,2018,25429,600,Vencido,0,1
P000003528,2022-02-19,2023-02-19,Cobertura de colisión,Subaru Impreza,2017,14060,700,Vencido,1,1
P000003529,2020-03-14,2021-03-14,Cobertura de colisión,Chevrolet Cruze,2022,16616,500,Vencido,0,1
P000003530,2020-01-17,2021-01-16,Responsabilidad civil,Hyundai Elantra,2010,10912,500,Vencido,1,1
P000003531,2022-10-16,2023-10-16,Cobertura de robo,Subaru Impreza,2021,39665,700,Al día,0,1
P000003532,2022-07-15,2023-07-15,Cobertura de colisión,Toyota Corolla,2011,25205,500,Al día,0,0
P000003533,2023-11-11,2024-11-10,Cobertura total,Honda Civic,2019,31143,500,Al día,1,1
P000003534,2023-07-02,2024-07-01,Cobertura total,Hyundai Elantra,2010,35866,500,Vencido,0,1
P000003535,2021-06-12,2022-06-12,Cobertura de robo,Honda Civic,2015,34059,600,Al día,1,1
P000003536,2021-02-24,2022-02-24,Cobertura total,Honda Civic,2015,24391,500,Vencido,1,1
P000003537,2024-04-20,2025-04-20,Cobertura amplia,Chevrolet Cruze,2016,48070,600,Al día,1,1
P000003538,2025-08-23,2026-08-23,Cobertura total,Volkswagen Jetta,2016,13019,600,Vencido,0,0
P000003539,2023-06-07,2024-06-06,Responsabilidad civil,Honda Civic,2010,35018,500,Al día,1,0
P000003540,2021-11-15,2022-11-15,Responsabilidad civil,Honda Civic,2012,43512,500,Al día,1,0
P000003541,2020-09-24,2021-09-24,Cobertura amplia,Nissan Sentra,2020,15780,600,Vencido,0,1
P000003542,2020-07-06,2021-07-06,Cobertura de robo,Volkswagen Jetta,2017,31875,700,Al día,0,0
P000003543,2023-05-06,2024-05-05,Responsabilidad civil,Kia Forte,2010,42078,600,Al día,1,1
P000003544,2023-04-06,2024-04-05,Cobertura amplia,Toyota Corolla,2014,22091,500,Al día,0,1
P000003545,2025-02-10,2026-02-10,Cobertura de colisión,Subaru Impreza,2021,49911,600,Al día,1,1
P000003546,2025-11-01,2026-11-01,Cobertura amplia,Honda Civic,2019,35896,700,Vencido,0,1
P000003547,2025-11-16,2026-11-16,Responsabilidad civil,Chevrolet Cruze,2021,49265,600,Vencido,0,0
P000003548,2023-10-15,2024-10-14,Cobertura total,Honda Civic,2017,16127,600,Al día,0,0
P000003549,2024-11-11,2025-11-11,Cobertura amplia,Chevrolet Cruze,2017,41845,500,Vencido,1,0
P000003550,2021-07-02,2022-07-02,Cobertura de robo,Ford Focus,2020,16730,500,Vencido,0,1
P000003551,2023-11-04,2024-11-03,Cobertura total,Ford Focus,2011,40164,700,Al día,1,1
P000003552,2025-06-30,2026-06-30,Cobertura de robo,Honda Civic,2021,31795,600,Vencido,1,0
P000003553,2024-01-11,2025-01-10,Responsabilidad civil,Subaru Impreza,2010,13029,500,Vencido,1,0
P000003554,2022-02-10,2023-02-10,Cobertura amplia,Mazda 3,2017,34137,700,Al día,0,1
P000003555,2021-11-06,2022-11-06,Cobertura de colisión,Volkswagen Jetta,2021,34222,700,Al día,0,0
P000003556,2024-07-10,2025-07-10,Cobertura de robo,Toyota Corolla,2012,48218,600,Al día,0,1
P000003557,2020-03-19,2021-03-19,Cobertura amplia,Volkswagen Jetta,2021,32182,700,Al día,0,0
P000003558,2022-07-24,2023-07-24,Responsabilidad civil,Nissan Sentra,2011,41107,700,Vencido,1,0
P000003559,2022-07-07,2023-07-07,Cobertura amplia,Mazda 3,2020,27079,700,Al día,0,1
P000003560,2021-06-21,2022-06-21,Cobertura de robo,Volkswagen Jetta,2011,32822,700,Vencido,0,0
P000003561,2022-05-15,2023-05-15,Cobertura amplia,Kia Forte,2011,27840,500,Al día,0,1
P000003562,2020-03-30,2021-03-30,Cobertura de robo,Chevrolet Cruze,2012,46163,700,Vencido,1,1
P000003563,2025-08-28,2026-08-28,Cobertura de colisión,Nissan Sentra,2010,38142,600,Al día,1,1
P000003564,2021-11-23,2022-11-23,Responsabilidad civil,Nissan Sentra,2016,10378,600,Al día,1,1
P000003565,2021-05-19,2022-05-19,Responsabilidad civil,Toyota Corolla,2011,47956,700,Vencido,0,0
P000003566,2024-02-10,2025-02-09,Responsabilidad civil,Mazda 3,2019,12717,500,Vencido,0,1
P000003567,2020-06-02,2021-06-02,Cobertura de colisión,Toyota Corolla,2020,29685,500,Al día,0,0
P000003568,2024-03-16,2025-03-16,Cobertura de robo,Hyundai Elantra,2022,23207,700,Al día,0,0
P000003569,2022-11-13,2023-11-13,Cobertura de robo,Honda Civic,2019,39010,600,Vencido,0,0
P000003570,2025-12-30,2026-12-30,Cobertura de colisión,Toyota Corolla,2017,40707,500,Vencido,1,0
P000003571,2020-07-18,2021-07-18,Cobertura de robo,Ford Focus,2017,35249,500,Vencido,0,1
P000003572,2020-07-15,2021-07-15,Cobertura amplia,Nissan Sentra,2018,35890,500,Al día,0,1
P000003573,2021-03-18,2022-03-18,Responsabilidad civil,Toyota Corolla,2018,16603,700,Vencido,1,0
P000003574,2020-03-21,2021-03-21,Cobertura amplia,Toyota Corolla,2020,40013,700,Vencido,1,1
P000003575,2020-07-16,2021-07-16,Cobertura total,Honda Civic,2017,36648,600,Vencido,0,0
P000003576,2021-04-19,2022-04-19,Cobertura de colisión,Hyundai Elantra,2013,43298,700,Vencido,0,1
P000003577,2024-09-03,2025-09-03,Cobertura amplia,Hyundai Elantra,2022,42476,700,Vencido,1,0
P000003578,2024-12-24,2025-12-24,Cobertura de colisión,Honda Civic,2017,14484,600,Vencido,0,1
P000003579,2024-04-06,2025-04-06,Cobertura amplia,Subaru Impreza,2010,29781,500,Al día,0,1
P000003580,2021-05-21,2022-05-21,Cobertura amplia,Toyota Corolla,2020,21325,700,Vencido,1,1
P000003581,2022-11-01,2023-11-01,Cobertura de colisión,Hyundai Elantra,2010,15080,700,Vencido,0,0
P000003582,2025-04-27,2026-04-27,Cobertura amplia,Honda Civic,2011,47199,700,Al día,0,0
P000003583,2021-09-19,2022-09-19,Cobertura de robo,Chevrolet Cruze,2012,38793,500,Vencido,0,0
P000003584,2022-04-21,2023-04-21,Cobertura de robo,Nissan Sentra,2015,39891,700,Al día,1,0
P000003585,2020-02-08,2021-02-07,Cobertura de colisión,Hyundai Elantra,2015,22656,500,Vencido,1,1
P000003586,2023-05-18,2024-05-17,Cobertura de robo,Toyota Corolla,2019,10149,700,Vencido,0,0
P000003587,2024-09-19,2025-09-19,Cobertura total,Honda Civic,2013,17080,700,Vencido,0,0
P000003588,2021-02-17,2022-02-17,Cobertura amplia,Nissan Sentra,2011,22977,500,Vencido,1,1
P000003589,2025-11-01,2026-11-01,Cobertura total,Mazda 3,2016,15428,600,Vencido,1,0
P000003590,2023-01-10,2024-01-10,Cobertura amplia,Ford Focus,2013,22845,600,Vencido,1,1
P000003591,2021-07-15,2022-07-15,Cobertura amplia,Ford Focus,2013,33832,600,Al día,1,1
P000003592,2024-09-11,2025-09-11,Cobertura amplia,Toyota Corolla,2016,49118,500,Vencido,1,0
P000003593,2021-03-05,2022-03-05,Responsabilidad civil,Ford Focus,2013,16179,500,Vencido,1,1
P000003594,2025-09-26,2026-09-26,Cobertura total,Hyundai Elantra,2011,48678,600,Al día,1,1
P000003595,2021-04-27,2022-04-27,Cobertura amplia,Toyota Corolla,2017,11935,700,Vencido,0,1
P000003596,2023-03-03,2024-03-02,Cobertura de robo,Honda Civic,2018,47328,700,Vencido,0,1
P000003597,2021-04-11,2022-04-11,Cobertura de robo,Toyota Corolla,2022,30468,500,Al día,0,1
P000003598,2021-03-11,2022-03-11,Cobertura amplia,Volkswagen Jetta,2022,17814,700,Al día,0,0
P000003599,2025-07-31,2026-07-31,Cobertura amplia,Volkswagen Jetta,2013,26199,700,Vencido,0,1
P000003600,2022-03-24,2023-03-24,Cobertura de colisión,Subaru Impreza,2016,40186,700,Al día,0,1
P000003601,2022-03-29,2023-03-29,Cobertura amplia,Honda Civic,2011,13126,600,Al día,0,1
P000003602,2022-12-13,2023-12-13,Cobertura de robo,Hyundai Elantra,2014,48964,500,Vencido,0,0
P000003603,2025-11-12,2026-11-12,Cobertura total,Toyota Corolla,2013,16528,700,Vencido,0,0
P000003604,2022-04-06,2023-04-06,Cobertura total,Honda Civic,2020,45506,600,Al día,0,1
P000003605,2024-01-06,2025-01-05,Cobertura total,Kia Forte,2021,23142,600,Al día,0,1
P000003606,2024-08-05,2025-08-05,Cobertura de robo,Toyota Corolla,2016,14580,500,Al día,1,1
P000003607,2023-04-24,2024-04-23,Responsabilidad civil,Hyundai Elantra,2014,40222,600,Al día,1,1
P000003608,2021-10-18,2022-10-18,Responsabilidad civil,Kia Forte,2018,35342,600,Al día,1,1
P000003609,2020-06-10,2021-06-10,Cobertura de robo,Subaru Impreza,2010,14125,700,Al día,1,1
P000003610,2025-07-26,2026-07-26,Cobertura de robo,Hyundai Elantra,2020,36366,700,Al día,1,1
P000003611,2022-04-30,2023-04-30,Cobertura de colisión,Honda Civic,2019,27780,700,Vencido,1,0
P000003612,2025-05-22,2026-05-22,Cobertura de colisión,Toyota Corolla,2015,30783,700,Al día,1,1
P000003613,2023-09-16,2024-09-15,Cobertura total,Kia Forte,2011,10656,700,Vencido,1,1
P000003614,2022-08-18,2023-08-18,Cobertura total,Hyundai Elantra,2016,34707,600,Vencido,0,1
P000003615,2020-01-12,2021-01-11,Cobertura de colisión,Chevrolet Cruze,2014,42681,600,Vencido,1,1
P000003616,2020-02-22,2021-02-21,Responsabilidad civil,Subaru Impreza,2018,30270,600,Al día,1,0
P000003617,2020-12-30,2021-12-30,Cobertura amplia,Mazda 3,2014,47353,700,Al día,0,1
P000003618,2021-03-28,2022-03-28,Responsabilidad civil,Hyundai Elantra,2010,23676,700,Vencido,0,1
P000003619,2025-07-16,2026-07-16,Cobertura total,Honda Civic,2018,44858,500,Al día,1,0
P000003620,2021-09-02,2022-09-02,Responsabilidad civil,Hyundai Elantra,2017,10423,700,Vencido,0,0
P000003621,2021-01-03,2022-01-03,Cobertura total,Ford Focus,2010,37759,700,Vencido,1,0
P000003622,2025-09-26,2026-09-26,Responsabilidad civil,Subaru Impreza,2010,16754,500,Al día,1,1
P000003623,2020-11-03,2021-11-03,Cobertura total,Toyota Corolla,2011,42272,500,Al día,1,1
P000003624,2021-02-18,2022-02-18,Cobertura amplia,Toyota Corolla,2017,41945,700,Vencido,0,1
P000003625,2022-11-14,2023-11-14,Responsabilidad civil,Mazda 3,2018,17232,600,Vencido,1,0
P000003626,2022-08-04,2023-08-04,Responsabilidad civil,Toyota Corolla,2011,17566,500,Al día,1,1
P000003627,2025-02-13,2026-02-13,Cobertura amplia,Volkswagen Jetta,2012,42897,500,Al día,0,0
P000003628,2023-04-27,2024-04-26,Cobertura total,Toyota Corolla,2022,44278,700,Vencido,1,1
P000003629,2022-12-17,2023-12-17,Responsabilidad civil,Hyundai Elantra,2017,20458,500,Vencido,0,0
P000003630,2025-03-16,2026-03-16,Cobertura total,Chevrolet Cruze,2016,35017,500,Vencido,1,1
P000003631,2020-07-24,2021-07-24,Cobertura total,Toyota Corolla,2017,30149,600,Vencido,1,0
P000003632,2021-02-12,2022-02-12,Cobertura total,Toyota Corolla,2020,36833,600,Al día,0,0
P000003633,2021-12-16,2022-12-16,Cobertura amplia,Volkswagen Jetta,2011,31825,500,Vencido,0,1
P000003634,2020-06-10,2021-06-10,Cobertura total,Honda Civic,2010,45775,500,Al día,1,1
P000003635,2023-04-05,2024-04-04,Cobertura de robo,Toyota Corolla,2012,21657,500,Vencido,1,1
P000003636,2024-01-15,2025-01-14,Responsabilidad civil,Kia Forte,2012,31615,500,Al día,1,0
P000003637,2023-07-04,2024-07-03,Cobertura de robo,Hyundai Elantra,2016,37240,700,Al día,1,0
P000003638,2024-10-10,2025-10-10,Cobertura de colisión,Hyundai Elantra,2021,49854,500,Al día,0,1
P000003639,2021-04-19,2022-04-19,Responsabilidad civil,Hyundai Elantra,2021,36599,600,Al día,1,0
P000003640,2021-01-24,2022-01-24,Responsabilidad civil,Toyota Corolla,2022,31144,600,Al día,0,1
P000003641,2020-07-06,2021-07-06,Responsabilidad civil,Volkswagen Jetta,2017,10988,600,Vencido,1,1
P000003642,2020-02-09,2021-02-08,Cobertura amplia,Chevrolet Cruze,2022,48424,500,Vencido,0,1
P000003643,2021-07-20,2022-07-20,Cobertura total,Mazda 3,2010,17106,600,Vencido,0,1
P000003644,2021-11-29,2022-11-29,Cobertura de colisión,Volkswagen Jetta,2011,35244,700,Al día,0,0
P000003645,2023-09-08,2024-09-07,Cobertura de robo,Hyundai Elantra,2017,17490,600,Vencido,0,0
P000003646,2024-01-04,2025-01-03,Cobertura total,Kia Forte,2022,13426,500,Vencido,0,1
P000003647,2024-11-27,2025-11-27,Cobertura de robo,Subaru Impreza,2018,31736,600,Al día,0,1
P000003648,2023-01-03,2024-01-03,Cobertura de robo,Volkswagen Jetta,2017,21008,500,Vencido,0,0
P000003649,2021-01-15,2022-01-15,Responsabilidad civil,Ford Focus,2013,23450,700,Vencido,1,1
P000003650,2024-03-06,2025-03-06,Cobertura amplia,Toyota Corolla,2010,17514,500,Vencido,0,1
P000003651,2023-11-04,2024-11-03,Cobertura de robo,Honda Civic,2021,25409,600,Al día,0,0
P000003652,2022-01-19,2023-01-19,Cobertura de robo,Toyota Corolla,2017,49342,700,Vencido,1,1
P000003653,2021-04-11,2022-04-11,Responsabilidad civil,Ford Focus,2016,32929,600,Al día,0,0
P000003654,2024-06-29,2025-06-29,Responsabilidad civil,Honda Civic,2022,41241,700,Al día,0,0
P000003655,2024-06-27,2025-06-27,Cobertura de colisión,Nissan Sentra,2011,33295,500,Al día,0,1
P000003656,2025-02-12,2026-02-12,Cobertura total,Ford Focus,2018,14955,600,Vencido,1,1
P000003657,2023-01-18,2024-01-18,Cobertura total,Kia Forte,2020,33254,500,Vencido,1,0
P000003658,2024-04-28,2025-04-28,Cobertura de robo,Nissan Sentra,2016,23580,500,Al día,0,0
P000003659,2025-05-12,2026-05-12,Cobertura de robo,Honda Civic,2016,30368,700,Vencido,0,0
P000003660,2024-09-23,2025-09-23,Responsabilidad civil,Honda Civic,2011,26548,700,Al día,1,0
P000003661,2021-11-14,2022-11-14,Cobertura de robo,Hyundai Elantra,2014,29991,500,Vencido,0,0
P000003662,2021-04-08,2022-04-08,Responsabilidad civil,Volkswagen Jetta,2011,34852,500,Al día,1,1
P000003663,2021-06-26,2022-06-26,Cobertura total,Subaru Impreza,2015,47788,700,Vencido,1,0
P000003664,2020-08-28,2021-08-28,Responsabilidad civil,Ford Focus,2015,35393,500,Al día,1,0
P000003665,2021-10-14,2022-10-14,Cobertura de robo,Honda Civic,2017,41487,600,Al día,0,1
P000003666,2021-02-28,2022-02-28,Cobertura de colisión,Honda Civic,2018,16196,700,Al día,0,0
P000003667,2024-08-31,2025-08-31,Responsabilidad civil,Volkswagen Jetta,2015,48117,500,Vencido,0,0
P000003668,2025-05-31,2026-05-31,Responsabilidad civil,Chevrolet Cruze,2010,48802,600,Al día,0,1
P000003669,2024-11-29,2025-11-29,Cobertura total,Honda Civic,2019,45097,500,Al día,0,1
P000003670,2022-01-12,2023-01-12,Responsabilidad civil,Honda Civic,2013,49298,500,Vencido,1,1
P000003671,2024-04-04,2025-04-04,Cobertura de colisión,Volkswagen Jetta,2017,20083,700,Vencido,0,1
P000003672,2024-01-08,2025-01-07,Responsabilidad civil,Hyundai Elantra,2013,38916,500,Vencido,0,0
P000003673,2020-04-28,2021-04-28,Cobertura de colisión,Chevrolet Cruze,2012,28618,700,Al día,0,1
P000003674,2021-06-19,2022-06-19,Cobertura de colisión,Toyota Corolla,2014,45500,700,Vencido,1,0
P000003675,2025-06-01,2026-06-01,Cobertura de colisión,Mazda 3,2015,20378,500,Vencido,0,1
P000003676,2025-06-22,2026-06-22,Responsabilidad civil,Honda Civic,2015,40348,600,Al día,1,0
P000003677,2021-04-07,2022-04-07,Cobertura amplia,Nissan Sentra,2017,29954,500,Al día,1,0
P000003678,2024-08-11,2025-08-11,Responsabilidad civil,Kia Forte,2019,46494,600,Al día,0,0
P000003679,2024-12-10,2025-12-10,Cobertura amplia,Mazda 3,2014,10144,500,Vencido,1,0
P000003680,2020-07-07,2021-07-07,Cobertura total,Honda Civic,2011,40486,500,Vencido,1,1
P000003681,2020-09-16,2021-09-16,Cobertura de robo,Nissan Sentra,2020,46824,500,Al día,0,0
P000003682,2022-12-07,2023-12-07,Cobertura amplia,Kia Forte,2010,26555,500,Vencido,1,0
P000003683,2023-07-11,2024-07-10,Cobertura de colisión,Honda Civic,2020,19800,700,Al día,0,1
P000003684,2020-02-20,2021-02-19,Cobertura amplia,Mazda 3,2011,21607,600,Vencido,1,1
P000003685,2025-11-19,2026-11-19,Cobertura amplia,Ford Focus,2018,27872,500,Al día,1,1
P000003686,2022-07-06,2023-07-06,Cobertura total,Mazda 3,2018,33423,500,Al día,0,0
P000003687,2023-10-17,2024-10-16,Cobertura de robo,Kia Forte,2016,22550,700,Al día,0,1
P000003688,2025-10-27,2026-10-27,Cobertura amplia,Volkswagen Jetta,2010,40495,600,Vencido,1,1
P000003689,2025-11-12,2026-11-12,Cobertura total,Ford Focus,2013,42312,700,Al día,0,0
P000003690,2021-01-25,2022-01-25,Cobertura de colisión,Kia Forte,2012,18608,500,Al día,0,1
P000003691,2024-11-07,2025-11-07,Cobertura total,Nissan Sentra,2019,45290,600,Vencido,1,0
P000003692,2022-10-15,2023-10-15,Responsabilidad civil,Toyota Corolla,2018,19852,700,Vencido,0,0
P000003693,2025-05-27,2026-05-27,Cobertura total,Ford Focus,2010,29527,700,Vencido,1,0
P000003694,2023-11-17,2024-11-16,Responsabilidad civil,Hyundai Elantra,2013,36186,700,Vencido,0,0
P000003695,2024-04-25,2025-04-25,Cobertura total,Honda Civic,2022,18578,500,Al día,0,0
P000003696,2021-08-31,2022-08-31,Responsabilidad civil,Honda Civic,2021,21774,500,Vencido,0,0
P000003697,2020-08-11,2021-08-11,Cobertura de robo,Honda Civic,2019,21085,600,Vencido,1,1
P000003698,2020-02-17,2021-02-16,Cobertura amplia,Volkswagen Jetta,2014,40922,600,Al día,0,0
P000003699,2021-10-04,2022-10-04,Cobertura total,Ford Focus,2012,29303,500,Vencido,0,0
P000003700,2025-09-01,2026-09-01,Cobertura amplia,Ford Focus,2022,22345,700,Vencido,0,1
P000003701,2025-04-06,2026-04-06,Cobertura de colisión,Nissan Sentra,2019,39573,600,Vencido,0,1
P000003702,2025-07-23,2026-07-23,Cobertura de colisión,Honda Civic,2022,26296,500,Vencido,0,0
P000003703,2021-11-08,2022-11-08,Cobertura de robo,Toyota Corolla,2021,47499,500,Al día,0,0
P000003704,2020-11-02,2021-11-02,Cobertura total,Volkswagen Jetta,2014,14053,700,Vencido,0,0
P000003705,2025-07-06,2026-07-06,Cobertura de robo,Honda Civic,2016,41077,600,Al día,1,1
P000003706,2023-08-06,2024-08-05,Cobertura amplia,Volkswagen Jetta,2015,21680,600,Al día,1,0
P000003707,2022-09-13,2023-09-13,Cobertura amplia,Ford Focus,2013,22982,600,Vencido,0,1
P000003708,2023-09-17,2024-09-16,Cobertura total,Nissan Sentra,2022,35638,500,Al día,1,0
P000003709,2023-02-13,2024-02-13,Cobertura total,Hyundai Elantra,2010,23237,700,Vencido,0,1
P000003710,2020-07-25,2021-07-25,Cobertura total,Honda Civic,2015,13566,700,Al día,1,1
P000003711,2025-09-07,2026-09-07,Cobertura de colisión,Toyota Corolla,2014,37935,600,Al día,0,0
P000003712,2022-07-01,2023-07-01,Cobertura de colisión,Honda Civic,2010,42577,500,Vencido,0,0
P000003713,2024-03-30,2025-03-30,Cobertura de robo,Nissan Sentra,2010,20092,500,Al día,1,0
P000003714,2024-07-09,2025-07-09,Cobertura amplia,Kia Forte,2014,31512,500,Al día,1,0
P000003715,2022-08-20,2023-08-20,Cobertura de robo,Ford Focus,2012,31796,500,Al día,1,0
P000003716,2020-11-18,2021-11-18,Responsabilidad civil,Honda Civic,2012,36353,600,Vencido,0,1
P000003717,2025-02-23,2026-02-23,Cobertura total,Subaru Impreza,2022,18011,500,Al día,0,1
P000003718,2024-12-24,2025-12-24,Cobertura amplia,Toyota Corolla,2021,28630,500,Vencido,1,1
P000003719,2025-01-09,2026-01-09,Cobertura amplia,Ford Focus,2013,36362,600,Al día,0,1
P000003720,2020-12-26,2021-12-26,Cobertura de robo,Honda Civic,2016,31471,500,Vencido,1,0
P000003721,2025-08-03,2026-08-03,Responsabilidad civil,Toyota Corolla,2019,45611,600,Vencido,1,0
P000003722,2025-01-05,2026-01-05,Cobertura de robo,Toyota Corolla,2022,41965,700,Vencido,0,1
P000003723,2023-07-18,2024-07-17,Cobertura de colisión,Toyota Corolla,2013,25034,700,Vencido,0,1
P000003724,2021-05-01,2022-05-01,Cobertura de robo,Toyota Corolla,2014,18475,500,Al día,1,0
P000003725,2025-07-30,2026-07-30,Responsabilidad civil,Kia Forte,2020,36312,600,Vencido,1,0
P000003726,2020-03-13,2021-03-13,Cobertura de robo,Hyundai Elantra,2019,12230,700,Vencido,0,1
P000003727,2021-02-24,2022-02-24,Cobertura de colisión,Ford Focus,2012,22939,600,Al día,1,0
P000003728,2024-07-10,2025-07-10,Responsabilidad civil,Volkswagen Jetta,2018,41724,600,Vencido,1,1
P000003729,2024-08-15,2025-08-15,Responsabilidad civil,Volkswagen Jetta,2014,40208,500,Al día,0,1
P000003730,2020-05-26,2021-05-26,Cobertura total,Toyota Corolla,2015,15138,700,Vencido,0,0
P000003731,2020-01-01,2020-12-31,Cobertura de colisión,Volkswagen Jetta,2012,20257,600,Al día,0,1
P000003732,2021-01-07,2022-01-07,Cobertura amplia,Toyota Corolla,2011,45224,700,Al día,1,0
P000003733,2023-06-01,2024-05-31,Responsabilidad civil,Hyundai Elantra,2012,41926,700,Vencido,1,1
P000003734,2025-09-13,2026-09-13,Responsabilidad civil,Volkswagen Jetta,2011,45168,500,Vencido,1,1
P000003735,2022-04-27,2023-04-27,Responsabilidad civil,Toyota Corolla,2022,36208,500,Al día,0,0
P000003736,2025-02-11,2026-02-11,Responsabilidad civil,Ford Focus,2018,21052,600,Vencido,0,0
P000003737,2023-10-28,2024-10-27,Cobertura de colisión,Hyundai Elantra,2014,46495,700,Vencido,0,1
P000003738,2024-01-28,2025-01-27,Cobertura amplia,Toyota Corolla,2021,18519,500,Vencido,1,1
P000003739,2020-08-10,2021-08-10,Cobertura amplia,Hyundai Elantra,2011,11431,700,Vencido,1,0
P000003740,2022-07-02,2023-07-02,Cobertura de colisión,Toyota Corolla,2022,16518,600,Vencido,1,0
P000003741,2025-02-04,2026-02-04,Cobertura amplia,Hyundai Elantra,2020,26777,500,Al día,1,1
P000003742,2023-09-21,2024-09-20,Cobertura amplia,Chevrolet Cruze,2022,33926,700,Al día,1,1
P000003743,2025-04-21,2026-04-21,Cobertura de robo,Toyota Corolla,2022,26699,700,Al día,1,1
P000003744,2024-01-28,2025-01-27,Cobertura total,Honda Civic,2022,30148,700,Al día,0,1
P000003745,2025-01-27,2026-01-27,Cobertura de robo,Hyundai Elantra,2013,41657,600,Al día,1,0
P000003746,2021-04-12,2022-04-12,Cobertura amplia,Kia Forte,2011,23356,700,Al día,1,1
P000003747,2021-02-03,2022-02-03,Responsabilidad civil,Ford Focus,2022,12292,600,Al día,1,0
P000003748,2022-06-27,2023-06-27,Cobertura de colisión,Volkswagen Jetta,2017,45183,500,Al día,1,1
P000003749,2020-01-09,2021-01-08,Cobertura total,Chevrolet Cruze,2018,37821,500,Vencido,0,1
P000003750,2023-10-30,2024-10-29,Cobertura de colisión,Toyota Corolla,2012,44588,500,Al día,0,0
P000003751,2023-12-25,2024-12-24,Cobertura de robo,Kia Forte,2016,19321,600,Al día,0,0
P000003752,2023-04-10,2024-04-09,Cobertura de colisión,Toyota Corolla,2017,45114,700,Vencido,1,0
P000003753,2025-11-08,2026-11-08,Cobertura de robo,Nissan Sentra,2010,24053,500,Al día,1,1
P000003754,2024-03-11,2025-03-11,Cobertura de colisión,Hyundai Elantra,2013,33096,600,Al día,0,1
P000003755,2021-03-11,2022-03-11,Cobertura total,Ford Focus,2014,23823,500,Vencido,1,1
P000003756,2020-07-06,2021-07-06,Cobertura amplia,Hyundai Elantra,2020,13965,600,Al día,0,1
P000003757,2021-11-03,2022-11-03,Cobertura total,Honda Civic,2021,35842,600,Al día,1,1
P000003758,2025-07-09,2026-07-09,Responsabilidad civil,Ford Focus,2014,47584,600,Al día,1,1
P000003759,2021-07-29,2022-07-29,Cobertura de robo,Honda Civic,2010,12545,700,Vencido,1,0
P000003760,2024-08-03,2025-08-03,Cobertura de robo,Volkswagen Jetta,2019,28572,500,Al día,0,0
P000003761,2021-03-14,2022-03-14,Responsabilidad civil,Toyota Corolla,2013,20216,700,Al día,1,0
P000003762,2022-11-07,2023-11-07,Cobertura amplia,Toyota Corolla,2010,12747,600,Vencido,0,0
P000003763,2022-03-13,2023-03-13,Cobertura de colisión,Volkswagen Jetta,2013,48683,500,Vencido,1,0
P000003764,2022-02-07,2023-02-07,Cobertura de robo,Mazda 3,2012,16395,600,Al día,0,0
P000003765,2021-05-09,2022-05-09,Cobertura de colisión,Mazda 3,2016,25290,700,Vencido,0,0
P000003766,2024-05-28,2025-05-28,Cobertura de robo,Honda Civic,2020,42439,600,Vencido,0,1
P000003767,2022-06-02,2023-06-02,Cobertura amplia,Honda Civic,2021,10839,700,Vencido,1,0
P000003768,2025-02-15,2026-02-15,Cobertura de robo,Chevrolet Cruze,2017,28621,700,Al día,0,0
P000003769,2022-02-19,2023-02-19,Responsabilidad civil,Ford Focus,2012,11153,600,Al día,1,1
P000003770,2023-10-16,2024-10-15,Responsabilidad civil,Toyota Corolla,2010,37363,700,Al día,1,1
P000003771,2021-03-17,2022-03-17,Cobertura amplia,Toyota Corolla,2011,30288,700,Vencido,0,0
P000003772,2024-08-24,2025-08-24,Cobertura de robo,Ford Focus,2016,38099,700,Vencido,0,1
P000003773,2020-07-09,2021-07-09,Cobertura de robo,Hyundai Elantra,2013,49597,700,Al día,1,0
P000003774,2021-05-19,2022-05-19,Cobertura de robo,Subaru Impreza,2022,31317,600,Vencido,1,0
P000003775,2025-01-19,2026-01-19,Cobertura amplia,Ford Focus,2019,19892,600,Al día,0,0
P000003776,2025-02-16,2026-02-16,Cobertura total,Kia Forte,2013,16123,500,Al día,0,0
P000003777,2025-08-27,2026-08-27,Cobertura total,Ford Focus,2017,25362,700,Vencido,0,1
P000003778,2021-07-05,2022-07-05,Responsabilidad civil,Ford Focus,2017,23947,500,Vencido,1,1
P000003779,2025-08-05,2026-08-05,Cobertura de colisión,Honda Civic,2021,24466,700,Al día,0,0
P000003780,2020-01-18,2021-01-17,Cobertura total,Mazda 3,2011,32342,500,Vencido,1,0
P000003781,2025-12-12,2026-12-12,Cobertura total,Toyota Corolla,2017,16958,700,Vencido,1,1
P000003782,2020-07-17,2021-07-17,Cobertura amplia,Chevrolet Cruze,2015,17433,600,Vencido,0,0
P000003783,2024-11-07,2025-11-07,Cobertura amplia,Toyota Corolla,2016,44209,600,Al día,0,1
P000003784,2025-06-01,2026-06-01,Cobertura de robo,Volkswagen Jetta,2015,26862,700,Vencido,0,0
P000003785,2025-09-13,2026-09-13,Cobertura amplia,Hyundai Elantra,2019,35832,500,Vencido,0,1
P000003786,2021-12-26,2022-12-26,Cobertura de colisión,Volkswagen Jetta,2022,29831,500,Vencido,1,1
P000003787,2021-12-12,2022-12-12,Cobertura de colisión,Ford Focus,2019,32394,600,Al día,0,0
P000003788,2021-06-09,2022-06-09,Responsabilidad civil,Chevrolet Cruze,2016,45349,700,Vencido,1,0
P000003789,2021-02-28,2022-02-28,Cobertura de colisión,Honda Civic,2017,11589,700,Vencido,1,0
P000003790,2024-05-05,2025-05-05,Cobertura de robo,Hyundai Elantra,2014,22896,700,Vencido,0,0
P000003791,2023-08-11,2024-08-10,Cobertura amplia,Kia Forte,2017,29732,700,Vencido,1,0
P000003792,2025-08-26,2026-08-26,Cobertura amplia,Toyota Corolla,2022,47901,700,Al día,1,0
P000003793,2024-04-24,2025-04-24,Cobertura de robo,Volkswagen Jetta,2013,17361,500,Al día,1,1
P000003794,2024-09-10,2025-09-10,Responsabilidad civil,Toyota Corolla,2021,38755,700,Al día,0,1
P000003795,2022-10-13,2023-10-13,Cobertura amplia,Nissan Sentra,2013,49452,500,Vencido,1,0
P000003796,2023-01-25,2024-01-25,Cobertura amplia,Toyota Corolla,2015,26575,600,Al día,0,1
P000003797,2024-06-17,2025-06-17,Cobertura de colisión,Toyota Corolla,2013,43407,600,Al día,0,1
P000003798,2023-11-05,2024-11-04,Cobertura de robo,Volkswagen Jetta,2015,44126,700,Al día,0,0
P000003799,2023-04-19,2024-04-18,Cobertura total,Nissan Sentra,2014,48808,700,Al día,0,0
P000003800,2025-01-28,2026-01-28,Cobertura de colisión,Honda Civic,2020,28390,600,Al día,0,1
P000003801,2021-06-30,2022-06-30,Responsabilidad civil,Nissan Sentra,2016,48382,500,Al día,1,0
P000003802,2021-07-19,2022-07-19,Cobertura total,Volkswagen Jetta,2013,13303,700,Al día,0,1
P000003803,2024-08-17,2025-08-17,Cobertura total,Chevrolet Cruze,2015,34037,500,Al día,0,1
P000003804,2025-09-29,2026-09-29,Cobertura amplia,Honda Civic,2014,39865,600,Al día,0,1
P000003805,2023-05-09,2024-05-08,Cobertura de colisión,Kia Forte,2022,29589,600,Al día,0,1
P000003806,2023-07-09,2024-07-08,Cobertura de colisión,Subaru Impreza,2015,19320,600,Vencido,0,0
P000003807,2022-06-09,2023-06-09,Cobertura de colisión,Ford Focus,2022,47792,500,Vencido,0,1
P000003808,2022-04-02,2023-04-02,Cobertura total,Kia Forte,2014,15089,600,Vencido,1,0
P000003809,2022-05-08,2023-05-08,Cobertura de robo,Toyota Corolla,2020,15600,700,Vencido,0,1
P000003810,2023-04-05,2024-04-04,Cobertura total,Honda Civic,2017,19970,600,Al día,1,1
P000003811,2023-11-15,2024-11-14,Cobertura amplia,Mazda 3,2019,44878,500,Al día,0,1
P000003812,2021-06-27,2022-06-27,Cobertura total,Hyundai Elantra,2020,37319,700,Al día,0,0
P000003813,2021-12-29,2022-12-29,Cobertura de robo,Volkswagen Jetta,2015,16747,500,Al día,0,0
P000003814,2025-08-25,2026-08-25,Cobertura total,Toyota Corolla,2014,10937,600,Vencido,0,1
P000003815,2023-08-13,2024-08-12,Cobertura de robo,Ford Focus,2022,18602,700,Vencido,0,0
P000003816,2021-04-17,2022-04-17,Cobertura de robo,Honda Civic,2010,19803,600,Vencido,0,1
P000003817,2023-12-13,2024-12-12,Responsabilidad civil,Hyundai Elantra,2010,25348,700,Al día,1,0
P000003818,2025-05-21,2026-05-21,Cobertura de robo,Honda Civic,2015,10460,700,Al día,0,1
P000003819,2024-09-05,2025-09-05,Responsabilidad civil,Chevrolet Cruze,2019,36733,500,Vencido,0,0
P000003820,2025-12-26,2026-12-26,Responsabilidad civil,Honda Civic,2015,38767,500,Al día,1,0
P000003821,2023-03-17,2024-03-16,Cobertura total,Hyundai Elantra,2010,44854,700,Vencido,0,0
P000003822,2024-09-26,2025-09-26,Responsabilidad civil,Subaru Impreza,2020,17728,600,Vencido,1,1
P000003823,2020-02-22,2021-02-21,Cobertura total,Honda Civic,2010,45751,700,Vencido,0,1
P000003824,2025-11-11,2026-11-11,Cobertura de robo,Toyota Corolla,2020,31201,700,Vencido,1,1
P000003825,2021-03-12,2022-03-12,Cobertura amplia,Toyota Corolla,2014,10418,500,Al día,0,0
P000003826,2020-04-13,2021-04-13,Cobertura amplia,Subaru Impreza,2019,22076,700,Al día,1,1
P000003827,2024-04-09,2025-04-09,Cobertura de colisión,Toyota Corolla,2022,43672,500,Vencido,0,0
P000003828,2021-08-18,2022-08-18,Cobertura total,Kia Forte,2018,28303,700,Vencido,0,0
P000003829,2020-08-05,2021-08-05,Cobertura amplia,Honda Civic,2016,48186,700,Vencido,1,0
P000003830,2020-08-19,2021-08-19,Cobertura de robo,Toyota Corolla,2018,32628,700,Vencido,1,0
P000003831,2022-03-29,2023-03-29,Cobertura amplia,Hyundai Elantra,2018,35047,500,Al día,1,0
P000003832,2022-12-29,2023-12-29,Cobertura total,Toyota Corolla,2015,32146,500,Vencido,0,0
P000003833,2021-10-21,2022-10-21,Responsabilidad civil,Chevrolet Cruze,2018,23528,700,Al día,0,1
P000003834,2023-03-19,2024-03-18,Cobertura de robo,Ford Focus,2013,20697,500,Al día,1,1
P000003835,2022-10-23,2023-10-23,Cobertura amplia,Toyota Corolla,2018,45270,500,Vencido,1,1
P000003836,2021-08-22,2022-08-22,Cobertura de colisión,Honda Civic,2014,12356,600,Vencido,0,0
P000003837,2020-09-11,2021-09-11,Cobertura de colisión,Toyota Corolla,2016,44281,600,Al día,0,0
P000003838,2023-04-23,2024-04-22,Responsabilidad civil,Toyota Corolla,2013,28668,600,Al día,1,1
P000003839,2022-04-15,2023-04-15,Cobertura amplia,Volkswagen Jetta,2022,32742,600,Vencido,1,1
P000003840,2020-05-12,2021-05-12,Cobertura total,Kia Forte,2022,48804,500,Al día,0,1
P000003841,2024-01-09,2025-01-08,Cobertura de colisión,Chevrolet Cruze,2010,28089,500,Al día,0,0
P000003842,2025-01-27,2026-01-27,Cobertura total,Mazda 3,2018,11810,700,Al día,0,0
P000003843,2021-02-23,2022-02-23,Cobertura de colisión,Subaru Impreza,2018,28184,500,Al día,1,1
P000003844,2022-07-07,2023-07-07,Cobertura de robo,Chevrolet Cruze,2014,47235,500,Al día,1,1
P000003845,2024-05-11,2025-05-11,Cobertura de robo,Ford Focus,2017,35504,600,Al día,0,0
P000003846,2022-08-31,2023-08-31,Cobertura amplia,Volkswagen Jetta,2015,38695,500,Al día,0,0
P000003847,2025-09-23,2026-09-23,Cobertura total,Ford Focus,2017,34680,700,Vencido,0,0
P000003848,2023-03-24,2024-03-23,Responsabilidad civil,Hyundai Elantra,2020,12173,700,Al día,1,1
P000003849,2020-07-11,2021-07-11,Cobertura amplia,Honda Civic,2018,48783,500,Al día,1,1
P000003850,2024-04-11,2025-04-11,Responsabilidad civil,Honda Civic,2016,19225,600,Al día,1,1
P000003851,2024-05-06,2025-05-06,Cobertura de robo,Hyundai Elantra,2022,47119,500,Vencido,0,0
P000003852,2024-09-02,2025-09-02,Responsabilidad civil,Honda Civic,2015,49308,600,Al día,0,1
P000003853,2023-07-04,2024-07-03,Cobertura de colisión,Ford Focus,2018,14725,500,Al día,0,0
P000003854,2020-08-08,2021-08-08,Responsabilidad civil,Volkswagen Jetta,2014,43119,700,Vencido,1,0
P000003855,2020-02-23,2021-02-22,Cobertura amplia,Subaru Impreza,2019,40746,600,Vencido,1,1
P000003856,2022-10-26,2023-10-26,Cobertura total,Toyota Corolla,2012,41143,600,Al día,0,0
P000003857,2022-04-11,2023-04-11,Cobertura de robo,Volkswagen Jetta,2011,25321,700,Vencido,1,0
P000003858,2024-12-19,2025-12-19,Responsabilidad civil,Hyundai Elantra,2020,19150,700,Vencido,1,0
P000003859,2022-07-12,2023-07-12,Responsabilidad civil,Ford Focus,2017,33531,600,Vencido,1,0
P000003860,2024-02-15,2025-02-14,Cobertura amplia,Ford Focus,2016,22151,600,Al día,1,0
P000003861,2022-03-15,2023-03-15,Cobertura total,Honda Civic,2017,32379,600,Al día,1,0
P000003862,2022-03-03,2023-03-03,Cobertura amplia,Hyundai Elantra,2015,11364,600,Al día,1,0
P000003863,2023-04-19,2024-04-18,Cobertura de colisión,Volkswagen Jetta,2014,40070,600,Al día,1,1
P000003864,2025-01-12,2026-01-12,Cobertura total,Chevrolet Cruze,2012,22210,500,Al día,1,1
P000003865,2021-12-27,2022-12-27,Cobertura amplia,Subaru Impreza,2011,33450,500,Al día,0,0
P000003866,2020-11-01,2021-11-01,Cobertura de robo,Toyota Corolla,2017,10345,700,Vencido,0,0
P000003867,2022-02-04,2023-02-04,Cobertura amplia,Nissan Sentra,2015,17758,700,Vencido,0,1
P000003868,2021-12-12,2022-12-12,Cobertura amplia,Hyundai Elantra,2012,12398,600,Al día,1,1
P000003869,2025-10-05,2026-10-05,Responsabilidad civil,Hyundai Elantra,2021,42081,600,Vencido,0,1
P000003870,2021-05-03,2022-05-03,Cobertura amplia,Toyota Corolla,2016,41978,600,Al día,1,1
P000003871,2024-03-25,2025-03-25,Cobertura de robo,Hyundai Elantra,2014,44405,500,Al día,0,0
P000003872,2020-06-15,2021-06-15,Cobertura de robo,Honda Civic,2017,41796,500,Vencido,0,0
P000003873,2024-10-21,2025-10-21,Cobertura de colisión,Toyota Corolla,2021,25010,700,Al día,1,1
P000003874,2023-02-17,2024-02-17,Cobertura total,Subaru Impreza,2012,42865,700,Vencido,1,1
P000003875,2022-12-18,2023-12-18,Cobertura amplia,Subaru Impreza,2018,34519,600,Al día,0,1
P000003876,2021-06-16,2022-06-16,Cobertura amplia,Toyota Corolla,2013,29435,600,Al día,0,0
P000003877,2021-10-21,2022-10-21,Cobertura total,Hyundai Elantra,2022,16590,500,Vencido,0,0
P000003878,2022-11-10,2023-11-10,Cobertura de colisión,Volkswagen Jetta,2022,20518,600,Vencido,0,0
P000003879,2020-01-24,2021-01-23,Cobertura de colisión,Chevrolet Cruze,2014,18331,700,Vencido,1,0
P000003880,2023-09-15,2024-09-14,Cobertura de robo,Toyota Corolla,2020,42888,600,Vencido,1,0
P000003881,2025-03-25,2026-03-25,Responsabilidad civil,Kia Forte,2016,26285,600,Vencido,1,1
P000003882,2021-09-26,2022-09-26,Responsabilidad civil,Ford Focus,2019,36277,700,Vencido,1,1
P000003883,2020-06-12,2021-06-12,Cobertura de colisión,Hyundai Elantra,2022,34058,500,Vencido,1,1
P000003884,2021-09-21,2022-09-21,Cobertura de robo,Hyundai Elantra,2016,36809,500,Vencido,1,1
P000003885,2023-08-14,2024-08-13,Cobertura de robo,Chevrolet Cruze,2016,22877,600,Vencido,1,1
P000003886,2020-07-27,2021-07-27,Cobertura de robo,Hyundai Elantra,2020,29159,500,Al día,0,0
P000003887,2023-05-18,2024-05-17,Cobertura total,Honda Civic,2016,24366,700,Al día,1,1
P000003888,2025-07-02,2026-07-02,Cobertura total,Ford Focus,2016,39344,600,Vencido,1,1
P000003889,2024-01-06,2025-01-05,Cobertura amplia,Chevrolet Cruze,2020,41641,600,Al día,0,1
P000003890,2020-10-25,2021-10-25,Cobertura de colisión,Nissan Sentra,2012,27208,700,Vencido,1,0
P000003891,2023-07-25,2024-07-24,Cobertura de robo,Honda Civic,2017,10555,600,Vencido,1,0
P000003892,2025-11-22,2026-11-22,Responsabilidad civil,Toyota Corolla,2010,14044,600,Al día,0,1
P000003893,2022-06-19,2023-06-19,Cobertura de robo,Honda Civic,2021,36624,500,Vencido,0,1
P000003894,2022-01-23,2023-01-23,Cobertura total,Kia Forte,2011,14135,500,Vencido,1,1
P000003895,2025-11-02,2026-11-02,Responsabilidad civil,Ford Focus,2011,49575,700,Vencido,0,0
P000003896,2020-10-06,2021-10-06,Cobertura de robo,Toyota Corolla,2013,10890,600,Al día,0,0
P000003897,2025-08-31,2026-08-31,Cobertura de robo,Chevrolet Cruze,2012,37456,700,Al día,0,0
P000003898,2021-10-14,2022-10-14,Cobertura amplia,Toyota Corolla,2011,34636,600,Al día,1,0
P000003899,2024-08-30,2025-08-30,Cobertura de robo,Kia Forte,2017,27263,500,Vencido,0,1
P000003900,2024-07-10,2025-07-10,Cobertura de robo,Honda Civic,2021,13916,600,Al día,0,0
P000003901,2021-01-11,2022-01-11,Cobertura de colisión,Subaru Impreza,2013,22688,500,Al día,1,1
P000003902,2023-12-02,2024-12-01,Cobertura de colisión,Kia Forte,2021,40473,500,Al día,1,1
P000003903,2022-06-25,2023-06-25,Cobertura amplia,Chevrolet Cruze,2019,36672,500,Al día,0,1
P000003904,2022-05-23,2023-05-23,Cobertura de colisión,Honda Civic,2014,39103,500,Vencido,1,1
P000003905,2023-09-21,2024-09-20,Cobertura total,Honda Civic,2016,16812,500,Vencido,0,0
P000003906,2023-09-18,2024-09-17,Cobertura de robo,Toyota Corolla,2016,47167,500,Al día,0,1
P000003907,2024-01-17,2025-01-16,Responsabilidad civil,Hyundai Elantra,2016,10294,500,Al día,1,0
P000003908,2023-04-17,2024-04-16,Cobertura de robo,Toyota Corolla,2018,24219,600,Vencido,1,1
P000003909,2022-06-13,2023-06-13,Cobertura de robo,Volkswagen Jetta,2019,27782,700,Vencido,1,1
P000003910,2025-12-12,2026-12-12,Cobertura total,Hyundai Elantra,2022,42925,600,Al día,0,1
P000003911,2025-04-29,2026-04-29,Cobertura amplia,Kia Forte,2018,20479,600,Al día,1,0
P000003912,2020-02-06,2021-02-05,Cobertura de robo,Ford Focus,2016,16079,700,Vencido,1,0
P000003913,2021-04-14,2022-04-14,Cobertura total,Hyundai Elantra,2011,44280,600,Al día,1,1
P000003914,2023-11-18,2024-11-17,Cobertura de colisión,Subaru Impreza,2011,16995,600,Vencido,0,0
P000003915,2024-12-30,2025-12-30,Responsabilidad civil,Hyundai Elantra,2016,31486,600,Al día,0,0
P000003916,2022-09-11,2023-09-11,Cobertura total,Subaru Impreza,2015,12731,600,Vencido,0,0
P000003917,2022-09-25,2023-09-25,Cobertura amplia,Ford Focus,2015,12264,700,Al día,1,1
P000003918,2020-06-12,2021-06-12,Cobertura total,Nissan Sentra,2021,31102,700,Al día,1,1
P000003919,2023-08-07,2024-08-06,Cobertura total,Volkswagen Jetta,2013,29502,700,Al día,0,0
P000003920,2024-04-11,2025-04-11,Cobertura amplia,Chevrolet Cruze,2015,45280,500,Al día,0,1
P000003921,2021-04-09,2022-04-09,Cobertura de colisión,Mazda 3,2014,48101,700,Al día,0,1
P000003922,2024-04-29,2025-04-29,Cobertura total,Honda Civic,2022,14642,600,Vencido,1,0
P000003923,2022-11-16,2023-11-16,Cobertura total,Mazda 3,2015,49482,600,Al día,1,1
P000003924,2023-03-04,2024-03-03,Cobertura total,Mazda 3,2014,31373,500,Vencido,1,0
P000003925,2020-04-11,2021-04-11,Responsabilidad civil,Ford Focus,2022,31438,700,Vencido,0,1
P000003926,2025-10-18,2026-10-18,Responsabilidad civil,Honda Civic,2017,28447,700,Vencido,0,0
P000003927,2024-03-15,2025-03-15,Cobertura de colisión,Volkswagen Jetta,2022,47765,500,Vencido,1,1
P000003928,2025-10-07,2026-10-07,Responsabilidad civil,Hyundai Elantra,2013,42571,700,Al día,1,1
P000003929,2025-09-14,2026-09-14,Cobertura amplia,Mazda 3,2016,40859,500,Al día,0,1
P000003930,2024-12-30,2025-12-30,Cobertura de robo,Subaru Impreza,2011,40851,500,Vencido,0,0
P000003931,2025-06-16,2026-06-16,Cobertura amplia,Chevrolet Cruze,2013,24725,500,Vencido,1,1
P000003932,2020-06-28,2021-06-28,Responsabilidad civil,Ford Focus,2020,36474,600,Al día,0,1
P000003933,2023-04-29,2024-04-28,Cobertura de robo,Honda Civic,2018,38280,500,Al día,0,1
P000003934,2022-02-27,2023-02-27,Cobertura total,Ford Focus,2021,27150,700,Vencido,1,0
P000003935,2023-08-05,2024-08-04,Cobertura de colisión,Toyota Corolla,2016,49325,700,Al día,0,0
P000003936,2025-10-05,2026-10-05,Responsabilidad civil,Honda Civic,2020,44984,700,Vencido,0,0
P000003937,2020-12-03,2021-12-03,Responsabilidad civil,Nissan Sentra,2019,41175,700,Al día,0,0
P000003938,2021-01-28,2022-01-28,Cobertura de robo,Chevrolet Cruze,2019,15108,700,Vencido,0,0
P000003939,2021-11-16,2022-11-16,Cobertura total,Ford Focus,2017,15892,700,Al día,1,0
P000003940,2025-12-24,2026-12-24,Cobertura de robo,Kia Forte,2018,36410,500,Vencido,0,0
P000003941,2020-01-31,2021-01-30,Cobertura amplia,Honda Civic,2011,35668,700,Vencido,0,0
P000003942,2020-09-25,2021-09-25,Cobertura amplia,Chevrolet Cruze,2016,32292,700,Al día,0,0
P000003943,2022-05-13,2023-05-13,Cobertura amplia,Honda Civic,2017,49185,600,Vencido,0,0
P000003944,2022-05-23,2023-05-23,Cobertura de robo,Ford Focus,2013,34360,500,Vencido,0,0
P000003945,2024-10-03,2025-10-03,Cobertura amplia,Toyota Corolla,2019,13321,500,Vencido,0,1
P000003946,2021-03-01,2022-03-01,Cobertura de colisión,Subaru Impreza,2018,45988,600,Al día,0,1
P000003947,2022-04-22,2023-04-22,Cobertura amplia,Ford Focus,2012,22576,600,Vencido,1,0
P000003948,2024-11-17,2025-11-17,Cobertura amplia,Honda Civic,2020,31906,600,Vencido,1,0
P000003949,2020-10-22,2021-10-22,Cobertura amplia,Honda Civic,2018,40708,600,Al día,1,1
P000003950,2021-09-21,2022-09-21,Cobertura de colisión,Toyota Corolla,2010,47975,700,Al día,0,1
P000003951,2020-04-07,2021-04-07,Cobertura de robo,Chevrolet Cruze,2011,42306,500,Vencido,0,1
P000003952,2025-02-23,2026-02-23,Responsabilidad civil,Honda Civic,2011,45845,500,Vencido,0,0
P000003953,2023-09-20,2024-09-19,Cobertura amplia,Chevrolet Cruze,2022,17055,600,Al día,1,0
P000003954,2020-06-04,2021-06-04,Cobertura total,Toyota Corolla,2013,13410,700,Vencido,0,0
P000003955,2020-12-24,2021-12-24,Cobertura de robo,Toyota Corolla,2021,47859,500,Al día,1,0
P000003956,2020-10-27,2021-10-27,Cobertura amplia,Honda Civic,2014,28477,700,Al día,0,0
P000003957,2020-08-10,2021-08-10,Cobertura amplia,Hyundai Elantra,2019,14893,500,Vencido,0,1
P000003958,2021-12-30,2022-12-30,Cobertura amplia,Honda Civic,2015,49760,600,Al día,1,0
P000003959,2022-10-28,2023-10-28,Cobertura de robo,Nissan Sentra,2021,16859,500,Al día,0,1
P000003960,2020-10-15,2021-10-15,Cobertura amplia,Hyundai Elantra,2017,36701,700,Vencido,0,1
P000003961,2022-07-21,2023-07-21,Cobertura total,Honda Civic,2021,23579,700,Vencido,0,0
P000003962,2022-11-25,2023-11-25,Cobertura amplia,Nissan Sentra,2017,15938,600,Al día,0,1
P000003963,2024-07-27,2025-07-27,Cobertura de colisión,Ford Focus,2016,14059,500,Vencido,0,0
P000003964,2024-05-08,2025-05-08,Responsabilidad civil,Toyota Corolla,2013,31127,600,Al día,1,0
P000003965,2025-01-21,2026-01-21,Cobertura de colisión,Toyota Corolla,2018,15021,700,Vencido,1,0
P000003966,2024-07-14,2025-07-14,Responsabilidad civil,Chevrolet Cruze,2021,47542,500,Vencido,0,1
P000003967,2024-11-08,2025-11-08,Cobertura de robo,Honda Civic,2018,26248,600,Vencido,0,0
P000003968,2023-07-19,2024-07-18,Cobertura de colisión,Volkswagen Jetta,2014,36002,500,Vencido,1,0
P000003969,2020-03-10,2021-03-10,Responsabilidad civil,Toyota Corolla,2020,26690,500,Al día,1,0
P000003970,2024-05-14,2025-05-14,Cobertura amplia,Chevrolet Cruze,2011,37223,700,Al día,0,0
P000003971,2021-04-29,2022-04-29,Responsabilidad civil,Kia Forte,2021,44130,600,Vencido,1,0
P000003972,2025-12-30,2026-12-30,Responsabilidad civil,Nissan Sentra,2021,28377,700,Al día,1,1
P000003973,2020-01-25,2021-01-24,Cobertura de robo,Honda Civic,2017,28582,500,Al día,0,1
P000003974,2020-09-16,2021-09-16,Responsabilidad civil,Ford Focus,2020,38493,700,Vencido,1,1
P000003975,2020-07-05,2021-07-05,Responsabilidad civil,Hyundai Elantra,2011,25881,600,Al día,1,1
P000003976,2020-10-24,2021-10-24,Cobertura de colisión,Ford Focus,2011,33914,500,Vencido,1,0
P000003977,2024-01-05,2025-01-04,Cobertura de colisión,Hyundai Elantra,2013,18308,700,Vencido,0,1
P000003978,2025-08-21,2026-08-21,Cobertura de colisión,Nissan Sentra,2010,16330,700,Vencido,0,0
P000003979,2021-03-10,2022-03-10,Cobertura de colisión,Toyota Corolla,2020,23431,500,Vencido,1,0
P000003980,2023-04-02,2024-04-01,Cobertura amplia,Ford Focus,2021,11326,700,Vencido,0,1
P000003981,2023-05-19,2024-05-18,Cobertura total,Honda Civic,2011,30522,600,Vencido,0,0
P000003982,2020-12-20,2021-12-20,Cobertura de robo,Honda Civic,2013,27172,500,Vencido,1,1
P000003983,2023-02-27,2024-02-27,Cobertura total,Honda Civic,2011,42720,500,Al día,1,0
P000003984,2024-11-27,2025-11-27,Cobertura de colisión,Chevrolet Cruze,2011,23194,700,Al día,0,0
P000003985,2024-04-11,2025-04-11,Cobertura amplia,Honda Civic,2020,29501,500,Vencido,1,0
P000003986,2024-06-06,2025-06-06,Cobertura de colisión,Nissan Sentra,2020,29726,500,Al día,0,0
P000003987,2020-05-06,2021-05-06,Cobertura total,Subaru Impreza,2011,35721,600,Vencido,1,1
P000003988,2025-04-25,2026-04-25,Cobertura de robo,Ford Focus,2018,30870,500,Vencido,0,1
P000003989,2021-10-02,2022-10-02,Cobertura de robo,Ford Focus,2017,12144,600,Al día,0,1
P000003990,2025-12-25,2026-12-25,Cobertura amplia,Chevrolet Cruze,2015,43215,500,Vencido,0,0
P000003991,2022-06-19,2023-06-19,Cobertura de robo,Kia Forte,2018,37443,700,Al día,0,0
P000003992,2021-07-12,2022-07-12,Cobertura de robo,Toyota Corolla,2010,10833,600,Vencido,1,0
P000003993,2024-05-20,2025-05-20,Cobertura total,Nissan Sentra,2020,42016,600,Vencido,0,0
P000003994,2023-04-23,2024-04-22,Cobertura total,Volkswagen Jetta,2019,18642,700,Al día,1,1
P000003995,2021-08-13,2022-08-13,Cobertura de colisión,Volkswagen Jetta,2014,48961,600,Al día,1,0
P000003996,2023-05-05,2024-05-04,Cobertura de robo,Chevrolet Cruze,2020,44413,500,Al día,1,0
P000003997,2024-03-08,2025-03-08,Cobertura total,Ford Focus,2018,22173,700,Al día,1,1
P000003998,2020-02-15,2021-02-14,Cobertura total,Toyota Corolla,2020,22112,500,Vencido,1,1
P000003999,2021-08-02,2022-08-02,Cobertura de colisión,Ford Focus,2012,48133,500,Al día,1,1
P000004000,2021-05-19,2022-05-19,Cobertura amplia,Nissan Sentra,2013,48964,700,Vencido,1,0
P000004001,2020-06-20,2021-06-20,Cobertura de robo,Ford Focus,2017,21847,600,Al día,0,1
P000004002,2020-01-21,2021-01-20,Responsabilidad civil,Subaru Impreza,2014,27232,700,Al día,0,0
P000004003,2024-06-02,2025-06-02,Cobertura de robo,Mazda 3,2015,46521,700,Vencido,1,0
P000004004,2020-12-14,2021-12-14,Cobertura total,Honda Civic,2017,35378,700,Al día,1,0
P000004005,2023-06-02,2024-06-01,Cobertura amplia,Mazda 3,2013,40101,500,Vencido,0,1
P000004006,2022-05-10,2023-05-10,Cobertura total,Subaru Impreza,2019,22807,700,Vencido,0,0
P000004007,2023-11-09,2024-11-08,Cobertura de robo,Toyota Corolla,2012,28732,500,Al día,0,0
P000004008,2022-05-17,2023-05-17,Cobertura amplia,Hyundai Elantra,2014,15711,600,Al día,1,1
P000004009,2024-08-17,2025-08-17,Responsabilidad civil,Ford Focus,2021,43710,500,Al día,0,1
P000004010,2025-09-30,2026-09-30,Cobertura de colisión,Honda Civic,2018,17690,500,Vencido,1,1
P000004011,2021-08-06,2022-08-06,Cobertura amplia,Ford Focus,2015,21572,600,Al día,1,0
P000004012,2021-10-21,2022-10-21,Cobertura total,Nissan Sentra,2014,10136,600,Vencido,0,0
P000004013,2022-01-23,2023-01-23,Cobertura total,Honda Civic,2013,33444,700,Vencido,1,1
P000004014,2022-06-23,2023-06-23,Responsabilidad civil,Hyundai Elantra,2020,35436,500,Vencido,0,0
P000004015,2022-11-01,2023-11-01,Cobertura de colisión,Chevrolet Cruze,2015,27897,500,Al día,0,0
P000004016,2022-03-06,2023-03-06,Cobertura amplia,Kia Forte,2021,31296,700,Vencido,0,1
P000004017,2021-04-14,2022-04-14,Cobertura amplia,Ford Focus,2011,48222,700,Vencido,0,1
P000004018,2022-01-12,2023-01-12,Responsabilidad civil,Toyota Corolla,2017,47924,600,Vencido,0,1
P000004019,2020-08-10,2021-08-10,Cobertura de colisión,Ford Focus,2018,23083,600,Vencido,1,1
P000004020,2025-03-04,2026-03-04,Cobertura de colisión,Volkswagen Jetta,2012,10931,500,Vencido,1,1
P000004021,2020-10-26,2021-10-26,Responsabilidad civil,Toyota Corolla,2010,43714,700,Al día,0,0
P000004022,2023-04-05,2024-04-04,Cobertura total,Kia Forte,2012,23293,700,Vencido,1,0
P000004023,2020-10-02,2021-10-02,Cobertura de colisión,Ford Focus,2021,24946,500,Al día,1,1
P000004024,2022-10-23,2023-10-23,Cobertura total,Honda Civic,2021,47565,500,Vencido,1,0
P000004025,2021-02-06,2022-02-06,Cobertura de robo,Chevrolet Cruze,2022,33230,700,Al día,1,1
P000004026,2022-03-19,2023-03-19,Responsabilidad civil,Nissan Sentra,2010,46360,700,Vencido,1,1
P000004027,2025-06-18,2026-06-18,Cobertura de colisión,Ford Focus,2014,29902,700,Al día,0,1
P000004028,2023-09-17,2024-09-16,Cobertura total,Chevrolet Cruze,2017,46799,500,Al día,1,1
P000004029,2024-01-02,2025-01-01,Cobertura amplia,Honda Civic,2022,29323,700,Vencido,0,1
P000004030,2021-06-09,2022-06-09,Cobertura de robo,Toyota Corolla,2022,47799,700,Vencido,1,0
P000004031,2022-08-18,2023-08-18,Cobertura total,Ford Focus,2020,29545,500,Vencido,1,1
P000004032,2021-02-13,2022-02-13,Cobertura amplia,Chevrolet Cruze,2017,36270,500,Vencido,1,1
P000004033,2023-03-13,2024-03-12,Cobertura total,Mazda 3,2015,27035,700,Al día,0,1
P000004034,2020-10-12,2021-10-12,Responsabilidad civil,Toyota Corolla,2020,35063,600,Al día,1,1
P000004035,2022-03-03,2023-03-03,Responsabilidad civil,Chevrolet Cruze,2021,11531,700,Vencido,0,1
P000004036,2023-07-25,2024-07-24,Cobertura de colisión,Toyota Corolla,2020,28607,500,Vencido,0,1
P000004037,2025-06-13,2026-06-13,Responsabilidad civil,Hyundai Elantra,2011,26447,600,Al día,1,1
P000004038,2025-01-19,2026-01-19,Responsabilidad civil,Chevrolet Cruze,2021,19431,700,Vencido,0,1
P000004039,2023-09-06,2024-09-05,Responsabilidad civil,Chevrolet Cruze,2021,37287,700,Al día,1,0
P000004040,2023-06-06,2024-06-05,Cobertura total,Nissan Sentra,2013,18155,500,Al día,1,0
P000004041,2021-09-16,2022-09-16,Cobertura total,Honda Civic,2014,26470,700,Vencido,0,1
P000004042,2024-02-01,2025-01-31,Responsabilidad civil,Kia Forte,2020,29056,700,Vencido,0,0
P000004043,2023-07-19,2024-07-18,Cobertura amplia,Kia Forte,2010,46279,600,Vencido,0,0
P000004044,2024-10-20,2025-10-20,Cobertura de robo,Subaru Impreza,2011,19151,500,Al día,1,0
P000004045,2021-11-21,2022-11-21,Cobertura de robo,Toyota Corolla,2012,13914,600,Al día,0,1
P000004046,2020-01-20,2021-01-19,Cobertura de robo,Ford Focus,2021,27602,600,Vencido,0,0
P000004047,2023-07-06,2024-07-05,Responsabilidad civil,Toyota Corolla,2021,34797,500,Vencido,0,1
P000004048,2022-10-05,2023-10-05,Responsabilidad civil,Chevrolet Cruze,2017,12958,500,Vencido,1,1
P000004049,2022-06-26,2023-06-26,Cobertura total,Volkswagen Jetta,2017,40693,500,Al día,1,0
P000004050,2024-11-21,2025-11-21,Cobertura amplia,Toyota Corolla,2013,48979,700,Vencido,1,0
P000004051,2023-02-07,2024-02-07,Responsabilidad civil,Honda Civic,2013,49807,700,Vencido,0,0
P000004052,2024-01-12,2025-01-11,Cobertura total,Toyota Corolla,2022,41859,700,Al día,1,1
P000004053,2021-07-04,2022-07-04,Cobertura amplia,Toyota Corolla,2019,18259,500,Al día,1,1
P000004054,2023-09-20,2024-09-19,Cobertura amplia,Toyota Corolla,2014,30357,700,Al día,0,0
P000004055,2025-05-19,2026-05-19,Cobertura amplia,Mazda 3,2011,29369,500,Vencido,0,0
P000004056,2025-03-10,2026-03-10,Cobertura de colisión,Toyota Corolla,2010,16333,700,Vencido,1,0
P000004057,2024-12-29,2025-12-29,Cobertura total,Toyota Corolla,2012,43438,500,Al día,0,0
P000004058,2024-01-09,2025-01-08,Responsabilidad civil,Volkswagen Jetta,2019,34995,600,Al día,0,0
P000004059,2023-06-05,2024-06-04,Cobertura de robo,Chevrolet Cruze,2019,41913,600,Vencido,1,1
P000004060,2025-06-17,2026-06-17,Cobertura amplia,Hyundai Elantra,2016,49090,600,Al día,1,0
P000004061,2021-03-21,2022-03-21,Cobertura de robo,Chevrolet Cruze,2019,10346,700,Al día,0,1
P000004062,2021-12-20,2022-12-20,Cobertura amplia,Honda Civic,2015,38940,600,Vencido,1,1
P000004063,2020-12-01,2021-12-01,Responsabilidad civil,Hyundai Elantra,2015,17186,500,Al día,1,0
P000004064,2023-02-23,2024-02-23,Cobertura de robo,Kia Forte,2017,48283,700,Vencido,0,1
P000004065,2021-07-27,2022-07-27,Cobertura de colisión,Subaru Impreza,2019,11986,500,Vencido,1,0
P000004066,2022-03-15,2023-03-15,Cobertura total,Toyota Corolla,2013,12748,600,Vencido,0,0
P000004067,2022-12-14,2023-12-14,Cobertura amplia,Ford Focus,2011,22296,600,Al día,1,0
P000004068,2020-11-09,2021-11-09,Cobertura total,Honda Civic,2012,12552,500,Vencido,1,0
P000004069,2020-11-04,2021-11-04,Cobertura de colisión,Kia Forte,2012,29566,700,Al día,0,1
P000004070,2020-03-17,2021-03-17,Cobertura de colisión,Chevrolet Cruze,2020,32582,600,Al día,1,0
P000004071,2025-09-08,2026-09-08,Responsabilidad civil,Nissan Sentra,2017,21591,600,Vencido,1,1
P000004072,2020-05-07,2021-05-07,Responsabilidad civil,Toyota Corolla,2015,13460,600,Vencido,1,1
P000004073,2024-07-17,2025-07-17,Cobertura amplia,Chevrolet Cruze,2021,18741,500,Al día,0,0
P000004074,2022-05-21,2023-05-21,Responsabilidad civil,Chevrolet Cruze,2010,21176,500,Al día,0,1
P000004075,2020-05-30,2021-05-30,Cobertura total,Honda Civic,2019,38065,600,Vencido,1,0
P000004076,2022-12-03,2023-12-03,Cobertura total,Chevrolet Cruze,2011,41735,700,Al día,1,1
P000004077,2025-04-17,2026-04-17,Cobertura amplia,Honda Civic,2014,23236,500,Al día,1,1
P000004078,2021-08-31,2022-08-31,Cobertura de colisión,Nissan Sentra,2018,27638,500,Vencido,1,0
P000004079,2024-02-07,2025-02-06,Cobertura de robo,Hyundai Elantra,2011,44224,500,Al día,1,1
P000004080,2024-05-26,2025-05-26,Cobertura amplia,Nissan Sentra,2018,30465,600,Vencido,0,1
P000004081,2022-07-03,2023-07-03,Cobertura total,Volkswagen Jetta,2013,35074,500,Vencido,0,1
P000004082,2023-04-06,2024-04-05,Cobertura de colisión,Honda Civic,2011,26099,500,Vencido,0,0
P000004083,2021-07-02,2022-07-02,Cobertura amplia,Kia Forte,2014,24673,600,Al día,0,1
P000004084,2025-03-18,2026-03-18,Cobertura de robo,Honda Civic,2021,12404,500,Vencido,0,1
P000004085,2025-08-14,2026-08-14,Cobertura de colisión,Ford Focus,2013,19062,700,Al día,0,0
P000004086,2025-09-21,2026-09-21,Cobertura de colisión,Toyota Corolla,2014,38009,700,Al día,0,0
P000004087,2021-01-05,2022-01-05,Cobertura total,Subaru Impreza,2012,40855,500,Al día,0,0
P000004088,2024-06-13,2025-06-13,Responsabilidad civil,Honda Civic,2019,25379,600,Vencido,1,0
P000004089,2024-01-30,2025-01-29,Responsabilidad civil,Toyota Corolla,2017,48363,500,Al día,0,1
P000004090,2025-08-18,2026-08-18,Cobertura amplia,Volkswagen Jetta,2020,11637,700,Al día,0,1
P000004091,2020-02-13,2021-02-12,Cobertura de colisión,Subaru Impreza,2019,33270,700,Al día,1,0
P000004092,2022-09-05,2023-09-05,Cobertura total,Chevrolet Cruze,2019,21793,700,Vencido,0,0
P000004093,2021-11-10,2022-11-10,Cobertura de colisión,Toyota Corolla,2015,34704,700,Al día,0,1
P000004094,2025-10-06,2026-10-06,Responsabilidad civil,Nissan Sentra,2010,20111,500,Vencido,0,1
P000004095,2021-07-28,2022-07-28,Cobertura de robo,Toyota Corolla,2019,29166,700,Vencido,0,0
P000004096,2025-01-01,2026-01-01,Cobertura de colisión,Toyota Corolla,2021,49746,700,Vencido,1,0
P000004097,2021-10-14,2022-10-14,Cobertura amplia,Honda Civic,2019,28332,700,Vencido,1,0
P000004098,2022-01-03,2023-01-03,Cobertura de robo,Volkswagen Jetta,2010,32569,500,Vencido,0,1
P000004099,2021-08-21,2022-08-21,Responsabilidad civil,Toyota Corolla,2015,14529,500,Al día,0,0
P000004100,2025-06-03,2026-06-03,Responsabilidad civil,Chevrolet Cruze,2014,44501,500,Al día,1,0
P000004101,2024-01-09,2025-01-08,Cobertura amplia,Hyundai Elantra,2012,25772,600,Vencido,0,0
P000004102,2020-06-14,2021-06-14,Cobertura amplia,Chevrolet Cruze,2021,23150,700,Al día,0,0
P000004103,2022-06-15,2023-06-15,Cobertura de robo,Toyota Corolla,2010,37069,600,Al día,1,0
P000004104,2025-06-20,2026-06-20,Cobertura de colisión,Ford Focus,2011,14701,500,Al día,0,1
P000004105,2022-08-07,2023-08-07,Cobertura de colisión,Hyundai Elantra,2021,32056,600,Vencido,1,1
P000004106,2020-09-14,2021-09-14,Cobertura de robo,Toyota Corolla,2015,40136,500,Vencido,1,1
P000004107,2022-12-18,2023-12-18,Cobertura total,Nissan Sentra,2018,25502,700,Al día,1,1
P000004108,2024-02-22,2025-02-21,Cobertura amplia,Nissan Sentra,2014,18839,700,Vencido,1,0
P000004109,2022-08-16,2023-08-16,Cobertura de colisión,Chevrolet Cruze,2018,40257,700,Vencido,0,1
P000004110,2020-06-24,2021-06-24,Cobertura total,Honda Civic,2017,17729,700,Al día,0,0
P000004111,2022-04-26,2023-04-26,Responsabilidad civil,Honda Civic,2010,34552,600,Vencido,1,0
P000004112,2025-10-22,2026-10-22,Cobertura de robo,Hyundai Elantra,2015,48352,500,Al día,0,0
P000004113,2024-01-19,2025-01-18,Cobertura total,Toyota Corolla,2013,19331,600,Al día,0,0
P000004114,2024-05-08,2025-05-08,Cobertura total,Toyota Corolla,2018,27921,600,Vencido,0,0
P000004115,2025-04-07,2026-04-07,Cobertura total,Honda Civic,2013,41414,600,Al día,0,0
P000004116,2025-02-05,2026-02-05,Cobertura de robo,Volkswagen Jetta,2011,32507,500,Al día,1,0
P000004117,2020-07-09,2021-07-09,Cobertura amplia,Chevrolet Cruze,2018,40090,700,Al día,1,0
P000004118,2020-06-12,2021-06-12,Cobertura de robo,Nissan Sentra,2010,39663,600,Al día,0,0
P000004119,2023-08-20,2024-08-19,Cobertura amplia,Volkswagen Jetta,2012,25767,600,Al día,0,1
P000004120,2021-02-26,2022-02-26,Cobertura de colisión,Chevrolet Cruze,2017,25528,500,Vencido,0,0
P000004121,2025-11-05,2026-11-05,Cobertura total,Toyota Corolla,2012,30967,700,Al día,1,1
P000004122,2023-01-25,2024-01-25,Cobertura amplia,Ford Focus,2020,36108,500,Al día,1,1
P000004123,2022-12-14,2023-12-14,Cobertura de colisión,Ford Focus,2014,19602,700,Al día,1,1
P000004124,2021-12-13,2022-12-13,Cobertura de colisión,Toyota Corolla,2018,20377,700,Al día,1,0
P000004125,2024-03-22,2025-03-22,Cobertura de colisión,Hyundai Elantra,2019,47032,600,Vencido,1,1
P000004126,2024-03-30,2025-03-30,Responsabilidad civil,Honda Civic,2018,41911,600,Vencido,1,0
P000004127,2024-02-05,2025-02-04,Cobertura de robo,Ford Focus,2019,40107,700,Al día,0,0
P000004128,2020-11-14,2021-11-14,Cobertura de colisión,Toyota Corolla,2011,48798,500,Al día,1,1
P000004129,2025-10-17,2026-10-17,Cobertura amplia,Chevrolet Cruze,2018,11490,500,Vencido,1,0
P000004130,2022-10-27,2023-10-27,Cobertura amplia,Mazda 3,2012,38866,600,Vencido,1,0
P000004131,2024-03-21,2025-03-21,Cobertura de robo,Toyota Corolla,2022,16066,500,Al día,1,1
P000004132,2022-07-01,2023-07-01,Responsabilidad civil,Ford Focus,2019,46574,500,Vencido,1,1
P000004133,2025-10-16,2026-10-16,Cobertura total,Nissan Sentra,2021,30402,500,Al día,0,0
P000004134,2024-07-20,2025-07-20,Cobertura de robo,Ford Focus,2014,39960,700,Al día,0,0
P000004135,2023-12-16,2024-12-15,Cobertura de colisión,Nissan Sentra,2013,10054,600,Al día,0,1
P000004136,2023-11-14,2024-11-13,Cobertura amplia,Chevrolet Cruze,2017,18853,700,Vencido,1,1
P000004137,2025-06-17,2026-06-17,Cobertura amplia,Toyota Corolla,2013,28728,700,Vencido,0,1
P000004138,2025-05-28,2026-05-28,Cobertura total,Chevrolet Cruze,2020,49519,700,Vencido,1,1
P000004139,2020-01-28,2021-01-27,Cobertura amplia,Kia Forte,2020,47895,500,Al día,0,0
P000004140,2025-08-17,2026-08-17,Cobertura total,Nissan Sentra,2017,48009,500,Al día,0,1
P000004141,2021-07-23,2022-07-23,Cobertura de robo,Ford Focus,2014,12695,700,Vencido,0,0
P000004142,2024-12-06,2025-12-06,Cobertura de colisión,Toyota Corolla,2014,34315,700,Al día,0,1
P000004143,2021-11-09,2022-11-09,Cobertura total,Ford Focus,2011,48890,600,Al día,1,0
P000004144,2022-07-31,2023-07-31,Responsabilidad civil,Nissan Sentra,2020,22557,600,Vencido,0,1
P000004145,2020-11-11,2021-11-11,Cobertura total,Honda Civic,2018,45948,700,Vencido,0,1
P000004146,2025-10-08,2026-10-08,Cobertura amplia,Honda Civic,2014,31969,500,Al día,0,0
P000004147,2023-02-24,2024-02-24,Responsabilidad civil,Toyota Corolla,2021,32693,500,Vencido,1,0
P000004148,2022-05-16,2023-05-16,Responsabilidad civil,Volkswagen Jetta,2012,47616,500,Vencido,0,0
P000004149,2021-09-07,2022-09-07,Responsabilidad civil,Subaru Impreza,2022,39772,500,Al día,1,1
P000004150,2022-02-04,2023-02-04,Cobertura de robo,Ford Focus,2019,11002,700,Al día,0,1
P000004151,2021-10-06,2022-10-06,Cobertura de colisión,Ford Focus,2015,49791,700,Vencido,0,0
P000004152,2024-01-23,2025-01-22,Responsabilidad civil,Ford Focus,2012,34142,700,Al día,0,0
P000004153,2021-04-29,2022-04-29,Cobertura de robo,Toyota Corolla,2014,31938,500,Vencido,1,1
P000004154,2022-08-01,2023-08-01,Cobertura de robo,Toyota Corolla,2017,40611,500,Vencido,1,1
P000004155,2024-08-25,2025-08-25,Cobertura total,Volkswagen Jetta,2022,16379,700,Vencido,1,0
P000004156,2023-09-14,2024-09-13,Cobertura total,Subaru Impreza,2014,21012,500,Al día,0,1
P000004157,2021-04-09,2022-04-09,Cobertura total,Chevrolet Cruze,2018,12312,700,Al día,1,0
P000004158,2025-05-26,2026-05-26,Responsabilidad civil,Nissan Sentra,2022,34495,700,Vencido,0,0
P000004159,2025-05-15,2026-05-15,Cobertura de colisión,Honda Civic,2020,17311,700,Al día,0,1
P000004160,2025-05-16,2026-05-16,Cobertura total,Ford Focus,2017,15350,700,Al día,1,1
P000004161,2022-05-13,2023-05-13,Cobertura de colisión,Toyota Corolla,2015,14438,600,Vencido,0,0
P000004162,2021-10-22,2022-10-22,Cobertura total,Toyota Corolla,2012,40550,500,Vencido,1,0
P000004163,2024-08-10,2025-08-10,Cobertura amplia,Ford Focus,2021,49320,600,Al día,0,0
P000004164,2020-04-01,2021-04-01,Responsabilidad civil,Chevrolet Cruze,2018,10776,500,Al día,1,1
P000004165,2022-09-25,2023-09-25,Cobertura amplia,Subaru Impreza,2016,14430,600,Vencido,0,0
P000004166,2020-06-25,2021-06-25,Responsabilidad civil,Honda Civic,2017,22579,600,Vencido,0,0
P000004167,2021-06-07,2022-06-07,Cobertura amplia,Nissan Sentra,2016,36693,600,Vencido,1,0
P000004168,2021-10-21,2022-10-21,Cobertura de robo,Hyundai Elantra,2010,42606,700,Al día,1,1
P000004169,2021-07-05,2022-07-05,Cobertura total,Chevrolet Cruze,2022,12016,600,Vencido,0,0
P000004170,2025-09-30,2026-09-30,Cobertura de colisión,Hyundai Elantra,2017,38354,600,Al día,1,0
P000004171,2020-06-09,2021-06-09,Cobertura de colisión,Mazda 3,2012,17806,700,Vencido,0,0
P000004172,2021-08-24,2022-08-24,Cobertura amplia,Chevrolet Cruze,2010,42997,500,Al día,0,0
P000004173,2020-08-17,2021-08-17,Cobertura de colisión,Chevrolet Cruze,2018,15679,700,Vencido,0,1
P000004174,2021-11-12,2022-11-12,Cobertura de robo,Kia Forte,2013,48497,500,Vencido,1,0
P000004175,2022-11-23,2023-11-23,Responsabilidad civil,Chevrolet Cruze,2020,46725,600,Vencido,0,0
P000004176,2022-01-07,2023-01-07,Cobertura amplia,Chevrolet Cruze,2016,13147,700,Vencido,0,1
P000004177,2025-10-17,2026-10-17,Responsabilidad civil,Honda Civic,2016,39588,600,Vencido,1,1
P000004178,2024-07-18,2025-07-18,Cobertura amplia,Hyundai Elantra,2012,16282,600,Vencido,1,1
P000004179,2020-03-17,2021-03-17,Cobertura de colisión,Honda Civic,2019,13620,700,Vencido,1,0
P000004180,2023-03-07,2024-03-06,Cobertura amplia,Subaru Impreza,2014,10170,700,Vencido,1,0
P000004181,2020-12-17,2021-12-17,Cobertura total,Kia Forte,2022,48000,600,Al día,0,0
P000004182,2022-06-06,2023-06-06,Cobertura amplia,Volkswagen Jetta,2018,24342,700,Al día,0,0
P000004183,2025-01-13,2026-01-13,Cobertura de robo,Subaru Impreza,2011,12672,500,Vencido,0,0
P000004184,2025-04-14,2026-04-14,Cobertura total,Toyota Corolla,2013,36487,600,Vencido,0,1
P000004185,2025-05-26,2026-05-26,Responsabilidad civil,Hyundai Elantra,2020,26903,600,Vencido,0,1
P000004186,2021-11-29,2022-11-29,Responsabilidad civil,Volkswagen Jetta,2014,47744,700,Al día,0,0
P000004187,2022-06-17,2023-06-17,Cobertura de colisión,Honda Civic,2021,41729,500,Al día,1,0
P000004188,2024-08-09,2025-08-09,Cobertura total,Honda Civic,2022,34610,700,Vencido,1,0
P000004189,2021-08-07,2022-08-07,Cobertura amplia,Chevrolet Cruze,2012,26725,700,Vencido,1,1
P000004190,2022-01-14,2023-01-14,Cobertura total,Chevrolet Cruze,2015,27765,500,Vencido,1,1
P000004191,2025-09-23,2026-09-23,Responsabilidad civil,Honda Civic,2017,12943,500,Vencido,0,0
P000004192,2022-12-19,2023-12-19,Cobertura de robo,Chevrolet Cruze,2010,48680,700,Al día,0,0
P000004193,2021-11-17,2022-11-17,Cobertura total,Toyota Corolla,2012,32649,500,Al día,1,1
P000004194,2023-11-04,2024-11-03,Cobertura amplia,Nissan Sentra,2021,49283,500,Vencido,1,0
P000004195,2025-01-31,2026-01-31,Cobertura de robo,Honda Civic,2011,37566,700,Vencido,0,1
P000004196,2020-10-08,2021-10-08,Cobertura de colisión,Honda Civic,2020,28943,700,Al día,0,0
P000004197,2022-07-30,2023-07-30,Cobertura de robo,Ford Focus,2013,36203,600,Al día,0,0
P000004198,2024-03-29,2025-03-29,Responsabilidad civil,Kia Forte,2013,29554,500,Al día,1,1
P000004199,2024-04-27,2025-04-27,Responsabilidad civil,Honda Civic,2010,49367,700,Vencido,1,1
P000004200,2021-06-25,2022-06-25,Cobertura amplia,Kia Forte,2010,42674,500,Vencido,1,1
P000004201,2021-03-20,2022-03-20,Cobertura amplia,Volkswagen Jetta,2015,29754,700,Al día,0,0
P000004202,2020-03-08,2021-03-08,Cobertura de colisión,Chevrolet Cruze,2010,18015,600,Vencido,1,0
P000004203,2022-04-08,2023-04-08,Responsabilidad civil,Nissan Sentra,2015,49231,600,Al día,1,1
P000004204,2025-11-11,2026-11-11,Cobertura de robo,Kia Forte,2010,24794,600,Vencido,1,1
P000004205,2025-08-27,2026-08-27,Cobertura de robo,Honda Civic,2019,25823,600,Al día,1,0
P000004206,2024-09-15,2025-09-15,Responsabilidad civil,Hyundai Elantra,2011,19394,600,Vencido,0,0
P000004207,2021-09-04,2022-09-04,Cobertura amplia,Nissan Sentra,2013,21715,600,Vencido,1,1
P000004208,2021-01-29,2022-01-29,Cobertura total,Ford Focus,2022,21990,700,Al día,0,0
P000004209,2021-12-27,2022-12-27,Cobertura de colisión,Nissan Sentra,2018,27350,700,Vencido,0,0
P000004210,2025-05-03,2026-05-03,Cobertura de robo,Toyota Corolla,2021,49282,500,Al día,1,0
P000004211,2020-06-08,2021-06-08,Cobertura amplia,Hyundai Elantra,2019,12862,600,Vencido,1,1
P000004212,2025-12-16,2026-12-16,Cobertura de robo,Honda Civic,2021,35323,500,Al día,1,1
P000004213,2025-08-23,2026-08-23,Cobertura de robo,Chevrolet Cruze,2019,15424,600,Vencido,0,0
P000004214,2021-04-26,2022-04-26,Cobertura amplia,Ford Focus,2021,37834,700,Al día,1,1
P000004215,2021-01-16,2022-01-16,Cobertura total,Toyota Corolla,2011,32487,500,Al día,0,1
P000004216,2025-05-29,2026-05-29,Cobertura de robo,Nissan Sentra,2017,30089,600,Vencido,0,0
P000004217,2021-06-17,2022-06-17,Cobertura de colisión,Honda Civic,2012,34890,600,Vencido,0,0
P000004218,2020-01-05,2021-01-04,Cobertura de colisión,Volkswagen Jetta,2022,14236,600,Al día,0,1
P000004219,2024-11-02,2025-11-02,Cobertura de colisión,Toyota Corolla,2013,44031,700,Al día,1,0
P000004220,2025-11-08,2026-11-08,Cobertura total,Toyota Corolla,2019,17882,600,Al día,1,1
P000004221,2024-09-19,2025-09-19,Responsabilidad civil,Mazda 3,2015,41047,600,Vencido,1,1
P000004222,2024-02-26,2025-02-25,Responsabilidad civil,Honda Civic,2020,29972,500,Al día,0,0
P000004223,2020-06-26,2021-06-26,Cobertura de colisión,Hyundai Elantra,2017,47032,600,Al día,0,0
P000004224,2025-12-10,2026-12-10,Cobertura total,Honda Civic,2017,31254,700,Vencido,0,0
P000004225,2024-10-23,2025-10-23,Cobertura de colisión,Volkswagen Jetta,2012,40376,700,Vencido,1,1
P000004226,2022-07-28,2023-07-28,Cobertura de robo,Kia Forte,2018,22185,700,Al día,0,1
P000004227,2025-05-28,2026-05-28,Cobertura amplia,Volkswagen Jetta,2018,16521,500,Vencido,1,1
P000004228,2024-04-10,2025-04-10,Cobertura amplia,Toyota Corolla,2021,18646,600,Al día,0,0
P000004229,2023-12-06,2024-12-05,Responsabilidad civil,Ford Focus,2015,21396,700,Al día,1,0
P000004230,2021-02-04,2022-02-04,Cobertura total,Ford Focus,2013,30556,600,Al día,1,0
P000004231,2024-10-08,2025-10-08,Cobertura de robo,Honda Civic,2017,47332,700,Al día,0,0
P000004232,2021-07-02,2022-07-02,Cobertura de robo,Volkswagen Jetta,2013,24917,500,Al día,0,1
P000004233,2022-11-08,2023-11-08,Responsabilidad civil,Honda Civic,2017,17800,600,Vencido,0,0
P000004234,2025-05-08,2026-05-08,Cobertura de robo,Honda Civic,2011,20500,700,Al día,1,1
P000004235,2022-08-10,2023-08-10,Cobertura amplia,Toyota Corolla,2011,36771,500,Vencido,1,1
P000004236,2020-12-09,2021-12-09,Cobertura amplia,Toyota Corolla,2017,16055,700,Vencido,1,0
P000004237,2023-03-06,2024-03-05,Cobertura de colisión,Toyota Corolla,2017,27259,700,Al día,0,0
P000004238,2024-07-31,2025-07-31,Cobertura total,Ford Focus,2013,37598,700,Vencido,0,1
P000004239,2022-11-21,2023-11-21,Responsabilidad civil,Kia Forte,2012,33065,700,Vencido,1,0
P000004240,2022-02-13,2023-02-13,Cobertura amplia,Volkswagen Jetta,2013,19816,700,Al día,1,0
P000004241,2020-01-23,2021-01-22,Cobertura total,Toyota Corolla,2016,40432,500,Al día,0,0
P000004242,2020-01-30,2021-01-29,Cobertura de robo,Honda Civic,2012,17662,500,Al día,0,1
P000004243,2025-11-10,2026-11-10,Cobertura de colisión,Subaru Impreza,2011,46973,600,Al día,0,1
P000004244,2021-04-27,2022-04-27,Cobertura amplia,Subaru Impreza,2019,46943,500,Al día,0,1
P000004245,2025-10-29,2026-10-29,Cobertura total,Hyundai Elantra,2021,49028,700,Vencido,1,0
P000004246,2020-01-30,2021-01-29,Cobertura de robo,Volkswagen Jetta,2016,18052,600,Al día,0,1
P000004247,2024-03-16,2025-03-16,Cobertura de robo,Kia Forte,2019,49595,600,Al día,0,0
P000004248,2022-04-21,2023-04-21,Cobertura de robo,Hyundai Elantra,2011,17712,500,Al día,1,0
P000004249,2023-07-17,2024-07-16,Cobertura de robo,Mazda 3,2011,21762,500,Vencido,0,0
P000004250,2024-08-01,2025-08-01,Responsabilidad civil,Kia Forte,2019,11861,600,Al día,1,1
P000004251,2024-01-23,2025-01-22,Cobertura de colisión,Toyota Corolla,2012,38486,600,Al día,1,0
P000004252,2021-03-12,2022-03-12,Cobertura de robo,Honda Civic,2020,38922,700,Al día,1,1
P000004253,2021-09-25,2022-09-25,Cobertura de colisión,Toyota Corolla,2013,41339,600,Vencido,1,0
P000004254,2024-10-11,2025-10-11,Cobertura total,Honda Civic,2016,46935,600,Al día,0,1
P000004255,2022-11-04,2023-11-04,Cobertura total,Hyundai Elantra,2010,16540,700,Vencido,0,1
P000004256,2022-12-06,2023-12-06,Cobertura de colisión,Chevrolet Cruze,2021,38609,600,Al día,1,1
P000004257,2024-09-30,2025-09-30,Cobertura de colisión,Ford Focus,2012,11422,500,Al día,0,1
P000004258,2024-02-06,2025-02-05,Cobertura total,Toyota Corolla,2015,38065,600,Vencido,0,0
P000004259,2023-02-02,2024-02-02,Responsabilidad civil,Hyundai Elantra,2012,31613,600,Al día,1,1
P000004260,2024-06-15,2025-06-15,Cobertura de robo,Toyota Corolla,2018,30918,500,Al día,1,0
P000004261,2022-04-14,2023-04-14,Cobertura de robo,Chevrolet Cruze,2021,26146,500,Al día,0,0
P000004262,2024-08-19,2025-08-19,Responsabilidad civil,Hyundai Elantra,2017,35436,700,Al día,1,0
P000004263,2025-05-30,2026-05-30,Cobertura de robo,Mazda 3,2021,39368,700,Vencido,1,0
P000004264,2022-01-02,2023-01-02,Cobertura total,Volkswagen Jetta,2022,41941,500,Al día,1,0
P000004265,2024-02-25,2025-02-24,Responsabilidad civil,Honda Civic,2021,47787,700,Vencido,0,1
P000004266,2025-06-04,2026-06-04,Cobertura amplia,Ford Focus,2015,28722,600,Al día,1,1
P000004267,2022-11-05,2023-11-05,Cobertura de robo,Chevrolet Cruze,2018,13452,600,Vencido,0,0
P000004268,2023-06-10,2024-06-09,Cobertura amplia,Kia Forte,2018,38504,700,Vencido,0,1
P000004269,2023-11-11,2024-11-10,Cobertura total,Honda Civic,2013,14537,700,Vencido,0,1
P000004270,2024-06-18,2025-06-18,Cobertura de robo,Nissan Sentra,2021,39845,600,Vencido,1,0
P000004271,2021-07-19,2022-07-19,Cobertura de colisión,Ford Focus,2011,12378,600,Al día,1,1
P000004272,2021-05-02,2022-05-02,Cobertura amplia,Nissan Sentra,2015,33982,700,Vencido,1,1
P000004273,2022-07-30,2023-07-30,Cobertura de robo,Kia Forte,2017,31458,600,Vencido,1,0
P000004274,2025-01-03,2026-01-03,Cobertura amplia,Ford Focus,2012,21669,600,Vencido,0,0
P000004275,2021-10-24,2022-10-24,Cobertura de robo,Hyundai Elantra,2011,47109,600,Vencido,1,0
P000004276,2021-02-14,2022-02-14,Responsabilidad civil,Volkswagen Jetta,2013,13021,500,Al día,1,0
P000004277,2022-05-28,2023-05-28,Cobertura de colisión,Volkswagen Jetta,2010,14372,700,Al día,1,0
P000004278,2025-09-13,2026-09-13,Cobertura amplia,Subaru Impreza,2018,14768,500,Vencido,1,0
P000004279,2024-06-28,2025-06-28,Cobertura de colisión,Nissan Sentra,2017,29768,600,Al día,1,1
P000004280,2023-10-18,2024-10-17,Cobertura amplia,Honda Civic,2019,13134,500,Al día,1,1
P000004281,2020-08-01,2021-08-01,Cobertura total,Toyota Corolla,2017,44973,500,Vencido,1,0
P000004282,2021-10-20,2022-10-20,Responsabilidad civil,Subaru Impreza,2011,41450,600,Al día,1,0
P000004283,2024-05-12,2025-05-12,Cobertura total,Volkswagen Jetta,2015,24566,500,Al día,1,0
P000004284,2020-01-22,2021-01-21,Cobertura de colisión,Honda Civic,2020,14697,700,Al día,0,1
P000004285,2021-01-08,2022-01-08,Cobertura total,Mazda 3,2015,10779,600,Al día,0,0
P000004286,2021-08-18,2022-08-18,Cobertura de robo,Chevrolet Cruze,2013,17128,700,Al día,0,0
P000004287,2025-04-15,2026-04-15,Cobertura total,Toyota Corolla,2013,42011,500,Vencido,1,1
P000004288,2024-11-18,2025-11-18,Responsabilidad civil,Honda Civic,2014,25574,700,Vencido,0,1
P000004289,2020-12-27,2021-12-27,Cobertura amplia,Kia Forte,2013,18723,700,Al día,1,0
P000004290,2020-09-19,2021-09-19,Responsabilidad civil,Ford Focus,2019,31425,700,Vencido,1,0
P000004291,2022-12-13,2023-12-13,Cobertura amplia,Mazda 3,2012,47088,500,Vencido,0,0
P000004292,2022-06-27,2023-06-27,Cobertura de robo,Hyundai Elantra,2021,33365,500,Al día,1,1
P000004293,2024-02-27,2025-02-26,Cobertura de colisión,Chevrolet Cruze,2013,31790,600,Al día,0,0
P000004294,2020-11-23,2021-11-23,Cobertura de robo,Ford Focus,2021,18848,600,Al día,1,0
P000004295,2020-06-03,2021-06-03,Cobertura total,Subaru Impreza,2019,13327,700,Al día,1,0
P000004296,2024-04-23,2025-04-23,Cobertura de colisión,Chevrolet Cruze,2018,32378,600,Vencido,0,1
P000004297,2024-06-29,2025-06-29,Cobertura de robo,Toyota Corolla,2015,45677,700,Al día,1,0
P000004298,2025-11-04,2026-11-04,Cobertura de colisión,Toyota Corolla,2013,18669,500,Al día,0,0
P000004299,2023-03-19,2024-03-18,Cobertura amplia,Toyota Corolla,2015,15949,700,Vencido,0,0
P000004300,2020-08-23,2021-08-23,Cobertura amplia,Volkswagen Jetta,2016,41159,700,Al día,1,0
P000004301,2021-12-18,2022-12-18,Cobertura total,Chevrolet Cruze,2017,10994,600,Al día,0,1
P000004302,2025-07-17,2026-07-17,Cobertura de colisión,Kia Forte,2011,16708,700,Al día,1,0
P000004303,2024-12-03,2025-12-03,Cobertura de colisión,Ford Focus,2021,20729,600,Vencido,0,1
P000004304,2020-02-13,2021-02-12,Cobertura de colisión,Toyota Corolla,2014,10360,700,Vencido,0,1
P000004305,2022-04-06,2023-04-06,Cobertura amplia,Ford Focus,2018,39574,700,Al día,1,0
P000004306,2025-10-23,2026-10-23,Cobertura de robo,Honda Civic,2019,21157,700,Vencido,0,0
P000004307,2023-03-17,2024-03-16,Responsabilidad civil,Subaru Impreza,2022,44230,600,Vencido,1,0
P000004308,2022-03-08,2023-03-08,Responsabilidad civil,Volkswagen Jetta,2020,11240,700,Vencido,0,0
P000004309,2020-05-17,2021-05-17,Cobertura de colisión,Chevrolet Cruze,2016,18907,700,Al día,0,1
P000004310,2025-09-22,2026-09-22,Cobertura total,Toyota Corolla,2014,49299,600,Al día,0,1
P000004311,2025-10-13,2026-10-13,Cobertura total,Ford Focus,2022,20935,600,Al día,0,1
P000004312,2022-08-06,2023-08-06,Cobertura de robo,Chevrolet Cruze,2010,33735,500,Vencido,0,1
P000004313,2021-11-25,2022-11-25,Cobertura total,Toyota Corolla,2019,27362,700,Al día,1,0
P000004314,2020-05-27,2021-05-27,Cobertura de colisión,Ford Focus,2018,44622,500,Al día,1,1
P000004315,2024-01-13,2025-01-12,Cobertura de robo,Toyota Corolla,2020,44576,700,Al día,0,1
P000004316,2022-09-06,2023-09-06,Cobertura de robo,Volkswagen Jetta,2019,25565,600,Al día,0,1
P000004317,2020-01-02,2021-01-01,Cobertura amplia,Chevrolet Cruze,2014,39620,700,Al día,1,0
P000004318,2021-10-06,2022-10-06,Cobertura amplia,Chevrolet Cruze,2013,47548,500,Vencido,1,0
P000004319,2020-12-21,2021-12-21,Cobertura de robo,Honda Civic,2011,46958,700,Al día,1,0
P000004320,2023-02-04,2024-02-04,Cobertura de colisión,Honda Civic,2022,41598,500,Al día,1,1
P000004321,2024-06-24,2025-06-24,Cobertura total,Hyundai Elantra,2014,28052,600,Vencido,0,1
P000004322,2023-12-17,2024-12-16,Cobertura de robo,Nissan Sentra,2022,31717,700,Al día,0,0
P000004323,2024-06-06,2025-06-06,Cobertura de robo,Subaru Impreza,2017,23600,700,Vencido,0,0
P000004324,2024-07-18,2025-07-18,Responsabilidad civil,Hyundai Elantra,2012,17729,700,Al día,1,0
P000004325,2022-03-31,2023-03-31,Cobertura de robo,Toyota Corolla,2018,36697,600,Vencido,0,1
P000004326,2025-10-21,2026-10-21,Cobertura de colisión,Toyota Corolla,2010,26909,500,Vencido,0,1
P000004327,2020-03-03,2021-03-03,Cobertura amplia,Chevrolet Cruze,2021,36744,500,Vencido,0,0
P000004328,2020-10-08,2021-10-08,Cobertura de robo,Subaru Impreza,2017,35708,600,Vencido,1,0
P000004329,2021-01-04,2022-01-04,Responsabilidad civil,Hyundai Elantra,2011,28464,600,Vencido,1,0
P000004330,2023-03-11,2024-03-10,Cobertura de robo,Hyundai Elantra,2013,33221,500,Al día,1,1
P000004331,2023-11-26,2024-11-25,Responsabilidad civil,Hyundai Elantra,2015,43134,600,Al día,0,0
P000004332,2023-11-24,2024-11-23,Cobertura de colisión,Hyundai Elantra,2016,43014,500,Al día,1,1
P000004333,2023-02-06,2024-02-06,Cobertura amplia,Honda Civic,2011,46150,600,Vencido,0,0
P000004334,2022-07-15,2023-07-15,Cobertura de robo,Kia Forte,2018,24973,700,Al día,0,0
P000004335,2022-03-07,2023-03-07,Cobertura de robo,Chevrolet Cruze,2011,32674,700,Vencido,1,1
P000004336,2025-02-05,2026-02-05,Cobertura de colisión,Kia Forte,2013,29968,700,Vencido,0,0
P000004337,2024-07-12,2025-07-12,Cobertura total,Ford Focus,2019,38568,700,Vencido,1,1
P000004338,2020-01-20,2021-01-19,Cobertura amplia,Volkswagen Jetta,2015,21798,500,Vencido,0,0
P000004339,2022-12-05,2023-12-05,Cobertura amplia,Honda Civic,2012,33424,700,Vencido,1,0
P000004340,2021-12-17,2022-12-17,Cobertura de colisión,Toyota Corolla,2013,13646,600,Vencido,0,0
P000004341,2024-07-25,2025-07-25,Cobertura de robo,Hyundai Elantra,2017,20680,600,Al día,0,1
P000004342,2025-09-04,2026-09-04,Cobertura de colisión,Volkswagen Jetta,2018,22187,600,Vencido,0,0
P000004343,2021-03-12,2022-03-12,Cobertura de robo,Toyota Corolla,2012,25702,500,Al día,1,0
P000004344,2020-10-23,2021-10-23,Responsabilidad civil,Honda Civic,2017,35580,700,Vencido,0,1
P000004345,2025-08-22,2026-08-22,Cobertura de robo,Chevrolet Cruze,2021,29448,600,Vencido,1,0
P000004346,2023-04-20,2024-04-19,Cobertura de colisión,Honda Civic,2016,38032,500,Vencido,0,0
P000004347,2023-10-24,2024-10-23,Cobertura de colisión,Toyota Corolla,2014,10853,600,Al día,1,1
P000004348,2021-04-24,2022-04-24,Cobertura total,Ford Focus,2019,12977,700,Al día,0,0
P000004349,2025-10-03,2026-10-03,Responsabilidad civil,Toyota Corolla,2014,32694,500,Vencido,0,0
P000004350,2022-11-21,2023-11-21,Cobertura total,Toyota Corolla,2013,44173,600,Vencido,0,1
P000004351,2022-10-21,2023-10-21,Cobertura de colisión,Volkswagen Jetta,2015,22162,600,Vencido,1,0
P000004352,2024-12-18,2025-12-18,Cobertura amplia,Chevrolet Cruze,2018,20644,600,Al día,1,0
P000004353,2024-03-24,2025-03-24,Cobertura de colisión,Toyota Corolla,2014,36862,500,Vencido,0,0
P000004354,2025-06-03,2026-06-03,Cobertura de colisión,Ford Focus,2011,30134,600,Al día,1,0
P000004355,2022-09-23,2023-09-23,Cobertura amplia,Honda Civic,2011,47836,500,Vencido,0,1
P000004356,2023-10-23,2024-10-22,Cobertura total,Honda Civic,2018,43600,600,Vencido,0,1
P000004357,2025-02-22,2026-02-22,Cobertura de colisión,Subaru Impreza,2011,33976,600,Al día,1,1
P000004358,2025-03-02,2026-03-02,Cobertura amplia,Mazda 3,2017,47604,600,Al día,1,1
P000004359,2020-04-22,2021-04-22,Responsabilidad civil,Toyota Corolla,2022,41186,500,Vencido,1,0
P000004360,2025-05-28,2026-05-28,Responsabilidad civil,Honda Civic,2010,26665,500,Al día,0,0
P000004361,2021-04-21,2022-04-21,Cobertura de robo,Honda Civic,2013,30323,600,Vencido,0,0
P000004362,2022-11-22,2023-11-22,Cobertura de colisión,Toyota Corolla,2016,22927,600,Al día,1,0
P000004363,2020-10-03,2021-10-03,Cobertura de robo,Mazda 3,2020,49367,700,Al día,1,0
P000004364,2024-04-16,2025-04-16,Cobertura amplia,Honda Civic,2010,49502,700,Al día,1,1
P000004365,2022-06-21,2023-06-21,Cobertura total,Kia Forte,2017,23310,600,Al día,0,0
P000004366,2022-07-30,2023-07-30,Responsabilidad civil,Toyota Corolla,2013,28038,600,Vencido,1,0
P000004367,2023-07-17,2024-07-16,Cobertura de robo,Subaru Impreza,2013,21458,500,Vencido,0,1
P000004368,2024-08-16,2025-08-16,Cobertura de colisión,Ford Focus,2021,36553,700,Vencido,1,0
P000004369,2023-12-17,2024-12-16,Cobertura de colisión,Ford Focus,2017,13534,600,Vencido,1,0
P000004370,2025-10-16,2026-10-16,Cobertura amplia,Hyundai Elantra,2013,40379,600,Vencido,0,1
P000004371,2020-02-09,2021-02-08,Cobertura de robo,Chevrolet Cruze,2013,47272,600,Al día,1,0
P000004372,2022-12-14,2023-12-14,Cobertura de robo,Chevrolet Cruze,2019,25189,500,Al día,1,1
P000004373,2022-10-13,2023-10-13,Cobertura de robo,Hyundai Elantra,2019,17038,700,Al día,1,1
P000004374,2023-03-22,2024-03-21,Cobertura amplia,Nissan Sentra,2016,43738,700,Vencido,0,0
P000004375,2021-01-15,2022-01-15,Responsabilidad civil,Honda Civic,2022,19302,700,Vencido,0,0
P000004376,2024-06-22,2025-06-22,Cobertura total,Volkswagen Jetta,2021,44100,500,Vencido,0,0
P000004377,2023-11-01,2024-10-31,Cobertura de robo,Ford Focus,2016,34239,600,Al día,0,1
P000004378,2020-11-07,2021-11-07,Cobertura de colisión,Chevrolet Cruze,2022,49706,500,Vencido,1,1
P000004379,2022-01-01,2023-01-01,Cobertura amplia,Toyota Corolla,2019,24568,500,Al día,0,0
P000004380,2025-05-05,2026-05-05,Cobertura amplia,Kia Forte,2011,25184,600,Vencido,0,1
P000004381,2023-07-09,2024-07-08,Cobertura de robo,Toyota Corolla,2014,10702,700,Vencido,0,0
P000004382,2023-12-19,2024-12-18,Cobertura amplia,Ford Focus,2015,24589,700,Al día,0,0
P000004383,2022-06-14,2023-06-14,Cobertura amplia,Toyota Corolla,2011,12561,600,Al día,0,0
P000004384,2023-01-07,2024-01-07,Cobertura amplia,Honda Civic,2022,32188,700,Vencido,1,0
P000004385,2022-01-18,2023-01-18,Cobertura de colisión,Toyota Corolla,2015,33179,500,Al día,1,0
P000004386,2022-02-17,2023-02-17,Cobertura de robo,Ford Focus,2022,36169,600,Al día,1,1
P000004387,2025-08-05,2026-08-05,Cobertura total,Nissan Sentra,2020,31682,500,Al día,0,1
P000004388,2022-03-28,2023-03-28,Cobertura amplia,Ford Focus,2016,11029,700,Vencido,1,1
P000004389,2022-08-19,2023-08-19,Cobertura de colisión,Nissan Sentra,2010,11529,700,Al día,1,1
P000004390,2022-09-18,2023-09-18,Responsabilidad civil,Volkswagen Jetta,2020,26594,500,Al día,1,1
P000004391,2022-12-23,2023-12-23,Cobertura de colisión,Volkswagen Jetta,2015,33368,600,Al día,0,0
P000004392,2022-04-26,2023-04-26,Cobertura amplia,Mazda 3,2011,24899,700,Vencido,0,1
P000004393,2022-07-27,2023-07-27,Responsabilidad civil,Nissan Sentra,2019,18637,500,Vencido,0,0
P000004394,2022-04-10,2023-04-10,Cobertura de robo,Kia Forte,2011,23919,500,Vencido,0,1
P000004395,2022-10-19,2023-10-19,Cobertura de robo,Toyota Corolla,2022,21391,500,Vencido,1,1
P000004396,2023-12-29,2024-12-28,Cobertura total,Honda Civic,2010,19621,600,Vencido,0,1
P000004397,2021-09-30,2022-09-30,Cobertura de robo,Hyundai Elantra,2016,14336,700,Al día,1,0
P000004398,2021-03-12,2022-03-12,Cobertura amplia,Kia Forte,2014,29626,500,Vencido,0,1
P000004399,2021-05-06,2022-05-06,Cobertura de colisión,Mazda 3,2021,24353,700,Al día,1,0
P000004400,2020-11-17,2021-11-17,Cobertura de colisión,Chevrolet Cruze,2015,34571,700,Vencido,0,0
P000004401,2025-07-10,2026-07-10,Cobertura amplia,Toyota Corolla,2014,49820,500,Al día,1,1
P000004402,2020-01-28,2021-01-27,Cobertura total,Chevrolet Cruze,2015,14658,500,Al día,0,1
P000004403,2020-06-22,2021-06-22,Cobertura total,Chevrolet Cruze,2015,33456,700,Vencido,0,0
P000004404,2025-05-29,2026-05-29,Cobertura amplia,Ford Focus,2010,20582,700,Al día,0,0
P000004405,2024-02-29,2025-02-28,Responsabilidad civil,Ford Focus,2016,13758,700,Al día,1,1
P000004406,2023-07-15,2024-07-14,Cobertura de robo,Nissan Sentra,2013,23519,700,Vencido,0,1
P000004407,2025-07-09,2026-07-09,Responsabilidad civil,Ford Focus,2013,49857,700,Vencido,0,1
P000004408,2023-01-30,2024-01-30,Responsabilidad civil,Kia Forte,2019,48812,500,Al día,0,1
P000004409,2025-07-03,2026-07-03,Cobertura de robo,Volkswagen Jetta,2017,38058,500,Al día,1,1
P000004410,2022-01-19,2023-01-19,Cobertura amplia,Chevrolet Cruze,2012,24155,700,Vencido,1,0
P000004411,2025-09-24,2026-09-24,Cobertura de colisión,Ford Focus,2010,11955,600,Al día,1,0
P000004412,2023-02-21,2024-02-21,Cobertura total,Nissan Sentra,2016,10175,600,Al día,1,0
P000004413,2024-06-17,2025-06-17,Responsabilidad civil,Chevrolet Cruze,2014,25778,600,Al día,0,1
P000004414,2022-06-28,2023-06-28,Cobertura de colisión,Volkswagen Jetta,2020,19965,600,Al día,1,0
P000004415,2021-06-09,2022-06-09,Cobertura amplia,Subaru Impreza,2015,30291,500,Al día,1,1
P000004416,2020-08-09,2021-08-09,Responsabilidad civil,Toyota Corolla,2022,11769,600,Vencido,1,0
P000004417,2025-11-23,2026-11-23,Cobertura de robo,Chevrolet Cruze,2014,27576,600,Vencido,0,0
P000004418,2024-09-29,2025-09-29,Cobertura amplia,Volkswagen Jetta,2011,28404,700,Al día,0,1
P000004419,2025-05-13,2026-05-13,Responsabilidad civil,Honda Civic,2011,17189,500,Vencido,0,1
P000004420,2020-05-13,2021-05-13,Cobertura amplia,Honda Civic,2019,19844,700,Vencido,1,0
P000004421,2025-08-20,2026-08-20,Cobertura total,Toyota Corolla,2022,32024,700,Al día,0,0
P000004422,2023-11-23,2024-11-22,Cobertura de colisión,Nissan Sentra,2016,37563,600,Vencido,1,0
P000004423,2024-05-31,2025-05-31,Cobertura de robo,Hyundai Elantra,2014,26262,500,Al día,0,1
P000004424,2021-12-16,2022-12-16,Cobertura de robo,Chevrolet Cruze,2018,28261,500,Al día,0,1
P000004425,2025-02-15,2026-02-15,Cobertura amplia,Nissan Sentra,2016,23976,600,Vencido,0,1
P000004426,2021-05-08,2022-05-08,Cobertura amplia,Toyota Corolla,2015,49480,700,Vencido,1,0
P000004427,2025-10-23,2026-10-23,Cobertura amplia,Mazda 3,2019,14221,700,Vencido,1,1
P000004428,2025-02-27,2026-02-27,Cobertura de robo,Chevrolet Cruze,2015,31247,500,Al día,0,0
P000004429,2023-07-16,2024-07-15,Cobertura de colisión,Toyota Corolla,2014,44020,500,Al día,0,1
P000004430,2020-02-04,2021-02-03,Cobertura amplia,Toyota Corolla,2015,45015,700,Al día,0,0
P000004431,2020-02-18,2021-02-17,Cobertura de colisión,Toyota Corolla,2022,35357,600,Al día,1,0
P000004432,2022-05-13,2023-05-13,Responsabilidad civil,Ford Focus,2019,16322,500,Vencido,0,1
P000004433,2024-04-03,2025-04-03,Cobertura total,Ford Focus,2019,40049,600,Al día,0,0
P000004434,2021-02-16,2022-02-16,Cobertura amplia,Honda Civic,2018,26504,600,Al día,0,1
P000004435,2023-08-25,2024-08-24,Cobertura amplia,Kia Forte,2013,45701,500,Al día,1,1
P000004436,2024-01-21,2025-01-20,Cobertura de colisión,Toyota Corolla,2016,49223,700,Al día,0,0
P000004437,2022-11-29,2023-11-29,Responsabilidad civil,Hyundai Elantra,2013,49093,700,Vencido,1,1
P000004438,2022-02-05,2023-02-05,Cobertura de robo,Chevrolet Cruze,2011,48664,600,Vencido,1,0
P000004439,2022-12-12,2023-12-12,Cobertura total,Volkswagen Jetta,2022,38774,700,Al día,1,0
P000004440,2022-08-29,2023-08-29,Cobertura amplia,Volkswagen Jetta,2015,49892,500,Vencido,0,0
P000004441,2023-01-08,2024-01-08,Cobertura de robo,Hyundai Elantra,2019,44104,500,Al día,0,1
P000004442,2025-04-14,2026-04-14,Cobertura amplia,Volkswagen Jetta,2013,22655,700,Al día,0,1
P000004443,2023-11-06,2024-11-05,Cobertura de robo,Toyota Corolla,2018,34595,500,Vencido,0,0
P000004444,2024-02-07,2025-02-06,Cobertura amplia,Mazda 3,2019,32267,600,Al día,1,1
P000004445,2022-01-23,2023-01-23,Cobertura de robo,Hyundai Elantra,2012,27222,500,Al día,0,1
P000004446,2025-08-04,2026-08-04,Cobertura de robo,Chevrolet Cruze,2017,34606,500,Al día,0,1
P000004447,2024-10-02,2025-10-02,Cobertura total,Ford Focus,2013,45705,500,Al día,0,0
P000004448,2022-05-12,2023-05-12,Cobertura amplia,Toyota Corolla,2017,13351,700,Al día,0,1
P000004449,2024-09-12,2025-09-12,Cobertura total,Ford Focus,2010,45479,700,Vencido,1,1
P000004450,2024-03-04,2025-03-04,Cobertura de robo,Kia Forte,2015,18392,700,Vencido,0,1
P000004451,2024-02-04,2025-02-03,Responsabilidad civil,Toyota Corolla,2012,48940,700,Al día,0,0
P000004452,2024-06-28,2025-06-28,Cobertura amplia,Ford Focus,2022,19615,700,Al día,0,0
P000004453,2023-02-19,2024-02-19,Cobertura de robo,Ford Focus,2014,24356,600,Vencido,1,0
P000004454,2025-01-20,2026-01-20,Cobertura de robo,Chevrolet Cruze,2014,42266,700,Al día,1,1
P000004455,2022-01-06,2023-01-06,Responsabilidad civil,Toyota Corolla,2011,39805,600,Vencido,1,1
P000004456,2021-06-21,2022-06-21,Cobertura de colisión,Ford Focus,2015,32908,700,Al día,0,1
P000004457,2022-07-25,2023-07-25,Cobertura amplia,Nissan Sentra,2012,47523,600,Al día,0,0
P000004458,2021-02-13,2022-02-13,Cobertura de colisión,Volkswagen Jetta,2021,29348,600,Al día,1,1
P000004459,2023-01-10,2024-01-10,Cobertura total,Toyota Corolla,2013,40409,700,Al día,1,0
P000004460,2022-08-23,2023-08-23,Cobertura amplia,Nissan Sentra,2014,35876,500,Al día,0,1
P000004461,2024-11-05,2025-11-05,Cobertura de robo,Toyota Corolla,2012,46894,500,Vencido,1,0
P000004462,2024-04-09,2025-04-09,Cobertura de colisión,Chevrolet Cruze,2015,18609,500,Vencido,0,0
P000004463,2022-03-14,2023-03-14,Cobertura de robo,Honda Civic,2019,22014,600,Vencido,0,1
P000004464,2021-08-20,2022-08-20,Cobertura de robo,Toyota Corolla,2015,29089,600,Vencido,0,0
P000004465,2021-09-04,2022-09-04,Responsabilidad civil,Hyundai Elantra,2022,37658,600,Al día,1,0
P000004466,2025-04-21,2026-04-21,Cobertura total,Honda Civic,2015,46417,500,Vencido,1,0
P000004467,2020-02-09,2021-02-08,Cobertura de colisión,Toyota Corolla,2012,30066,700,Vencido,0,0
P000004468,2021-12-24,2022-12-24,Cobertura total,Chevrolet Cruze,2019,12629,600,Al día,1,1
P000004469,2024-09-22,2025-09-22,Cobertura total,Kia Forte,2017,20134,600,Vencido,1,0
P000004470,2025-08-08,2026-08-08,Cobertura de robo,Toyota Corolla,2010,21956,500,Vencido,1,0
P000004471,2021-07-04,2022-07-04,Cobertura de colisión,Ford Focus,2016,19256,600,Vencido,0,0
P000004472,2025-10-18,2026-10-18,Cobertura amplia,Toyota Corolla,2015,28512,600,Al día,0,0
P000004473,2025-12-27,2026-12-27,Cobertura amplia,Subaru Impreza,2017,16926,600,Al día,1,0
P000004474,2023-07-17,2024-07-16,Responsabilidad civil,Kia Forte,2019,49960,600,Al día,0,1
P000004475,2025-06-16,2026-06-16,Cobertura de robo,Chevrolet Cruze,2018,29666,600,Vencido,1,1
P000004476,2023-05-13,2024-05-12,Responsabilidad civil,Toyota Corolla,2015,42857,700,Al día,0,1
P000004477,2022-10-24,2023-10-24,Cobertura de robo,Ford Focus,2012,26857,600,Vencido,0,0
P000004478,2020-07-14,2021-07-14,Cobertura de colisión,Chevrolet Cruze,2022,12976,700,Al día,0,0
P000004479,2024-06-19,2025-06-19,Cobertura amplia,Honda Civic,2022,26851,700,Vencido,1,1
P000004480,2021-02-09,2022-02-09,Cobertura de colisión,Volkswagen Jetta,2011,14934,600,Al día,0,1
P000004481,2021-10-31,2022-10-31,Responsabilidad civil,Mazda 3,2022,10502,500,Al día,0,1
P000004482,2020-09-02,2021-09-02,Cobertura amplia,Hyundai Elantra,2018,10782,500,Vencido,0,1
P000004483,2022-06-01,2023-06-01,Cobertura total,Ford Focus,2013,34855,600,Vencido,1,0
P000004484,2022-11-07,2023-11-07,Responsabilidad civil,Subaru Impreza,2012,49836,700,Vencido,1,1
P000004485,2025-05-05,2026-05-05,Cobertura amplia,Volkswagen Jetta,2020,20076,500,Al día,1,0
P000004486,2021-01-29,2022-01-29,Responsabilidad civil,Honda Civic,2010,43744,700,Vencido,1,1
P000004487,2025-01-16,2026-01-16,Cobertura total,Honda Civic,2013,28115,500,Al día,0,0
P000004488,2023-10-02,2024-10-01,Cobertura total,Honda Civic,2019,32141,600,Al día,1,1
P000004489,2022-11-30,2023-11-30,Cobertura de colisión,Nissan Sentra,2014,13737,600,Al día,1,1
P000004490,2024-01-18,2025-01-17,Cobertura total,Honda Civic,2014,47078,500,Vencido,1,1
P000004491,2024-01-15,2025-01-14,Cobertura de robo,Honda Civic,2015,47843,500,Al día,1,0
P000004492,2022-11-21,2023-11-21,Cobertura amplia,Hyundai Elantra,2010,13969,600,Al día,0,1
P000004493,2023-11-10,2024-11-09,Cobertura de robo,Chevrolet Cruze,2016,22631,700,Vencido,0,0
P000004494,2020-03-22,2021-03-22,Cobertura de robo,Nissan Sentra,2013,29374,500,Vencido,1,0
P000004495,2024-08-13,2025-08-13,Cobertura de robo,Kia Forte,2022,31628,600,Vencido,0,1
P000004496,2021-05-11,2022-05-11,Cobertura amplia,Volkswagen Jetta,2017,17324,700,Al día,1,0
P000004497,2023-12-09,2024-12-08,Cobertura total,Honda Civic,2022,35095,600,Al día,0,1
P000004498,2022-03-25,2023-03-25,Cobertura de robo,Ford Focus,2020,27952,600,Al día,0,0
P000004499,2021-12-15,2022-12-15,Cobertura amplia,Toyota Corolla,2014,38648,500,Vencido,0,1
P000004500,2023-03-11,2024-03-10,Cobertura de colisión,Honda Civic,2017,41277,500,Al día,0,0
P000004501,2023-12-25,2024-12-24,Cobertura amplia,Hyundai Elantra,2012,41324,500,Vencido,1,1
P000004502,2023-08-24,2024-08-23,Responsabilidad civil,Honda Civic,2016,25031,700,Vencido,1,0
P000004503,2025-09-21,2026-09-21,Cobertura total,Mazda 3,2018,28015,700,Vencido,0,1
P000004504,2025-06-19,2026-06-19,Cobertura total,Hyundai Elantra,2019,42349,700,Vencido,0,1
P000004505,2025-01-04,2026-01-04,Cobertura de robo,Toyota Corolla,2017,47040,600,Vencido,1,0
P000004506,2020-11-17,2021-11-17,Cobertura total,Ford Focus,2013,31371,600,Al día,0,1
P000004507,2024-04-09,2025-04-09,Cobertura amplia,Kia Forte,2014,24045,500,Al día,1,0
P000004508,2023-03-19,2024-03-18,Responsabilidad civil,Kia Forte,2016,29752,700,Al día,1,1
P000004509,2025-03-14,2026-03-14,Cobertura de robo,Subaru Impreza,2016,31756,500,Al día,0,0
P000004510,2021-08-16,2022-08-16,Cobertura de robo,Nissan Sentra,2019,43736,500,Vencido,0,1
P000004511,2021-11-17,2022-11-17,Cobertura de robo,Toyota Corolla,2013,34782,700,Al día,1,0
P000004512,2023-10-13,2024-10-12,Responsabilidad civil,Ford Focus,2021,42889,700,Vencido,1,0
P000004513,2024-09-23,2025-09-23,Responsabilidad civil,Ford Focus,2019,35094,600,Al día,1,1
P000004514,2024-07-15,2025-07-15,Cobertura de robo,Toyota Corolla,2014,31483,500,Vencido,1,0
P000004515,2020-10-19,2021-10-19,Cobertura de colisión,Toyota Corolla,2011,24942,700,Vencido,1,0
P000004516,2020-11-20,2021-11-20,Cobertura de colisión,Honda Civic,2021,45882,700,Vencido,0,1
P000004517,2021-10-25,2022-10-25,Responsabilidad civil,Toyota Corolla,2015,48354,700,Al día,1,1
P000004518,2023-11-08,2024-11-07,Cobertura de colisión,Volkswagen Jetta,2019,28342,700,Vencido,1,0
P000004519,2022-07-23,2023-07-23,Cobertura de robo,Kia Forte,2017,22921,700,Al día,1,1
P000004520,2023-07-08,2024-07-07,Cobertura amplia,Volkswagen Jetta,2020,11915,700,Vencido,0,0
P000004521,2023-07-21,2024-07-20,Cobertura de colisión,Volkswagen Jetta,2017,20558,700,Vencido,1,0
P000004522,2023-04-08,2024-04-07,Responsabilidad civil,Toyota Corolla,2020,41932,500,Al día,0,1
P000004523,2022-12-31,2023-12-31,Cobertura total,Ford Focus,2015,19918,600,Vencido,1,1
P000004524,2024-06-07,2025-06-07,Cobertura de robo,Mazda 3,2015,40997,600,Vencido,0,1
P000004525,2023-01-16,2024-01-16,Responsabilidad civil,Hyundai Elantra,2020,25579,500,Al día,1,1
P000004526,2024-12-27,2025-12-27,Cobertura de colisión,Toyota Corolla,2012,23430,600,Vencido,1,0
P000004527,2024-01-27,2025-01-26,Cobertura de robo,Subaru Impreza,2013,26564,700,Al día,0,1
P000004528,2025-11-03,2026-11-03,Cobertura amplia,Honda Civic,2017,22067,500,Vencido,1,1
P000004529,2025-01-18,2026-01-18,Cobertura de robo,Honda Civic,2015,38469,500,Vencido,0,1
P000004530,2024-08-22,2025-08-22,Cobertura de colisión,Hyundai Elantra,2018,30283,600,Vencido,1,0
P000004531,2021-11-16,2022-11-16,Cobertura amplia,Chevrolet Cruze,2015,14629,500,Al día,0,1
P000004532,2022-01-23,2023-01-23,Cobertura de robo,Honda Civic,2013,21134,500,Vencido,1,1
P000004533,2020-04-04,2021-04-04,Cobertura de robo,Honda Civic,2016,26740,700,Al día,0,0
P000004534,2021-05-27,2022-05-27,Cobertura de robo,Toyota Corolla,2011,25580,500,Vencido,0,0
P000004535,2022-08-19,2023-08-19,Cobertura total,Chevrolet Cruze,2016,48818,500,Vencido,1,0
P000004536,2022-10-27,2023-10-27,Cobertura de colisión,Kia Forte,2017,30772,600,Al día,1,1
P000004537,2020-11-23,2021-11-23,Cobertura total,Ford Focus,2017,25268,500,Vencido,1,0
P000004538,2022-05-12,2023-05-12,Cobertura total,Chevrolet Cruze,2019,19028,500,Al día,0,0
P000004539,2021-11-14,2022-11-14,Cobertura de colisión,Kia Forte,2017,19718,600,Vencido,0,0
P000004540,2024-06-14,2025-06-14,Cobertura total,Honda Civic,2017,37001,700,Vencido,0,0
P000004541,2021-02-25,2022-02-25,Cobertura de colisión,Hyundai Elantra,2022,17639,700,Al día,1,0
P000004542,2021-01-26,2022-01-26,Cobertura total,Ford Focus,2018,38252,600,Al día,1,1
P000004543,2020-09-18,2021-09-18,Cobertura de colisión,Toyota Corolla,2014,31947,700,Vencido,1,1
P000004544,2025-04-22,2026-04-22,Cobertura de robo,Subaru Impreza,2012,40115,600,Al día,1,0
P000004545,2020-08-08,2021-08-08,Cobertura total,Subaru Impreza,2013,43733,700,Al día,1,1
P000004546,2020-04-17,2021-04-17,Cobertura de colisión,Nissan Sentra,2022,41603,700,Al día,0,1
P000004547,2024-06-14,2025-06-14,Cobertura total,Honda Civic,2020,20442,700,Vencido,1,1
P000004548,2025-11-16,2026-11-16,Cobertura de colisión,Subaru Impreza,2011,21272,700,Al día,1,1
P000004549,2020-12-06,2021-12-06,Cobertura total,Mazda 3,2014,43808,600,Vencido,1,0
P000004550,2021-03-01,2022-03-01,Cobertura de colisión,Volkswagen Jetta,2010,40281,700,Al día,0,1
P000004551,2022-12-11,2023-12-11,Responsabilidad civil,Subaru Impreza,2010,17770,500,Al día,1,1
P000004552,2021-09-28,2022-09-28,Responsabilidad civil,Honda Civic,2011,31130,700,Al día,0,1
P000004553,2020-12-11,2021-12-11,Cobertura de colisión,Nissan Sentra,2014,39761,600,Al día,1,1
P000004554,2024-05-15,2025-05-15,Cobertura de colisión,Honda Civic,2017,48805,700,Al día,1,0
P000004555,2023-06-21,2024-06-20,Responsabilidad civil,Ford Focus,2020,28199,700,Al día,1,0
P000004556,2022-07-28,2023-07-28,Cobertura amplia,Volkswagen Jetta,2016,11119,700,Vencido,0,0
P000004557,2022-10-10,2023-10-10,Cobertura amplia,Toyota Corolla,2018,38400,700,Vencido,1,1
P000004558,2023-03-09,2024-03-08,Cobertura de colisión,Toyota Corolla,2010,19371,600,Al día,1,0
P000004559,2024-12-20,2025-12-20,Cobertura amplia,Volkswagen Jetta,2021,15013,600,Vencido,1,0
P000004560,2021-06-01,2022-06-01,Responsabilidad civil,Ford Focus,2020,31304,600,Vencido,0,1
P000004561,2021-06-21,2022-06-21,Cobertura amplia,Toyota Corolla,2014,28873,500,Vencido,0,0
P000004562,2025-11-27,2026-11-27,Cobertura amplia,Chevrolet Cruze,2013,17706,500,Al día,0,0
P000004563,2021-11-29,2022-11-29,Cobertura amplia,Toyota Corolla,2011,29950,600,Al día,1,0
P000004564,2020-04-27,2021-04-27,Cobertura de colisión,Kia Forte,2020,49103,700,Al día,0,0
P000004565,2020-05-23,2021-05-23,Cobertura amplia,Volkswagen Jetta,2017,44708,500,Vencido,0,0
P000004566,2024-01-01,2024-12-31,Cobertura total,Hyundai Elantra,2017,42601,700,Al día,0,0
P000004567,2023-08-25,2024-08-24,Cobertura amplia,Kia Forte,2020,23457,700,Vencido,0,1
P000004568,2025-05-04,2026-05-04,Cobertura de colisión,Honda Civic,2015,29968,600,Al día,1,1
P000004569,2025-03-28,2026-03-28,Cobertura total,Kia Forte,2013,11205,700,Vencido,0,0
P000004570,2023-01-20,2024-01-20,Cobertura total,Toyota Corolla,2016,37341,500,Vencido,0,1
P000004571,2024-12-27,2025-12-27,Cobertura de robo,Mazda 3,2020,39761,500,Al día,0,0
P000004572,2021-07-07,2022-07-07,Cobertura amplia,Chevrolet Cruze,2013,26736,700,Vencido,0,0
P000004573,2021-12-26,2022-12-26,Cobertura amplia,Ford Focus,2020,49248,500,Vencido,0,1
P000004574,2025-02-13,2026-02-13,Cobertura amplia,Toyota Corolla,2022,48942,600,Al día,1,1
P000004575,2024-11-16,2025-11-16,Cobertura de colisión,Toyota Corolla,2022,15253,700,Vencido,0,1
P000004576,2025-11-14,2026-11-14,Responsabilidad civil,Ford Focus,2014,10862,500,Al día,1,1
P000004577,2025-12-26,2026-12-26,Cobertura de robo,Toyota Corolla,2013,21416,600,Vencido,1,0
P000004578,2023-06-22,2024-06-21,Cobertura de robo,Ford Focus,2020,29257,500,Al día,0,1
P000004579,2023-11-23,2024-11-22,Cobertura de robo,Chevrolet Cruze,2019,44154,500,Al día,1,0
P000004580,2025-05-26,2026-05-26,Cobertura amplia,Chevrolet Cruze,2021,39589,600,Al día,1,0
P000004581,2022-07-19,2023-07-19,Cobertura de colisión,Hyundai Elantra,2014,28299,700,Al día,0,0
P000004582,2021-01-01,2022-01-01,Cobertura total,Toyota Corolla,2013,47875,500,Al día,0,0
P000004583,2024-12-14,2025-12-14,Cobertura de robo,Toyota Corolla,2018,41880,700,Al día,0,1
P000004584,2023-06-15,2024-06-14,Cobertura amplia,Kia Forte,2015,47985,500,Al día,0,1
P000004585,2024-02-07,2025-02-06,Cobertura total,Honda Civic,2018,39555,500,Al día,0,1
P000004586,2024-08-15,2025-08-15,Cobertura de robo,Toyota Corolla,2015,47167,500,Al día,0,1
P000004587,2022-11-30,2023-11-30,Responsabilidad civil,Toyota Corolla,2020,24024,600,Al día,1,0
P000004588,2021-09-29,2022-09-29,Responsabilidad civil,Ford Focus,2013,16598,700,Vencido,1,1
P000004589,2023-05-28,2024-05-27,Responsabilidad civil,Honda Civic,2015,35332,500,Al día,1,0
P000004590,2020-02-13,2021-02-12,Cobertura de colisión,Hyundai Elantra,2017,47308,500,Vencido,0,0
P000004591,2020-01-01,2020-12-31,Cobertura total,Hyundai Elantra,2021,41641,700,Vencido,0,0
P000004592,2025-11-13,2026-11-13,Cobertura total,Hyundai Elantra,2015,13051,600,Al día,1,0
P000004593,2021-07-12,2022-07-12,Responsabilidad civil,Honda Civic,2018,11060,600,Al día,1,1
P000004594,2023-11-09,2024-11-08,Cobertura total,Hyundai Elantra,2017,38793,600,Al día,0,0
P000004595,2023-03-20,2024-03-19,Cobertura de robo,Nissan Sentra,2018,43159,500,Vencido,1,1
P000004596,2025-04-05,2026-04-05,Responsabilidad civil,Volkswagen Jetta,2012,11963,700,Al día,1,1
P000004597,2025-12-31,2026-12-31,Responsabilidad civil,Ford Focus,2022,20823,600,Al día,0,0
P000004598,2020-02-04,2021-02-03,Responsabilidad civil,Toyota Corolla,2012,31024,700,Al día,1,0
P000004599,2025-07-07,2026-07-07,Cobertura de robo,Hyundai Elantra,2020,32176,700,Al día,0,1
P000004600,2025-05-08,2026-05-08,Cobertura de robo,Volkswagen Jetta,2016,39163,500,Al día,1,1
P000004601,2023-05-12,2024-05-11,Cobertura total,Subaru Impreza,2021,38238,500,Vencido,0,0
P000004602,2020-02-07,2021-02-06,Cobertura de robo,Volkswagen Jetta,2020,48162,500,Vencido,0,1
P000004603,2024-10-29,2025-10-29,Cobertura de colisión,Nissan Sentra,2012,34707,700,Vencido,0,0
P000004604,2023-04-14,2024-04-13,Responsabilidad civil,Chevrolet Cruze,2013,22855,700,Al día,0,0
P000004605,2022-08-05,2023-08-05,Cobertura amplia,Toyota Corolla,2020,35107,500,Al día,1,1
P000004606,2020-01-30,2021-01-29,Cobertura de colisión,Chevrolet Cruze,2014,46887,600,Vencido,1,0
P000004607,2024-03-10,2025-03-10,Cobertura de colisión,Hyundai Elantra,2014,10964,700,Vencido,0,1
P000004608,2022-02-11,2023-02-11,Responsabilidad civil,Volkswagen Jetta,2015,33970,500,Vencido,0,1
P000004609,2024-08-13,2025-08-13,Responsabilidad civil,Nissan Sentra,2017,11599,500,Al día,0,1
P000004610,2024-11-25,2025-11-25,Cobertura amplia,Hyundai Elantra,2020,27391,500,Vencido,1,0
P000004611,2024-06-04,2025-06-04,Cobertura amplia,Mazda 3,2012,42470,500,Al día,1,0
P000004612,2022-10-20,2023-10-20,Cobertura de colisión,Honda Civic,2020,31355,500,Al día,0,0
P000004613,2021-10-30,2022-10-30,Cobertura amplia,Nissan Sentra,2015,13172,500,Al día,1,1
P000004614,2024-05-15,2025-05-15,Cobertura amplia,Toyota Corolla,2012,22056,700,Al día,1,0
P000004615,2024-03-29,2025-03-29,Responsabilidad civil,Chevrolet Cruze,2012,16044,500,Vencido,1,0
P000004616,2022-06-22,2023-06-22,Cobertura total,Ford Focus,2019,20946,500,Vencido,0,1
P000004617,2022-12-13,2023-12-13,Cobertura de robo,Toyota Corolla,2016,26602,600,Al día,1,1
P000004618,2020-11-20,2021-11-20,Cobertura de robo,Chevrolet Cruze,2021,17416,500,Al día,0,1
P000004619,2024-09-25,2025-09-25,Cobertura de robo,Mazda 3,2012,24964,600,Al día,1,1
P000004620,2022-09-08,2023-09-08,Cobertura de robo,Volkswagen Jetta,2010,26130,700,Vencido,0,1
P000004621,2025-10-17,2026-10-17,Cobertura amplia,Nissan Sentra,2010,24769,700,Vencido,0,1
P000004622,2023-01-18,2024-01-18,Cobertura amplia,Kia Forte,2022,17804,600,Vencido,0,1
P000004623,2023-03-12,2024-03-11,Cobertura de robo,Nissan Sentra,2020,38353,600,Al día,1,1
P000004624,2025-12-18,2026-12-18,Cobertura de robo,Nissan Sentra,2015,31261,700,Al día,1,1
P000004625,2023-01-06,2024-01-06,Cobertura total,Chevrolet Cruze,2015,38565,600,Al día,0,0
P000004626,2024-08-18,2025-08-18,Cobertura de robo,Honda Civic,2012,44091,500,Vencido,0,0
P000004627,2022-02-09,2023-02-09,Cobertura de robo,Subaru Impreza,2012,48921,500,Vencido,1,1
P000004628,2020-10-07,2021-10-07,Cobertura total,Hyundai Elantra,2019,47973,700,Vencido,0,0
P000004629,2022-01-17,2023-01-17,Cobertura de colisión,Ford Focus,2012,47996,500,Vencido,0,1
P000004630,2021-07-13,2022-07-13,Cobertura total,Chevrolet Cruze,2019,39067,700,Al día,1,0
P000004631,2023-04-01,2024-03-31,Cobertura de robo,Kia Forte,2017,13338,600,Al día,1,1
P000004632,2021-03-28,2022-03-28,Cobertura total,Kia Forte,2013,27873,500,Vencido,0,0
P000004633,2025-02-08,2026-02-08,Cobertura amplia,Honda Civic,2020,46438,500,Vencido,0,1
P000004634,2025-01-28,2026-01-28,Cobertura amplia,Mazda 3,2010,17063,600,Vencido,0,0
P000004635,2023-01-19,2024-01-19,Cobertura total,Hyundai Elantra,2018,36601,600,Vencido,0,0
P000004636,2025-07-08,2026-07-08,Cobertura de colisión,Subaru Impreza,2013,13187,700,Vencido,0,0
P000004637,2022-02-08,2023-02-08,Cobertura de colisión,Honda Civic,2019,17615,500,Al día,1,1
P000004638,2023-08-06,2024-08-05,Cobertura de robo,Chevrolet Cruze,2015,27147,600,Al día,1,0
P000004639,2020-03-20,2021-03-20,Cobertura de colisión,Kia Forte,2011,10386,500,Vencido,0,1
P000004640,2021-09-15,2022-09-15,Cobertura de robo,Mazda 3,2011,14977,700,Vencido,0,1
P000004641,2020-07-22,2021-07-22,Cobertura de colisión,Hyundai Elantra,2012,49678,700,Al día,0,1
P000004642,2025-12-31,2026-12-31,Cobertura de colisión,Kia Forte,2022,37167,500,Al día,1,0
P000004643,2020-03-31,2021-03-31,Cobertura amplia,Volkswagen Jetta,2016,48848,600,Vencido,1,0
P000004644,2022-01-31,2023-01-31,Cobertura de colisión,Nissan Sentra,2022,49463,600,Al día,1,1
P000004645,2021-02-22,2022-02-22,Cobertura de colisión,Toyota Corolla,2018,39417,600,Al día,1,0
P000004646,2023-03-01,2024-02-29,Cobertura de robo,Kia Forte,2020,27835,700,Al día,1,0
P000004647,2023-01-07,2024-01-07,Cobertura de colisión,Volkswagen Jetta,2016,22453,600,Al día,1,1
P000004648,2021-05-27,2022-05-27,Cobertura de colisión,Hyundai Elantra,2016,36638,500,Vencido,0,1
P000004649,2024-11-30,2025-11-30,Cobertura amplia,Ford Focus,2014,29406,600,Al día,1,1
P000004650,2020-02-03,2021-02-02,Cobertura total,Honda Civic,2015,47460,500,Al día,0,1
P000004651,2022-08-11,2023-08-11,Responsabilidad civil,Kia Forte,2020,29979,500,Vencido,0,0
P000004652,2021-01-04,2022-01-04,Cobertura de robo,Honda Civic,2018,14422,700,Vencido,0,1
P000004653,2021-09-09,2022-09-09,Responsabilidad civil,Ford Focus,2013,36693,500,Vencido,1,0
P000004654,2020-03-01,2021-03-01,Cobertura de colisión,Honda Civic,2010,33331,700,Al día,1,0
P000004655,2025-07-14,2026-07-14,Responsabilidad civil,Toyota Corolla,2015,34269,500,Vencido,1,0
P000004656,2022-06-08,2023-06-08,Cobertura amplia,Subaru Impreza,2010,16968,500,Vencido,0,0
P000004657,2023-11-01,2024-10-31,Cobertura amplia,Toyota Corolla,2017,14527,500,Vencido,1,0
P000004658,2024-09-17,2025-09-17,Cobertura de robo,Chevrolet Cruze,2020,39332,500,Al día,0,0
P000004659,2023-06-30,2024-06-29,Cobertura de robo,Ford Focus,2011,19622,500,Vencido,0,0
P000004660,2025-08-03,2026-08-03,Cobertura total,Toyota Corolla,2018,13628,600,Vencido,0,0
P000004661,2024-03-01,2025-03-01,Cobertura de robo,Subaru Impreza,2011,31828,700,Vencido,1,1
P000004662,2025-03-14,2026-03-14,Responsabilidad civil,Kia Forte,2010,33166,700,Al día,0,1
P000004663,2020-05-09,2021-05-09,Cobertura de colisión,Subaru Impreza,2015,17291,600,Vencido,1,1
P000004664,2023-09-14,2024-09-13,Cobertura total,Toyota Corolla,2017,48230,500,Al día,0,0
P000004665,2020-11-24,2021-11-24,Cobertura de colisión,Hyundai Elantra,2012,11543,600,Al día,0,1
P000004666,2021-08-21,2022-08-21,Responsabilidad civil,Volkswagen Jetta,2022,18181,700,Al día,0,0
P000004667,2020-08-17,2021-08-17,Cobertura amplia,Chevrolet Cruze,2019,26953,500,Vencido,0,1
P000004668,2022-12-27,2023-12-27,Responsabilidad civil,Volkswagen Jetta,2012,33389,500,Vencido,1,1
P000004669,2024-05-26,2025-05-26,Cobertura de colisión,Toyota Corolla,2013,10369,600,Vencido,1,1
P000004670,2020-10-19,2021-10-19,Cobertura de colisión,Toyota Corolla,2022,10526,600,Vencido,1,1
P000004671,2025-04-09,2026-04-09,Cobertura amplia,Mazda 3,2013,13957,700,Vencido,1,0
P000004672,2022-01-13,2023-01-13,Cobertura amplia,Toyota Corolla,2018,17109,500,Vencido,0,1
P000004673,2022-02-26,2023-02-26,Cobertura amplia,Mazda 3,2013,39216,700,Vencido,1,1
P000004674,2022-10-21,2023-10-21,Cobertura de colisión,Honda Civic,2013,49730,600,Vencido,0,1
P000004675,2024-04-11,2025-04-11,Cobertura total,Mazda 3,2012,24898,500,Al día,0,1
P000004676,2020-02-21,2021-02-20,Responsabilidad civil,Kia Forte,2012,31071,600,Vencido,0,1
P000004677,2021-05-14,2022-05-14,Cobertura amplia,Toyota Corolla,2017,35980,700,Al día,0,1
P000004678,2022-10-16,2023-10-16,Cobertura de colisión,Toyota Corolla,2011,17145,700,Vencido,0,0
P000004679,2024-04-25,2025-04-25,Cobertura amplia,Honda Civic,2022,38123,600,Vencido,0,1
P000004680,2024-12-19,2025-12-19,Responsabilidad civil,Ford Focus,2013,21174,500,Al día,1,1
P000004681,2022-10-09,2023-10-09,Cobertura total,Toyota Corolla,2020,20043,600,Vencido,1,1
P000004682,2020-05-17,2021-05-17,Cobertura de robo,Kia Forte,2020,14374,700,Vencido,0,1
P000004683,2022-03-26,2023-03-26,Cobertura amplia,Ford Focus,2015,28295,700,Al día,0,0
P000004684,2025-03-02,2026-03-02,Cobertura de colisión,Volkswagen Jetta,2012,23261,600,Vencido,1,0
P000004685,2021-01-19,2022-01-19,Cobertura de robo,Honda Civic,2011,12711,600,Vencido,0,1
P000004686,2025-11-04,2026-11-04,Responsabilidad civil,Subaru Impreza,2018,29171,500,Vencido,0,1
P000004687,2022-05-03,2023-05-03,Cobertura de colisión,Hyundai Elantra,2019,17442,500,Al día,0,0
P000004688,2025-04-20,2026-04-20,Cobertura de robo,Ford Focus,2012,14293,700,Al día,0,1
P000004689,2024-05-12,2025-05-12,Cobertura de robo,Subaru Impreza,2010,13964,500,Al día,1,1
P000004690,2023-07-02,2024-07-01,Cobertura de robo,Volkswagen Jetta,2021,13595,700,Vencido,0,0
P000004691,2023-08-16,2024-08-15,Cobertura total,Honda Civic,2011,38565,600,Vencido,1,1
P000004692,2021-10-11,2022-10-11,Cobertura total,Ford Focus,2019,14677,600,Vencido,1,1
P000004693,2020-06-21,2021-06-21,Cobertura de robo,Chevrolet Cruze,2011,27674,700,Vencido,1,1
P000004694,2025-11-03,2026-11-03,Cobertura de colisión,Chevrolet Cruze,2015,22042,600,Vencido,0,0
P000004695,2021-05-15,2022-05-15,Cobertura de colisión,Nissan Sentra,2022,38565,700,Al día,1,0
P000004696,2022-11-03,2023-11-03,Responsabilidad civil,Honda Civic,2014,22893,500,Vencido,0,1
P000004697,2025-05-25,2026-05-25,Cobertura de robo,Honda Civic,2011,18283,700,Al día,0,1
P000004698,2023-05-08,2024-05-07,Cobertura total,Toyota Corolla,2013,32085,600,Al día,1,1
P000004699,2022-03-24,2023-03-24,Cobertura amplia,Ford Focus,2015,22869,700,Vencido,0,0
P000004700,2024-01-16,2025-01-15,Cobertura total,Toyota Corolla,2010,19800,700,Al día,1,0
P000004701,2020-08-01,2021-08-01,Cobertura de robo,Ford Focus,2021,26732,600,Al día,0,1
P000004702,2022-06-11,2023-06-11,Responsabilidad civil,Ford Focus,2022,42452,500,Vencido,1,0
P000004703,2021-04-07,2022-04-07,Responsabilidad civil,Chevrolet Cruze,2015,21067,500,Al día,1,1
P000004704,2022-08-24,2023-08-24,Cobertura total,Toyota Corolla,2010,42036,500,Vencido,1,0
P000004705,2024-11-13,2025-11-13,Cobertura de robo,Chevrolet Cruze,2011,47610,500,Al día,1,0
P000004706,2023-08-22,2024-08-21,Cobertura amplia,Ford Focus,2011,14719,600,Al día,0,0
P000004707,2020-03-02,2021-03-02,Cobertura de robo,Hyundai Elantra,2016,48295,500,Vencido,0,0
P000004708,2021-11-16,2022-11-16,Cobertura amplia,Kia Forte,2010,11805,600,Vencido,0,1
P000004709,2023-02-04,2024-02-04,Cobertura amplia,Hyundai Elantra,2010,22280,600,Al día,1,0
P000004710,2021-05-05,2022-05-05,Cobertura de robo,Honda Civic,2021,16917,600,Vencido,0,0
P000004711,2024-06-09,2025-06-09,Cobertura total,Nissan Sentra,2014,24035,700,Al día,0,0
P000004712,2022-09-22,2023-09-22,Cobertura amplia,Subaru Impreza,2014,10429,600,Al día,0,0
P000004713,2020-02-06,2021-02-05,Responsabilidad civil,Chevrolet Cruze,2020,25450,600,Vencido,0,1
P000004714,2020-06-21,2021-06-21,Cobertura de robo,Chevrolet Cruze,2020,49623,500,Al día,1,0
P000004715,2025-04-30,2026-04-30,Cobertura de colisión,Subaru Impreza,2012,22068,500,Vencido,1,1
P000004716,2021-09-26,2022-09-26,Cobertura de robo,Ford Focus,2011,43199,500,Vencido,1,1
P000004717,2024-03-01,2025-03-01,Responsabilidad civil,Kia Forte,2011,14330,700,Vencido,0,1
P000004718,2021-01-01,2022-01-01,Cobertura de colisión,Honda Civic,2011,11102,700,Vencido,0,1
P000004719,2022-10-15,2023-10-15,Cobertura total,Kia Forte,2012,24880,700,Vencido,0,0
P000004720,2021-10-07,2022-10-07,Cobertura de colisión,Ford Focus,2012,14710,700,Al día,0,1
P000004721,2025-08-09,2026-08-09,Cobertura total,Toyota Corolla,2019,45509,600,Al día,0,1
P000004722,2021-01-09,2022-01-09,Cobertura amplia,Hyundai Elantra,2017,14810,500,Vencido,1,1
P000004723,2023-10-18,2024-10-17,Cobertura amplia,Kia Forte,2018,28205,700,Vencido,1,1
P000004724,2020-09-02,2021-09-02,Cobertura total,Toyota Corolla,2017,39228,600,Al día,0,1
P000004725,2020-09-01,2021-09-01,Responsabilidad civil,Toyota Corolla,2010,12923,700,Vencido,0,0
P000004726,2023-12-27,2024-12-26,Cobertura amplia,Honda Civic,2020,32730,700,Vencido,1,1
P000004727,2021-09-22,2022-09-22,Responsabilidad civil,Chevrolet Cruze,2019,37274,500,Vencido,0,0
P000004728,2021-03-15,2022-03-15,Responsabilidad civil,Toyota Corolla,2013,35437,600,Vencido,1,0
P000004729,2021-05-30,2022-05-30,Cobertura amplia,Honda Civic,2022,33604,600,Al día,1,0
P000004730,2025-06-21,2026-06-21,Responsabilidad civil,Kia Forte,2016,25987,600,Vencido,0,0
P000004731,2022-08-11,2023-08-11,Cobertura de robo,Toyota Corolla,2015,16535,600,Vencido,1,0
P000004732,2023-07-21,2024-07-20,Cobertura de colisión,Mazda 3,2010,39306,600,Al día,0,1
P000004733,2023-11-23,2024-11-22,Cobertura de robo,Subaru Impreza,2019,38640,500,Vencido,1,0
P000004734,2024-12-01,2025-12-01,Cobertura de colisión,Hyundai Elantra,2011,39845,600,Al día,0,1
P000004735,2022-03-01,2023-03-01,Cobertura de robo,Ford Focus,2017,40671,700,Al día,1,1
P000004736,2020-03-28,2021-03-28,Cobertura total,Toyota Corolla,2020,41229,500,Vencido,0,0
P000004737,2024-03-27,2025-03-27,Cobertura de colisión,Toyota Corolla,2020,44668,600,Al día,0,1
P000004738,2024-01-07,2025-01-06,Cobertura de colisión,Volkswagen Jetta,2021,35846,500,Al día,0,1
P000004739,2021-07-05,2022-07-05,Cobertura total,Ford Focus,2017,35612,500,Vencido,1,1
P000004740,2022-10-23,2023-10-23,Responsabilidad civil,Volkswagen Jetta,2017,27352,700,Al día,1,1
P000004741,2020-06-10,2021-06-10,Responsabilidad civil,Honda Civic,2011,37463,500,Vencido,1,1
P000004742,2025-06-10,2026-06-10,Cobertura de colisión,Honda Civic,2012,36940,700,Al día,1,0
P000004743,2024-11-27,2025-11-27,Cobertura de robo,Volkswagen Jetta,2018,27834,500,Al día,1,1
P000004744,2023-04-22,2024-04-21,Cobertura de colisión,Chevrolet Cruze,2016,40767,700,Al día,0,1
P000004745,2025-06-30,2026-06-30,Cobertura total,Chevrolet Cruze,2017,33803,600,Vencido,0,0
P000004746,2022-02-16,2023-02-16,Cobertura amplia,Kia Forte,2021,44638,500,Al día,0,1
P000004747,2022-02-03,2023-02-03,Cobertura amplia,Ford Focus,2013,15846,500,Vencido,0,0
P000004748,2023-11-25,2024-11-24,Cobertura de colisión,Toyota Corolla,2021,23324,700,Vencido,0,0
P000004749,2023-08-18,2024-08-17,Responsabilidad civil,Volkswagen Jetta,2017,18487,500,Vencido,0,0
P000004750,2025-04-02,2026-04-02,Cobertura amplia,Subaru Impreza,2015,47174,600,Al día,1,0
P000004751,2023-02-01,2024-02-01,Responsabilidad civil,Toyota Corolla,2014,43753,600,Vencido,0,0
P000004752,2021-10-18,2022-10-18,Cobertura de robo,Kia Forte,2021,26380,600,Al día,0,1
P000004753,2020-10-09,2021-10-09,Responsabilidad civil,Subaru Impreza,2017,22152,600,Vencido,1,0
P000004754,2025-12-15,2026-12-15,Cobertura de robo,Kia Forte,2015,43839,700,Al día,0,0
P000004755,2021-09-26,2022-09-26,Cobertura total,Nissan Sentra,2019,39019,700,Al día,0,1
P000004756,2025-01-14,2026-01-14,Cobertura amplia,Honda Civic,2011,39318,500,Al día,1,1
P000004757,2023-04-26,2024-04-25,Responsabilidad civil,Kia Forte,2012,22213,500,Vencido,0,0
P000004758,2022-12-14,2023-12-14,Cobertura total,Toyota Corolla,2020,29631,500,Al día,0,0
P000004759,2024-02-12,2025-02-11,Cobertura amplia,Hyundai Elantra,2011,34251,600,Vencido,1,1
P000004760,2025-02-02,2026-02-02,Responsabilidad civil,Volkswagen Jetta,2019,42544,500,Vencido,1,0
P000004761,2020-01-03,2021-01-02,Cobertura de colisión,Honda Civic,2022,13681,500,Vencido,1,0
P000004762,2025-09-03,2026-09-03,Cobertura de colisión,Honda Civic,2020,43109,500,Vencido,1,0
P000004763,2024-04-01,2025-04-01,Cobertura de colisión,Toyota Corolla,2014,39882,700,Al día,1,1
P000004764,2022-01-29,2023-01-29,Cobertura amplia,Kia Forte,2022,33018,700,Vencido,1,1
P000004765,2020-03-17,2021-03-17,Cobertura total,Toyota Corolla,2016,46301,500,Vencido,1,0
P000004766,2024-01-31,2025-01-30,Cobertura total,Ford Focus,2016,22213,700,Vencido,1,0
P000004767,2022-09-05,2023-09-05,Cobertura de colisión,Nissan Sentra,2011,11070,500,Vencido,1,0
P000004768,2023-08-06,2024-08-05,Responsabilidad civil,Chevrolet Cruze,2020,33729,700,Al día,1,0
P000004769,2020-09-16,2021-09-16,Cobertura total,Toyota Corolla,2010,34481,500,Al día,1,1
P000004770,2024-05-06,2025-05-06,Cobertura de colisión,Nissan Sentra,2021,12556,700,Vencido,1,1
P000004771,2022-02-16,2023-02-16,Cobertura total,Hyundai Elantra,2018,46866,600,Al día,0,0
P000004772,2025-11-16,2026-11-16,Cobertura amplia,Ford Focus,2017,28355,600,Vencido,1,0
P000004773,2025-07-30,2026-07-30,Cobertura de colisión,Chevrolet Cruze,2019,39974,700,Al día,0,1
P000004774,2021-09-23,2022-09-23,Responsabilidad civil,Toyota Corolla,2015,14449,700,Al día,0,0
P000004775,2023-03-05,2024-03-04,Cobertura total,Kia Forte,2010,45693,600,Al día,1,0
P000004776,2023-08-14,2024-08-13,Cobertura amplia,Chevrolet Cruze,2014,18508,700,Al día,1,0
P000004777,2024-08-05,2025-08-05,Cobertura total,Chevrolet Cruze,2021,47906,500,Vencido,1,0
P000004778,2023-08-12,2024-08-11,Responsabilidad civil,Hyundai Elantra,2021,48519,500,Al día,1,1
P000004779,2021-03-28,2022-03-28,Cobertura de colisión,Nissan Sentra,2012,31186,600,Al día,1,0
P000004780,2021-01-29,2022-01-29,Responsabilidad civil,Nissan Sentra,2018,25302,600,Al día,0,1
P000004781,2025-11-13,2026-11-13,Responsabilidad civil,Toyota Corolla,2012,25796,600,Vencido,0,1
P000004782,2020-09-30,2021-09-30,Responsabilidad civil,Toyota Corolla,2017,42997,600,Vencido,1,0
P000004783,2020-06-28,2021-06-28,Cobertura total,Chevrolet Cruze,2018,46122,500,Vencido,0,1
P000004784,2021-06-15,2022-06-15,Cobertura total,Toyota Corolla,2018,22528,500,Al día,1,0
P000004785,2022-01-01,2023-01-01,Cobertura amplia,Toyota Corolla,2017,15290,600,Al día,1,0
P000004786,2020-05-08,2021-05-08,Responsabilidad civil,Chevrolet Cruze,2015,44943,600,Al día,1,0
P000004787,2022-04-07,2023-04-07,Cobertura total,Nissan Sentra,2013,47894,600,Al día,0,1
P000004788,2021-03-14,2022-03-14,Responsabilidad civil,Honda Civic,2018,41421,500,Vencido,1,1
P000004789,2025-06-11,2026-06-11,Cobertura de colisión,Honda Civic,2016,21178,600,Al día,1,1
P000004790,2022-02-23,2023-02-23,Responsabilidad civil,Ford Focus,2013,14890,500,Al día,1,0
P000004791,2021-02-08,2022-02-08,Cobertura total,Kia Forte,2019,30695,600,Al día,1,1
P000004792,2020-05-10,2021-05-10,Cobertura de robo,Kia Forte,2015,41169,600,Al día,1,0
P000004793,2024-05-10,2025-05-10,Cobertura total,Nissan Sentra,2018,42918,700,Al día,0,0
P000004794,2025-06-29,2026-06-29,Cobertura amplia,Toyota Corolla,2010,11213,600,Al día,1,0
P000004795,2025-11-23,2026-11-23,Responsabilidad civil,Toyota Corolla,2012,14979,600,Vencido,1,0
P000004796,2022-11-14,2023-11-14,Cobertura amplia,Ford Focus,2019,45274,500,Al día,1,1
P000004797,2020-07-20,2021-07-20,Cobertura total,Hyundai Elantra,2014,35818,500,Al día,1,0
P000004798,2024-02-09,2025-02-08,Cobertura amplia,Toyota Corolla,2020,23649,500,Vencido,0,0
P000004799,2022-06-23,2023-06-23,Cobertura de colisión,Subaru Impreza,2013,16809,500,Al día,1,0
P000004800,2020-10-17,2021-10-17,Cobertura de robo,Toyota Corolla,2018,29105,600,Vencido,1,0
P000004801,2020-02-23,2021-02-22,Cobertura amplia,Honda Civic,2013,43621,700,Al día,0,1
P000004802,2022-05-04,2023-05-04,Cobertura de colisión,Ford Focus,2017,11080,600,Al día,1,0
P000004803,2025-07-05,2026-07-05,Cobertura de robo,Toyota Corolla,2016,27986,500,Vencido,0,1
P000004804,2020-11-23,2021-11-23,Cobertura total,Nissan Sentra,2012,44131,600,Vencido,1,0
P000004805,2025-04-01,2026-04-01,Cobertura amplia,Nissan Sentra,2015,45028,600,Vencido,1,1
P000004806,2020-09-05,2021-09-05,Responsabilidad civil,Honda Civic,2010,21869,600,Vencido,0,0
P000004807,2024-01-18,2025-01-17,Cobertura amplia,Honda Civic,2016,15081,500,Al día,1,0
P000004808,2024-08-30,2025-08-30,Cobertura total,Toyota Corolla,2019,47749,500,Al día,1,0
P000004809,2024-02-20,2025-02-19,Cobertura total,Kia Forte,2011,35640,700,Al día,1,1
P000004810,2020-08-26,2021-08-26,Cobertura amplia,Chevrolet Cruze,2017,18367,500,Vencido,1,0
P000004811,2022-12-24,2023-12-24,Cobertura de robo,Hyundai Elantra,2013,26145,500,Vencido,0,1
P000004812,2025-12-06,2026-12-06,Cobertura total,Hyundai Elantra,2012,28548,700,Vencido,0,0
P000004813,2020-06-15,2021-06-15,Cobertura total,Hyundai Elantra,2021,12620,700,Vencido,1,1
P000004814,2020-10-15,2021-10-15,Responsabilidad civil,Nissan Sentra,2021,49493,600,Al día,0,0
P000004815,2023-05-29,2024-05-28,Cobertura amplia,Honda Civic,2019,17273,500,Al día,1,0
P000004816,2020-11-15,2021-11-15,Cobertura de robo,Nissan Sentra,2012,41256,600,Vencido,1,0
P000004817,2022-06-03,2023-06-03,Cobertura total,Ford Focus,2022,13541,700,Al día,1,0
P000004818,2025-10-28,2026-10-28,Cobertura de robo,Toyota Corolla,2019,46713,700,Vencido,1,1
P000004819,2021-02-01,2022-02-01,Cobertura amplia,Hyundai Elantra,2016,49980,500,Al día,1,1
P000004820,2021-02-18,2022-02-18,Cobertura total,Ford Focus,2018,23120,700,Vencido,1,1
P000004821,2022-08-04,2023-08-04,Cobertura total,Honda Civic,2014,47616,600,Vencido,1,0
P000004822,2025-12-17,2026-12-17,Cobertura de colisión,Chevrolet Cruze,2012,33940,500,Vencido,0,0
P000004823,2024-04-27,2025-04-27,Responsabilidad civil,Toyota Corolla,2019,39400,700,Al día,1,0
P000004824,2022-02-15,2023-02-15,Cobertura total,Ford Focus,2018,13837,600,Al día,1,1
P000004825,2022-03-02,2023-03-02,Responsabilidad civil,Mazda 3,2018,10803,600,Vencido,0,0
P000004826,2025-11-25,2026-11-25,Cobertura de robo,Hyundai Elantra,2011,20360,500,Al día,0,0
P000004827,2022-10-15,2023-10-15,Responsabilidad civil,Toyota Corolla,2013,30601,700,Vencido,0,1
P000004828,2022-01-02,2023-01-02,Responsabilidad civil,Chevrolet Cruze,2017,16601,500,Vencido,1,1
P000004829,2024-08-27,2025-08-27,Cobertura de colisión,Hyundai Elantra,2013,47925,500,Vencido,1,0
P000004830,2021-03-08,2022-03-08,Cobertura de robo,Hyundai Elantra,2019,21802,600,Vencido,0,1
P000004831,2024-01-06,2025-01-05,Cobertura total,Honda Civic,2019,48603,600,Vencido,0,0
P000004832,2025-02-21,2026-02-21,Cobertura de colisión,Volkswagen Jetta,2021,45288,500,Vencido,1,0
P000004833,2024-10-15,2025-10-15,Responsabilidad civil,Toyota Corolla,2010,36728,600,Vencido,0,1
P000004834,2021-03-02,2022-03-02,Cobertura de robo,Hyundai Elantra,2013,27583,600,Al día,1,0
P000004835,2021-11-14,2022-11-14,Cobertura de colisión,Chevrolet Cruze,2020,35106,700,Vencido,0,0
P000004836,2022-01-08,2023-01-08,Cobertura de robo,Honda Civic,2015,46902,500,Al día,1,0
P000004837,2024-07-02,2025-07-02,Cobertura amplia,Toyota Corolla,2021,41990,700,Al día,1,0
P000004838,2025-08-29,2026-08-29,Responsabilidad civil,Hyundai Elantra,2018,22145,600,Vencido,0,1
P000004839,2023-10-14,2024-10-13,Cobertura de robo,Hyundai Elantra,2022,19433,500,Al día,0,1
P000004840,2021-10-09,2022-10-09,Cobertura amplia,Honda Civic,2016,36295,700,Al día,0,0
P000004841,2025-12-26,2026-12-26,Cobertura amplia,Mazda 3,2015,27678,500,Al día,0,1
P000004842,2024-12-19,2025-12-19,Cobertura de robo,Nissan Sentra,2015,18211,500,Vencido,1,0
P000004843,2023-12-14,2024-12-13,Cobertura de robo,Ford Focus,2013,29672,700,Al día,1,1
P000004844,2023-07-14,2024-07-13,Cobertura total,Toyota Corolla,2020,21717,700,Vencido,0,0
P000004845,2023-08-22,2024-08-21,Responsabilidad civil,Kia Forte,2020,31652,700,Vencido,0,1
P000004846,2024-03-02,2025-03-02,Cobertura total,Ford Focus,2020,45779,600,Vencido,0,1
P000004847,2024-08-15,2025-08-15,Cobertura de robo,Ford Focus,2017,24624,600,Al día,1,0
P000004848,2024-10-29,2025-10-29,Cobertura de robo,Volkswagen Jetta,2015,19714,500,Al día,1,0
P000004849,2023-08-17,2024-08-16,Cobertura amplia,Nissan Sentra,2012,20126,600,Al día,1,0
P000004850,2022-09-12,2023-09-12,Cobertura de colisión,Volkswagen Jetta,2018,17222,700,Vencido,1,0
P000004851,2022-05-26,2023-05-26,Responsabilidad civil,Chevrolet Cruze,2015,29132,600,Al día,0,0
P000004852,2024-03-16,2025-03-16,Cobertura total,Ford Focus,2011,15815,500,Vencido,0,0
P000004853,2022-11-06,2023-11-06,Cobertura amplia,Toyota Corolla,2020,16677,600,Vencido,0,0
P000004854,2024-01-14,2025-01-13,Cobertura de colisión,Ford Focus,2020,30636,600,Al día,1,1
P000004855,2025-01-27,2026-01-27,Cobertura total,Ford Focus,2019,31408,700,Vencido,0,0
P000004856,2025-01-06,2026-01-06,Responsabilidad civil,Kia Forte,2017,45406,600,Al día,0,1
P000004857,2024-06-14,2025-06-14,Cobertura de robo,Subaru Impreza,2014,12943,500,Al día,1,0
P000004858,2020-01-01,2020-12-31,Cobertura amplia,Chevrolet Cruze,2016,28277,700,Vencido,0,1
P000004859,2020-05-21,2021-05-21,Cobertura de robo,Volkswagen Jetta,2015,49407,500,Vencido,1,1
P000004860,2023-03-11,2024-03-10,Cobertura de robo,Hyundai Elantra,2010,14794,600,Al día,1,0
P000004861,2020-03-07,2021-03-07,Cobertura de robo,Chevrolet Cruze,2022,37113,500,Al día,0,1
P000004862,2025-10-21,2026-10-21,Cobertura de robo,Honda Civic,2022,22561,700,Al día,1,1
P000004863,2021-07-07,2022-07-07,Cobertura amplia,Honda Civic,2013,29972,700,Al día,1,1
P000004864,2023-05-21,2024-05-20,Cobertura de robo,Chevrolet Cruze,2022,13546,500,Vencido,0,0
P000004865,2020-01-27,2021-01-26,Responsabilidad civil,Kia Forte,2022,23224,600,Al día,0,1
P000004866,2023-05-15,2024-05-14,Cobertura de colisión,Chevrolet Cruze,2021,49272,700,Al día,1,1
P000004867,2022-06-27,2023-06-27,Cobertura de robo,Chevrolet Cruze,2017,39979,500,Vencido,1,1
P000004868,2022-05-29,2023-05-29,Cobertura amplia,Hyundai Elantra,2019,32003,600,Al día,0,1
P000004869,2023-07-13,2024-07-12,Cobertura de colisión,Ford Focus,2020,36601,700,Vencido,0,0
P000004870,2020-03-29,2021-03-29,Cobertura de robo,Chevrolet Cruze,2018,41389,700,Al día,0,1
P000004871,2023-02-04,2024-02-04,Cobertura total,Honda Civic,2010,27493,600,Vencido,0,0
P000004872,2025-09-25,2026-09-25,Cobertura de robo,Volkswagen Jetta,2022,16652,700,Al día,0,1
P000004873,2021-09-25,2022-09-25,Cobertura total,Honda Civic,2022,16166,700,Vencido,0,1
P000004874,2021-01-21,2022-01-21,Cobertura amplia,Volkswagen Jetta,2021,10193,600,Vencido,1,0
P000004875,2020-06-03,2021-06-03,Cobertura amplia,Toyota Corolla,2019,32653,600,Al día,1,1
P000004876,2025-02-28,2026-02-28,Cobertura amplia,Kia Forte,2013,34712,700,Vencido,0,0
P000004877,2023-12-27,2024-12-26,Cobertura de colisión,Honda Civic,2019,37877,600,Vencido,0,1
P000004878,2021-10-01,2022-10-01,Cobertura total,Volkswagen Jetta,2019,11525,600,Al día,0,0
P000004879,2021-07-20,2022-07-20,Cobertura amplia,Volkswagen Jetta,2022,24721,600,Vencido,0,0
P000004880,2022-12-21,2023-12-21,Cobertura amplia,Volkswagen Jetta,2015,42302,500,Vencido,0,0
P000004881,2024-02-12,2025-02-11,Cobertura de colisión,Toyota Corolla,2019,13820,700,Vencido,0,0
P000004882,2022-10-20,2023-10-20,Cobertura amplia,Nissan Sentra,2020,14636,700,Al día,1,1
P000004883,2022-08-12,2023-08-12,Responsabilidad civil,Honda Civic,2016,25607,500,Vencido,1,1
P000004884,2022-11-15,2023-11-15,Cobertura de robo,Toyota Corolla,2015,18418,500,Al día,1,0
P000004885,2023-05-15,2024-05-14,Cobertura amplia,Volkswagen Jetta,2018,14282,700,Al día,0,0
P000004886,2021-01-11,2022-01-11,Cobertura amplia,Mazda 3,2011,42798,700,Al día,1,0
P000004887,2024-06-25,2025-06-25,Cobertura amplia,Toyota Corolla,2016,31501,600,Al día,1,1
P000004888,2022-06-09,2023-06-09,Cobertura de colisión,Nissan Sentra,2015,47121,500,Al día,1,0
P000004889,2020-11-12,2021-11-12,Cobertura amplia,Hyundai Elantra,2017,46626,500,Al día,1,0
P000004890,2023-08-22,2024-08-21,Responsabilidad civil,Toyota Corolla,2011,20324,500,Vencido,0,1
P000004891,2025-05-30,2026-05-30,Cobertura total,Toyota Corolla,2015,19724,700,Vencido,0,0
P000004892,2021-12-09,2022-12-09,Cobertura total,Toyota Corolla,2015,20076,700,Al día,0,0
P000004893,2025-06-22,2026-06-22,Responsabilidad civil,Honda Civic,2017,20307,600,Al día,1,1
P000004894,2021-01-25,2022-01-25,Responsabilidad civil,Ford Focus,2013,13367,600,Al día,1,0
P000004895,2023-05-15,2024-05-14,Cobertura de colisión,Chevrolet Cruze,2013,22576,500,Vencido,1,0
P000004896,2020-06-02,2021-06-02,Responsabilidad civil,Honda Civic,2018,47221,500,Al día,1,0
P000004897,2024-04-11,2025-04-11,Cobertura de colisión,Chevrolet Cruze,2015,24658,700,Al día,1,1
P000004898,2020-11-17,2021-11-17,Cobertura de colisión,Ford Focus,2019,21092,500,Al día,1,0
P000004899,2020-08-17,2021-08-17,Cobertura de robo,Volkswagen Jetta,2021,38284,700,Vencido,0,0
P000004900,2023-10-01,2024-09-30,Responsabilidad civil,Volkswagen Jetta,2011,43576,500,Al día,1,0
P000004901,2023-11-26,2024-11-25,Cobertura de colisión,Chevrolet Cruze,2011,26902,600,Vencido,0,1
P000004902,2024-11-13,2025-11-13,Cobertura de robo,Hyundai Elantra,2020,10797,600,Vencido,0,0
P000004903,2024-09-02,2025-09-02,Cobertura de robo,Toyota Corolla,2018,46950,500,Al día,0,0
P000004904,2021-05-08,2022-05-08,Cobertura de colisión,Chevrolet Cruze,2022,28626,500,Al día,0,0
P000004905,2022-07-17,2023-07-17,Cobertura de colisión,Subaru Impreza,2016,48810,700,Al día,1,1
P000004906,2020-02-16,2021-02-15,Cobertura amplia,Honda Civic,2010,49100,600,Al día,1,1
P000004907,2024-04-15,2025-04-15,Cobertura de robo,Chevrolet Cruze,2011,14950,700,Vencido,0,1
P000004908,2020-08-09,2021-08-09,Cobertura amplia,Honda Civic,2012,26935,700,Vencido,1,1
P000004909,2023-06-02,2024-06-01,Responsabilidad civil,Ford Focus,2011,22362,500,Al día,0,0
P000004910,2025-11-17,2026-11-17,Cobertura total,Chevrolet Cruze,2015,14805,500,Vencido,1,1
P000004911,2020-06-17,2021-06-17,Cobertura total,Nissan Sentra,2020,24795,600,Vencido,1,1
P000004912,2023-07-31,2024-07-30,Cobertura amplia,Ford Focus,2015,33779,700,Vencido,1,0
P000004913,2021-09-04,2022-09-04,Cobertura de robo,Ford Focus,2015,29147,600,Vencido,0,0
P000004914,2023-08-31,2024-08-30,Cobertura de robo,Kia Forte,2013,14521,600,Vencido,0,0
P000004915,2025-08-19,2026-08-19,Cobertura amplia,Toyota Corolla,2013,48957,600,Vencido,1,1
P000004916,2022-06-23,2023-06-23,Cobertura amplia,Nissan Sentra,2014,24003,600,Vencido,0,0
P000004917,2021-09-19,2022-09-19,Cobertura de colisión,Chevrolet Cruze,2010,22518,500,Al día,1,0
P000004918,2020-07-25,2021-07-25,Cobertura de robo,Mazda 3,2016,18472,500,Al día,0,0
P000004919,2024-05-28,2025-05-28,Cobertura total,Toyota Corolla,2011,11806,700,Al día,0,1
P000004920,2024-12-30,2025-12-30,Responsabilidad civil,Volkswagen Jetta,2016,27858,600,Vencido,1,0
P000004921,2025-08-29,2026-08-29,Cobertura total,Mazda 3,2012,18704,500,Al día,1,0
P000004922,2021-01-03,2022-01-03,Cobertura total,Ford Focus,2012,28087,700,Vencido,1,1
P000004923,2022-06-28,2023-06-28,Cobertura amplia,Ford Focus,2021,17414,600,Vencido,1,1
P000004924,2024-11-04,2025-11-04,Cobertura de colisión,Kia Forte,2016,30457,600,Vencido,0,0
P000004925,2023-04-01,2024-03-31,Cobertura amplia,Volkswagen Jetta,2017,16657,500,Vencido,0,0
P000004926,2024-06-03,2025-06-03,Responsabilidad civil,Toyota Corolla,2010,18938,500,Al día,1,0
P000004927,2021-08-29,2022-08-29,Responsabilidad civil,Ford Focus,2016,21230,500,Al día,1,1
P000004928,2021-06-25,2022-06-25,Cobertura de colisión,Volkswagen Jetta,2018,42641,700,Vencido,1,1
P000004929,2023-10-08,2024-10-07,Cobertura total,Ford Focus,2016,25843,700,Al día,1,0
P000004930,2020-12-04,2021-12-04,Cobertura total,Toyota Corolla,2022,37440,700,Vencido,1,1
P000004931,2025-05-03,2026-05-03,Responsabilidad civil,Nissan Sentra,2018,16709,700,Vencido,1,1
P000004932,2020-07-20,2021-07-20,Cobertura de robo,Mazda 3,2020,24512,500,Vencido,0,1
P000004933,2024-06-23,2025-06-23,Cobertura total,Toyota Corolla,2017,22722,600,Vencido,0,0
P000004934,2022-12-11,2023-12-11,Cobertura total,Ford Focus,2020,23224,500,Vencido,0,1
P000004935,2020-12-14,2021-12-14,Cobertura amplia,Ford Focus,2022,19158,500,Al día,0,0
P000004936,2024-06-20,2025-06-20,Cobertura total,Honda Civic,2014,44369,500,Vencido,1,1
P000004937,2025-08-17,2026-08-17,Cobertura de colisión,Kia Forte,2022,45251,500,Vencido,0,0
P000004938,2024-11-14,2025-11-14,Cobertura amplia,Ford Focus,2015,49005,500,Al día,0,1
P000004939,2021-06-18,2022-06-18,Cobertura de robo,Nissan Sentra,2019,38330,600,Vencido,1,1
P000004940,2021-07-06,2022-07-06,Cobertura de robo,Honda Civic,2011,33802,500,Vencido,1,1
P000004941,2025-05-23,2026-05-23,Cobertura amplia,Honda Civic,2021,13326,700,Al día,0,1
P000004942,2022-03-22,2023-03-22,Responsabilidad civil,Chevrolet Cruze,2017,46950,500,Al día,1,1
P000004943,2025-06-21,2026-06-21,Cobertura de colisión,Honda Civic,2019,43274,500,Al día,0,0
P000004944,2024-06-07,2025-06-07,Cobertura de robo,Toyota Corolla,2012,46040,700,Al día,1,1
P000004945,2022-03-14,2023-03-14,Cobertura de robo,Nissan Sentra,2019,30562,700,Vencido,1,1
P000004946,2025-11-17,2026-11-17,Cobertura de robo,Toyota Corolla,2013,12302,500,Al día,1,1
P000004947,2022-10-05,2023-10-05,Cobertura de colisión,Hyundai Elantra,2020,39908,700,Vencido,1,1
P000004948,2022-09-19,2023-09-19,Responsabilidad civil,Honda Civic,2015,25040,700,Al día,0,1
P000004949,2020-10-20,2021-10-20,Cobertura de colisión,Honda Civic,2017,48000,700,Vencido,1,0
P000004950,2022-12-26,2023-12-26,Responsabilidad civil,Toyota Corolla,2013,41383,700,Al día,1,1
P000004951,2024-10-27,2025-10-27,Cobertura total,Honda Civic,2010,46356,500,Vencido,1,0
P000004952,2023-08-17,2024-08-16,Cobertura amplia,Honda Civic,2011,31725,500,Vencido,0,0
P000004953,2021-01-01,2022-01-01,Cobertura amplia,Volkswagen Jetta,2016,42992,600,Al día,0,0
P000004954,2021-04-05,2022-04-05,Cobertura de colisión,Ford Focus,2012,18117,700,Al día,1,0
P000004955,2024-08-21,2025-08-21,Cobertura de colisión,Honda Civic,2015,46350,700,Vencido,0,1
P000004956,2024-09-30,2025-09-30,Cobertura de colisión,Volkswagen Jetta,2012,37903,500,Vencido,1,0
P000004957,2024-02-05,2025-02-04,Responsabilidad civil,Toyota Corolla,2020,32323,500,Vencido,1,0
P000004958,2023-11-27,2024-11-26,Cobertura total,Chevrolet Cruze,2020,39020,700,Vencido,1,0
P000004959,2022-02-19,2023-02-19,Cobertura de robo,Chevrolet Cruze,2019,42611,600,Al día,0,1
P000004960,2023-08-06,2024-08-05,Responsabilidad civil,Honda Civic,2019,44154,500,Al día,1,1
P000004961,2023-11-12,2024-11-11,Responsabilidad civil,Chevrolet Cruze,2016,47086,500,Vencido,0,0
P000004962,2020-04-09,2021-04-09,Cobertura de colisión,Honda Civic,2015,33934,600,Al día,1,1
P000004963,2023-06-02,2024-06-01,Cobertura de robo,Toyota Corolla,2021,29852,700,Vencido,0,0
P000004964,2021-11-24,2022-11-24,Responsabilidad civil,Honda Civic,2021,39740,700,Vencido,1,1
P000004965,2023-12-03,2024-12-02,Cobertura de robo,Honda Civic,2018,25903,500,Vencido,0,0
P000004966,2024-12-16,2025-12-16,Responsabilidad civil,Ford Focus,2014,30109,700,Vencido,1,0
P000004967,2021-08-20,2022-08-20,Cobertura de colisión,Honda Civic,2010,40043,500,Vencido,0,0
P000004968,2024-12-09,2025-12-09,Responsabilidad civil,Nissan Sentra,2010,46227,500,Al día,1,0
P000004969,2020-07-02,2021-07-02,Cobertura amplia,Toyota Corolla,2019,21764,500,Vencido,1,0
P000004970,2022-08-14,2023-08-14,Responsabilidad civil,Toyota Corolla,2021,43554,700,Al día,0,0
P000004971,2022-03-28,2023-03-28,Cobertura amplia,Chevrolet Cruze,2010,16511,700,Al día,1,1
P000004972,2024-03-11,2025-03-11,Cobertura de colisión,Toyota Corolla,2014,26892,500,Al día,0,1
P000004973,2021-09-30,2022-09-30,Cobertura amplia,Kia Forte,2010,42893,700,Al día,0,0
P000004974,2020-12-17,2021-12-17,Responsabilidad civil,Ford Focus,2019,12541,700,Vencido,1,0
P000004975,2021-04-05,2022-04-05,Cobertura de robo,Honda Civic,2010,36668,600,Al día,0,1
P000004976,2020-08-11,2021-08-11,Cobertura total,Chevrolet Cruze,2020,43277,600,Vencido,0,1
P000004977,2022-09-22,2023-09-22,Cobertura de colisión,Toyota Corolla,2020,18728,700,Vencido,0,0
P000004978,2021-08-27,2022-08-27,Responsabilidad civil,Ford Focus,2010,23228,600,Al día,1,1
P000004979,2023-03-24,2024-03-23,Cobertura total,Ford Focus,2010,32252,700,Vencido,1,0
P000004980,2020-02-26,2021-02-25,Cobertura de robo,Honda Civic,2014,43502,500,Al día,0,0
P000004981,2023-11-07,2024-11-06,Cobertura total,Kia Forte,2015,18454,500,Al día,1,0
P000004982,2021-03-31,2022-03-31,Cobertura total,Honda Civic,2019,11425,600,Al día,1,0
P000004983,2023-06-03,2024-06-02,Cobertura total,Ford Focus,2010,40680,600,Al día,0,0
P000004984,2025-01-17,2026-01-17,Cobertura de colisión,Mazda 3,2019,18045,500,Vencido,1,1
P000004985,2025-04-13,2026-04-13,Cobertura de robo,Chevrolet Cruze,2010,43332,600,Vencido,1,1
P000004986,2020-04-03,2021-04-03,Cobertura amplia,Toyota Corolla,2018,38870,500,Vencido,1,0
P000004987,2023-09-21,2024-09-20,Responsabilidad civil,Honda Civic,2012,44126,600,Al día,1,1
P000004988,2022-05-06,2023-05-06,Cobertura total,Toyota Corolla,2012,39867,600,Vencido,1,0
P000004989,2022-05-17,2023-05-17,Cobertura amplia,Volkswagen Jetta,2017,13307,700,Vencido,0,1
P000004990,2022-04-14,2023-04-14,Responsabilidad civil,Subaru Impreza,2015,21035,700,Al día,1,0
P000004991,2025-11-13,2026-11-13,Responsabilidad civil,Hyundai Elantra,2021,48060,500,Al día,1,1
P000004992,2022-11-25,2023-11-25,Cobertura de robo,Ford Focus,2018,13532,700,Vencido,1,1
P000004993,2025-06-01,2026-06-01,Responsabilidad civil,Honda Civic,2017,25270,600,Vencido,0,0
P000004994,2021-08-01,2022-08-01,Cobertura de colisión,Toyota Corolla,2022,37703,600,Vencido,0,0
P000004995,2020-03-16,2021-03-16,Cobertura total,Honda Civic,2017,49253,600,Vencido,1,0
P000004996,2024-03-22,2025-03-22,Cobertura amplia,Mazda 3,2012,24842,600,Al día,0,0
P000004997,2025-11-27,2026-11-27,Cobertura de colisión,Toyota Corolla,2010,35025,600,Al día,1,0
P000004998,2020-06-27,2021-06-27,Cobertura de colisión,Honda Civic,2017,31281,600,Al día,0,0
P000004999,2022-11-12,2023-11-12,Cobertura total,Hyundai Elantra,2010,23893,700,Vencido,1,1
P000005000,2021-11-28,2022-11-28,Cobertura total,Toyota Corolla,2021,12658,500,Al día,0,1
P000005001,2020-09-03,2021-09-03,Cobertura amplia,Hyundai Elantra,2018,41092,700,Al día,0,0
P000005002,2023-03-09,2024-03-08,Responsabilidad civil,Honda Civic,2019,41414,700,Vencido,0,1
P000005003,2022-04-02,2023-04-02,Cobertura de robo,Nissan Sentra,2021,27865,500,Vencido,1,0
P000005004,2023-01-16,2024-01-16,Responsabilidad civil,Ford Focus,2020,44640,600,Vencido,0,0
P000005005,2020-08-05,2021-08-05,Responsabilidad civil,Toyota Corolla,2022,45824,500,Al día,1,1
P000005006,2025-03-19,2026-03-19,Cobertura de robo,Toyota Corolla,2016,13278,500,Vencido,1,1
P000005007,2020-02-04,2021-02-03,Cobertura total,Ford Focus,2010,31523,600,Al día,1,1
P000005008,2020-09-29,2021-09-29,Cobertura total,Mazda 3,2019,13074,700,Al día,0,1
P000005009,2024-05-10,2025-05-10,Cobertura total,Ford Focus,2019,20672,600,Al día,1,0
P000005010,2023-01-16,2024-01-16,Cobertura total,Ford Focus,2013,43040,700,Al día,0,1
P000005011,2024-01-15,2025-01-14,Responsabilidad civil,Chevrolet Cruze,2011,33615,500,Al día,1,0
P000005012,2021-03-17,2022-03-17,Cobertura de robo,Honda Civic,2011,46936,500,Vencido,0,0
P000005013,2020-03-19,2021-03-19,Responsabilidad civil,Ford Focus,2014,30947,500,Vencido,0,0
P000005014,2023-04-13,2024-04-12,Cobertura de robo,Toyota Corolla,2018,38362,500,Vencido,0,1
P000005015,2024-05-02,2025-05-02,Cobertura total,Toyota Corolla,2020,17029,600,Vencido,0,1
P000005016,2022-08-04,2023-08-04,Responsabilidad civil,Toyota Corolla,2015,30758,600,Al día,0,1
P000005017,2024-04-08,2025-04-08,Cobertura de colisión,Toyota Corolla,2019,31347,700,Al día,1,1
P000005018,2025-09-13,2026-09-13,Responsabilidad civil,Chevrolet Cruze,2011,48491,600,Al día,1,0
P000005019,2021-02-11,2022-02-11,Cobertura total,Honda Civic,2021,47544,700,Al día,0,1
P000005020,2023-07-16,2024-07-15,Cobertura total,Ford Focus,2013,32959,600,Al día,0,1
P000005021,2025-06-08,2026-06-08,Cobertura de robo,Honda Civic,2010,40737,700,Al día,0,1
P000005022,2025-12-17,2026-12-17,Cobertura amplia,Subaru Impreza,2011,12147,600,Vencido,0,0
P000005023,2020-12-26,2021-12-26,Responsabilidad civil,Ford Focus,2012,20385,600,Al día,1,1
P000005024,2022-02-02,2023-02-02,Responsabilidad civil,Toyota Corolla,2020,28208,700,Vencido,0,0
P000005025,2022-03-25,2023-03-25,Cobertura amplia,Chevrolet Cruze,2014,10335,500,Vencido,1,1
P000005026,2025-08-12,2026-08-12,Cobertura amplia,Mazda 3,2021,14680,700,Vencido,0,1
P000005027,2025-02-18,2026-02-18,Responsabilidad civil,Toyota Corolla,2011,45301,700,Vencido,1,1
P000005028,2020-03-29,2021-03-29,Responsabilidad civil,Kia Forte,2014,16642,700,Vencido,0,0
P000005029,2020-06-11,2021-06-11,Responsabilidad civil,Ford Focus,2014,16080,700,Vencido,0,1
P000005030,2022-10-10,2023-10-10,Cobertura total,Chevrolet Cruze,2019,25248,500,Vencido,0,0
P000005031,2025-12-08,2026-12-08,Cobertura amplia,Volkswagen Jetta,2011,38736,500,Vencido,1,1
P000005032,2023-06-02,2024-06-01,Cobertura de robo,Chevrolet Cruze,2019,33641,500,Vencido,0,0
P000005033,2023-09-28,2024-09-27,Cobertura total,Volkswagen Jetta,2017,23757,600,Al día,0,1
P000005034,2025-06-29,2026-06-29,Cobertura de colisión,Honda Civic,2018,23562,700,Vencido,0,0
P000005035,2024-05-30,2025-05-30,Cobertura de robo,Ford Focus,2014,28681,600,Vencido,1,0
P000005036,2021-10-05,2022-10-05,Cobertura total,Nissan Sentra,2014,29894,700,Vencido,1,0
P000005037,2020-03-16,2021-03-16,Cobertura de colisión,Kia Forte,2015,35022,500,Vencido,1,0
P000005038,2023-11-21,2024-11-20,Cobertura total,Nissan Sentra,2013,49581,700,Al día,1,1
P000005039,2023-12-12,2024-12-11,Cobertura de robo,Toyota Corolla,2021,25681,500,Vencido,0,1
P000005040,2023-12-26,2024-12-25,Responsabilidad civil,Volkswagen Jetta,2019,42410,700,Vencido,0,1
P000005041,2023-05-23,2024-05-22,Cobertura amplia,Toyota Corolla,2015,20166,500,Vencido,0,1
P000005042,2022-08-25,2023-08-25,Cobertura de robo,Nissan Sentra,2011,17676,700,Vencido,0,0
P000005043,2025-08-15,2026-08-15,Cobertura amplia,Ford Focus,2022,31399,700,Vencido,1,0
P000005044,2023-02-03,2024-02-03,Responsabilidad civil,Nissan Sentra,2010,45838,600,Vencido,1,0
P000005045,2020-09-10,2021-09-10,Cobertura de colisión,Toyota Corolla,2014,47766,600,Vencido,1,0
P000005046,2022-11-21,2023-11-21,Cobertura total,Volkswagen Jetta,2012,19954,700,Vencido,1,1
P000005047,2024-05-04,2025-05-04,Cobertura de colisión,Kia Forte,2013,34186,700,Al día,0,0
P000005048,2020-04-30,2021-04-30,Cobertura total,Honda Civic,2019,14798,500,Vencido,0,1
P000005049,2023-02-21,2024-02-21,Cobertura total,Hyundai Elantra,2010,20089,700,Vencido,1,0
P000005050,2022-07-12,2023-07-12,Cobertura de colisión,Volkswagen Jetta,2013,11403,600,Vencido,1,1
P000005051,2021-09-13,2022-09-13,Responsabilidad civil,Toyota Corolla,2020,40673,600,Vencido,1,0
P000005052,2023-10-31,2024-10-30,Cobertura de robo,Toyota Corolla,2019,41342,700,Vencido,1,1
P000005053,2024-05-28,2025-05-28,Cobertura amplia,Honda Civic,2015,17865,700,Vencido,1,1
P000005054,2021-07-16,2022-07-16,Responsabilidad civil,Nissan Sentra,2014,44435,600,Vencido,1,0
P000005055,2020-12-25,2021-12-25,Cobertura de robo,Honda Civic,2014,46587,500,Vencido,1,1
P000005056,2024-04-14,2025-04-14,Cobertura amplia,Honda Civic,2016,11544,600,Al día,0,1
P000005057,2025-11-02,2026-11-02,Cobertura total,Kia Forte,2020,23862,700,Al día,0,0
P000005058,2022-07-20,2023-07-20,Cobertura de robo,Toyota Corolla,2015,32145,500,Al día,1,1
P000005059,2024-09-05,2025-09-05,Cobertura de colisión,Ford Focus,2019,23178,700,Al día,0,0
P000005060,2022-09-11,2023-09-11,Responsabilidad civil,Kia Forte,2016,19104,500,Al día,0,0
P000005061,2021-09-17,2022-09-17,Cobertura de colisión,Hyundai Elantra,2020,14836,700,Vencido,1,0
P000005062,2024-10-12,2025-10-12,Cobertura de robo,Nissan Sentra,2010,21345,600,Al día,1,0
P000005063,2023-07-03,2024-07-02,Cobertura amplia,Honda Civic,2016,23188,700,Al día,1,1
P000005064,2023-09-10,2024-09-09,Cobertura de robo,Toyota Corolla,2015,18620,500,Vencido,0,1
P000005065,2025-01-13,2026-01-13,Cobertura de robo,Hyundai Elantra,2015,21578,700,Vencido,0,0
P000005066,2021-06-23,2022-06-23,Cobertura amplia,Mazda 3,2016,11246,500,Al día,0,0
P000005067,2022-04-26,2023-04-26,Cobertura amplia,Honda Civic,2010,33731,500,Al día,0,0
P000005068,2021-07-21,2022-07-21,Responsabilidad civil,Honda Civic,2017,28518,500,Al día,0,1
P000005069,2022-04-08,2023-04-08,Cobertura de colisión,Hyundai Elantra,2021,38146,500,Al día,1,0
P000005070,2021-07-19,2022-07-19,Cobertura de robo,Mazda 3,2021,25417,700,Al día,1,0
P000005071,2023-06-19,2024-06-18,Responsabilidad civil,Chevrolet Cruze,2011,37268,500,Al día,0,1
P000005072,2025-11-15,2026-11-15,Responsabilidad civil,Honda Civic,2016,40988,700,Vencido,0,1
P000005073,2021-07-07,2022-07-07,Cobertura total,Ford Focus,2021,27676,700,Vencido,1,0
P000005074,2024-10-27,2025-10-27,Cobertura de colisión,Honda Civic,2015,48868,700,Al día,0,1
P000005075,2021-08-17,2022-08-17,Responsabilidad civil,Mazda 3,2015,30354,700,Al día,1,0
P000005076,2021-10-09,2022-10-09,Cobertura total,Volkswagen Jetta,2020,26906,700,Vencido,0,1
P000005077,2023-07-24,2024-07-23,Cobertura total,Honda Civic,2020,30857,700,Vencido,1,1
P000005078,2020-10-04,2021-10-04,Cobertura de robo,Volkswagen Jetta,2018,27701,700,Vencido,0,1
P000005079,2025-12-23,2026-12-23,Responsabilidad civil,Kia Forte,2010,23034,600,Al día,0,0
P000005080,2021-04-29,2022-04-29,Responsabilidad civil,Volkswagen Jetta,2020,31280,500,Vencido,0,1
P000005081,2022-01-24,2023-01-24,Cobertura amplia,Chevrolet Cruze,2014,20664,600,Al día,1,1
P000005082,2023-07-24,2024-07-23,Responsabilidad civil,Volkswagen Jetta,2010,15230,600,Al día,0,1
P000005083,2021-08-19,2022-08-19,Responsabilidad civil,Subaru Impreza,2011,19562,600,Vencido,0,1
P000005084,2020-04-30,2021-04-30,Cobertura de colisión,Hyundai Elantra,2016,41382,500,Al día,0,0
P000005085,2023-07-29,2024-07-28,Cobertura total,Chevrolet Cruze,2020,49239,600,Vencido,1,0
P000005086,2024-08-22,2025-08-22,Cobertura amplia,Nissan Sentra,2022,20720,500,Al día,1,0
P000005087,2024-08-11,2025-08-11,Cobertura de robo,Chevrolet Cruze,2010,21738,500,Al día,0,1
P000005088,2023-05-27,2024-05-26,Cobertura de colisión,Nissan Sentra,2021,47376,600,Al día,0,1
P000005089,2024-12-19,2025-12-19,Cobertura total,Toyota Corolla,2018,39345,500,Vencido,1,1
P000005090,2023-01-26,2024-01-26,Cobertura total,Honda Civic,2013,32627,500,Al día,1,1
P000005091,2021-09-14,2022-09-14,Cobertura de robo,Honda Civic,2022,33658,600,Vencido,1,0
P000005092,2022-02-08,2023-02-08,Cobertura de robo,Toyota Corolla,2017,12970,700,Al día,1,1
P000005093,2021-03-13,2022-03-13,Cobertura de colisión,Ford Focus,2022,29283,700,Al día,1,0
P000005094,2021-06-22,2022-06-22,Cobertura de colisión,Honda Civic,2022,15434,500,Al día,1,0
P000005095,2022-01-26,2023-01-26,Cobertura de colisión,Chevrolet Cruze,2015,49702,500,Al día,0,1
P000005096,2020-04-17,2021-04-17,Cobertura total,Chevrolet Cruze,2012,15374,600,Vencido,1,1
P000005097,2022-12-29,2023-12-29,Cobertura de colisión,Ford Focus,2015,38150,500,Vencido,1,1
P000005098,2022-08-03,2023-08-03,Responsabilidad civil,Toyota Corolla,2018,15053,700,Vencido,0,1
P000005099,2022-08-09,2023-08-09,Cobertura de colisión,Hyundai Elantra,2016,24090,500,Vencido,1,0
P000005100,2022-08-03,2023-08-03,Cobertura de robo,Toyota Corolla,2018,34173,500,Vencido,0,0
P000005101,2020-04-16,2021-04-16,Cobertura total,Ford Focus,2011,47666,500,Vencido,0,0
P000005102,2024-01-11,2025-01-10,Cobertura amplia,Chevrolet Cruze,2013,33422,600,Vencido,0,0
P000005103,2020-11-21,2021-11-21,Cobertura amplia,Honda Civic,2017,46070,500,Vencido,0,0
P000005104,2025-05-06,2026-05-06,Cobertura total,Mazda 3,2016,11022,700,Al día,0,0
P000005105,2021-07-03,2022-07-03,Cobertura amplia,Honda Civic,2018,16178,600,Al día,1,1
P000005106,2025-08-19,2026-08-19,Cobertura de robo,Subaru Impreza,2018,31931,500,Vencido,1,1
P000005107,2025-04-04,2026-04-04,Cobertura de colisión,Kia Forte,2016,49227,700,Al día,1,0
P000005108,2024-03-11,2025-03-11,Cobertura de colisión,Volkswagen Jetta,2012,46047,500,Vencido,1,1
P000005109,2022-01-23,2023-01-23,Cobertura de robo,Ford Focus,2010,49156,700,Al día,1,1
P000005110,2024-05-06,2025-05-06,Cobertura amplia,Ford Focus,2010,48443,600,Al día,1,1
P000005111,2025-07-05,2026-07-05,Responsabilidad civil,Ford Focus,2014,34528,600,Al día,0,0
P000005112,2025-04-24,2026-04-24,Cobertura amplia,Hyundai Elantra,2013,34284,700,Vencido,1,0
P000005113,2021-07-17,2022-07-17,Responsabilidad civil,Nissan Sentra,2019,17193,500,Vencido,0,1
P000005114,2021-11-01,2022-11-01,Cobertura total,Toyota Corolla,2018,36511,600,Al día,0,0
P000005115,2022-03-02,2023-03-02,Responsabilidad civil,Toyota Corolla,2019,48362,600,Vencido,1,1
P000005116,2022-07-15,2023-07-15,Cobertura amplia,Nissan Sentra,2022,12359,500,Al día,0,1
P000005117,2020-05-12,2021-05-12,Cobertura de colisión,Honda Civic,2022,42332,500,Al día,1,0
P000005118,2024-07-31,2025-07-31,Cobertura de robo,Hyundai Elantra,2010,48258,500,Al día,0,0
P000005119,2020-03-02,2021-03-02,Cobertura de colisión,Toyota Corolla,2012,33210,700,Al día,1,0
P000005120,2023-01-10,2024-01-10,Responsabilidad civil,Ford Focus,2018,46035,700,Al día,0,1
P000005121,2024-08-18,2025-08-18,Cobertura de robo,Toyota Corolla,2012,27861,700,Vencido,1,1
P000005122,2022-06-30,2023-06-30,Cobertura de robo,Ford Focus,2013,47499,600,Al día,1,1
P000005123,2022-04-10,2023-04-10,Cobertura total,Toyota Corolla,2011,39371,500,Vencido,0,1
P000005124,2022-04-17,2023-04-17,Cobertura amplia,Volkswagen Jetta,2021,45557,500,Vencido,0,1
P000005125,2020-09-27,2021-09-27,Cobertura amplia,Volkswagen Jetta,2016,35634,600,Al día,1,0
P000005126,2021-12-26,2022-12-26,Responsabilidad civil,Subaru Impreza,2013,31384,600,Al día,0,1
P000005127,2024-12-04,2025-12-04,Cobertura de robo,Volkswagen Jetta,2022,41295,700,Vencido,0,1
P000005128,2025-06-29,2026-06-29,Cobertura de robo,Toyota Corolla,2022,34727,500,Vencido,1,0
P000005129,2023-08-23,2024-08-22,Cobertura de colisión,Nissan Sentra,2015,20916,700,Vencido,1,1
P000005130,2025-02-17,2026-02-17,Responsabilidad civil,Toyota Corolla,2018,14522,600,Vencido,1,1
P000005131,2022-10-07,2023-10-07,Responsabilidad civil,Chevrolet Cruze,2012,38582,500,Al día,1,0
P000005132,2024-10-17,2025-10-17,Responsabilidad civil,Kia Forte,2014,36810,500,Vencido,1,1
P000005133,2024-07-16,2025-07-16,Cobertura de robo,Toyota Corolla,2022,39140,700,Al día,1,0
P000005134,2020-06-20,2021-06-20,Cobertura amplia,Chevrolet Cruze,2017,11530,600,Al día,0,1
P000005135,2024-04-07,2025-04-07,Cobertura amplia,Toyota Corolla,2014,39875,600,Vencido,0,1
P000005136,2023-07-05,2024-07-04,Cobertura total,Kia Forte,2018,37705,500,Al día,1,0
P000005137,2024-06-02,2025-06-02,Cobertura amplia,Chevrolet Cruze,2020,36009,500,Vencido,1,1
P000005138,2025-11-21,2026-11-21,Cobertura de colisión,Toyota Corolla,2019,46231,600,Vencido,0,0
P000005139,2020-06-06,2021-06-06,Cobertura amplia,Toyota Corolla,2012,22819,600,Vencido,0,0
P000005140,2025-11-02,2026-11-02,Responsabilidad civil,Nissan Sentra,2015,48453,600,Vencido,0,0
P000005141,2021-03-23,2022-03-23,Cobertura de colisión,Nissan Sentra,2016,25518,600,Vencido,1,1
P000005142,2025-01-23,2026-01-23,Cobertura total,Subaru Impreza,2015,49827,500,Al día,1,0
P000005143,2025-02-14,2026-02-14,Cobertura de colisión,Toyota Corolla,2012,15228,600,Vencido,0,1
P000005144,2020-06-22,2021-06-22,Cobertura de colisión,Honda Civic,2022,45206,500,Vencido,0,0
P000005145,2022-10-03,2023-10-03,Cobertura total,Kia Forte,2015,11530,500,Al día,0,1
P000005146,2025-10-25,2026-10-25,Cobertura de colisión,Subaru Impreza,2021,25200,500,Vencido,0,1
P000005147,2024-06-08,2025-06-08,Responsabilidad civil,Volkswagen Jetta,2020,34720,700,Al día,0,0
P000005148,2020-06-09,2021-06-09,Cobertura amplia,Hyundai Elantra,2017,29901,700,Al día,1,1
P000005149,2024-05-05,2025-05-05,Cobertura amplia,Honda Civic,2018,12583,600,Vencido,1,0
P000005150,2025-10-15,2026-10-15,Cobertura de colisión,Subaru Impreza,2010,44476,600,Al día,1,1
P000005151,2020-07-20,2021-07-20,Cobertura total,Ford Focus,2014,38648,700,Al día,1,0
P000005152,2022-02-16,2023-02-16,Cobertura de robo,Ford Focus,2017,12277,500,Al día,1,1
P000005153,2023-04-07,2024-04-06,Responsabilidad civil,Nissan Sentra,2019,18049,500,Vencido,1,1
P000005154,2024-12-05,2025-12-05,Cobertura de robo,Chevrolet Cruze,2022,42824,700,Vencido,1,0
P000005155,2024-06-18,2025-06-18,Responsabilidad civil,Mazda 3,2021,29368,700,Vencido,0,0
P000005156,2023-06-01,2024-05-31,Cobertura de robo,Kia Forte,2013,14720,600,Al día,1,0
P000005157,2023-03-17,2024-03-16,Responsabilidad civil,Nissan Sentra,2018,30018,500,Al día,1,1
P000005158,2025-03-04,2026-03-04,Cobertura total,Honda Civic,2013,28717,500,Al día,0,1
P000005159,2021-11-12,2022-11-12,Cobertura de robo,Nissan Sentra,2015,36554,500,Al día,0,1
P000005160,2024-09-26,2025-09-26,Cobertura total,Hyundai Elantra,2018,19469,600,Vencido,0,1
P000005161,2023-04-20,2024-04-19,Cobertura total,Toyota Corolla,2018,30533,500,Al día,0,0
P000005162,2020-08-11,2021-08-11,Cobertura de robo,Mazda 3,2014,28427,700,Al día,1,1
P000005163,2025-10-18,2026-10-18,Cobertura de robo,Hyundai Elantra,2019,20720,500,Vencido,1,0
P000005164,2021-08-05,2022-08-05,Cobertura total,Chevrolet Cruze,2021,29661,600,Vencido,1,0
P000005165,2025-03-13,2026-03-13,Responsabilidad civil,Honda Civic,2016,39828,700,Al día,0,1
P000005166,2025-01-24,2026-01-24,Cobertura amplia,Kia Forte,2016,46493,700,Vencido,1,0
P000005167,2021-01-05,2022-01-05,Cobertura amplia,Chevrolet Cruze,2022,32404,500,Al día,0,0
P000005168,2025-08-12,2026-08-12,Cobertura total,Honda Civic,2018,37846,500,Al día,1,0
P000005169,2021-04-08,2022-04-08,Cobertura de robo,Toyota Corolla,2016,26274,600,Vencido,0,0
P000005170,2022-01-06,2023-01-06,Cobertura amplia,Mazda 3,2020,20694,700,Vencido,1,0
P000005171,2021-07-08,2022-07-08,Cobertura de colisión,Toyota Corolla,2019,36640,600,Al día,1,1
P000005172,2024-05-29,2025-05-29,Responsabilidad civil,Mazda 3,2015,23001,600,Al día,1,0
P000005173,2024-08-20,2025-08-20,Cobertura total,Mazda 3,2018,38918,700,Al día,0,1
P000005174,2023-08-17,2024-08-16,Cobertura de robo,Ford Focus,2017,43154,600,Al día,0,0
P000005175,2025-01-20,2026-01-20,Cobertura de robo,Ford Focus,2010,12189,700,Al día,1,0
P000005176,2020-04-12,2021-04-12,Cobertura de colisión,Honda Civic,2016,25811,700,Vencido,1,1
P000005177,2022-01-02,2023-01-02,Cobertura de robo,Honda Civic,2022,19171,700,Al día,0,1
P000005178,2025-02-01,2026-02-01,Responsabilidad civil,Toyota Corolla,2013,24000,700,Vencido,1,1
P000005179,2022-04-07,2023-04-07,Cobertura amplia,Toyota Corolla,2013,24170,500,Vencido,1,1
P000005180,2025-02-05,2026-02-05,Responsabilidad civil,Nissan Sentra,2018,33905,600,Al día,0,1
P000005181,2021-01-04,2022-01-04,Responsabilidad civil,Toyota Corolla,2012,37653,700,Vencido,0,0
P000005182,2022-10-21,2023-10-21,Cobertura total,Chevrolet Cruze,2022,29421,600,Al día,0,1
P000005183,2023-08-20,2024-08-19,Cobertura amplia,Chevrolet Cruze,2019,13589,700,Al día,1,0
P000005184,2021-11-02,2022-11-02,Responsabilidad civil,Hyundai Elantra,2016,40385,600,Al día,1,1
P000005185,2021-05-21,2022-05-21,Responsabilidad civil,Kia Forte,2011,42570,500,Al día,0,0
P000005186,2021-01-08,2022-01-08,Cobertura de colisión,Toyota Corolla,2021,20923,600,Vencido,1,1
P000005187,2021-04-12,2022-04-12,Cobertura amplia,Hyundai Elantra,2017,49608,700,Al día,0,0
P000005188,2025-01-14,2026-01-14,Cobertura de robo,Toyota Corolla,2014,18222,600,Vencido,1,1
P000005189,2024-01-26,2025-01-25,Cobertura amplia,Ford Focus,2017,30261,700,Vencido,1,0
P000005190,2020-12-15,2021-12-15,Cobertura amplia,Hyundai Elantra,2020,43410,700,Al día,1,0
P000005191,2025-11-15,2026-11-15,Responsabilidad civil,Honda Civic,2017,34059,500,Al día,0,0
P000005192,2024-04-22,2025-04-22,Cobertura de robo,Toyota Corolla,2022,29647,600,Vencido,0,1
P000005193,2025-09-26,2026-09-26,Cobertura total,Ford Focus,2018,18702,700,Al día,0,0
P000005194,2021-10-16,2022-10-16,Cobertura de robo,Ford Focus,2015,44040,700,Vencido,1,0
P000005195,2024-03-31,2025-03-31,Responsabilidad civil,Hyundai Elantra,2013,17843,700,Vencido,0,0
P000005196,2024-04-07,2025-04-07,Cobertura total,Toyota Corolla,2013,36989,500,Al día,0,0
P000005197,2020-06-28,2021-06-28,Cobertura amplia,Toyota Corolla,2017,29583,600,Vencido,1,0
P000005198,2021-11-30,2022-11-30,Cobertura de robo,Chevrolet Cruze,2011,37024,500,Vencido,1,1
P000005199,2023-10-04,2024-10-03,Cobertura total,Ford Focus,2018,35404,600,Al día,0,0
P000005200,2021-09-06,2022-09-06,Cobertura amplia,Chevrolet Cruze,2018,17587,700,Al día,1,1
P000005201,2021-10-26,2022-10-26,Cobertura total,Honda Civic,2022,25241,500,Al día,1,1
P000005202,2021-08-15,2022-08-15,Responsabilidad civil,Honda Civic,2014,45976,500,Al día,1,1
P000005203,2022-01-02,2023-01-02,Cobertura de robo,Chevrolet Cruze,2014,37349,700,Al día,0,1
P000005204,2020-07-29,2021-07-29,Cobertura amplia,Honda Civic,2010,21075,500,Al día,0,1
P000005205,2024-09-14,2025-09-14,Cobertura de colisión,Hyundai Elantra,2018,33736,700,Vencido,0,1
P000005206,2023-06-15,2024-06-14,Cobertura total,Hyundai Elantra,2013,21219,700,Al día,0,0
P000005207,2023-06-21,2024-06-20,Cobertura total,Subaru Impreza,2012,22737,700,Al día,0,1
P000005208,2025-01-01,2026-01-01,Responsabilidad civil,Ford Focus,2014,12093,500,Vencido,1,0
P000005209,2023-03-28,2024-03-27,Cobertura de colisión,Toyota Corolla,2018,46187,500,Vencido,1,1
P000005210,2022-01-10,2023-01-10,Cobertura de robo,Mazda 3,2014,17095,600,Al día,0,1
P000005211,2021-04-26,2022-04-26,Cobertura de robo,Chevrolet Cruze,2014,28245,500,Vencido,0,1
P000005212,2021-06-22,2022-06-22,Cobertura de robo,Hyundai Elantra,2018,14360,600,Vencido,1,0
P000005213,2022-04-10,2023-04-10,Cobertura amplia,Kia Forte,2013,19332,600,Al día,0,0
P000005214,2020-01-15,2021-01-14,Cobertura de colisión,Hyundai Elantra,2022,35085,600,Al día,0,0
P000005215,2022-11-02,2023-11-02,Cobertura de colisión,Chevrolet Cruze,2012,33813,600,Vencido,1,1
P000005216,2020-02-20,2021-02-19,Responsabilidad civil,Toyota Corolla,2014,44234,500,Al día,0,1
P000005217,2025-02-21,2026-02-21,Cobertura amplia,Chevrolet Cruze,2022,29624,600,Al día,0,1
P000005218,2025-07-31,2026-07-31,Cobertura total,Hyundai Elantra,2014,30137,500,Al día,0,1
P000005219,2025-08-04,2026-08-04,Cobertura total,Toyota Corolla,2010,13457,500,Al día,1,1
P000005220,2020-01-24,2021-01-23,Responsabilidad civil,Nissan Sentra,2010,32844,700,Al día,0,1
P000005221,2025-07-14,2026-07-14,Cobertura total,Toyota Corolla,2022,36580,700,Al día,1,1
P000005222,2022-09-01,2023-09-01,Cobertura amplia,Honda Civic,2014,29717,600,Vencido,1,0
P000005223,2022-06-07,2023-06-07,Cobertura de colisión,Toyota Corolla,2010,25927,500,Al día,1,0
P000005224,2025-05-02,2026-05-02,Cobertura de robo,Chevrolet Cruze,2021,35389,700,Al día,1,0
P000005225,2025-02-01,2026-02-01,Cobertura de colisión,Nissan Sentra,2020,22353,700,Vencido,0,1
P000005226,2024-08-06,2025-08-06,Cobertura total,Volkswagen Jetta,2016,47489,700,Al día,1,0
P000005227,2024-12-14,2025-12-14,Cobertura de robo,Honda Civic,2017,25936,600,Al día,1,0
P000005228,2020-11-21,2021-11-21,Cobertura de robo,Subaru Impreza,2015,26339,500,Al día,0,0
P000005229,2020-01-27,2021-01-26,Cobertura de colisión,Hyundai Elantra,2019,43415,500,Vencido,1,1
P000005230,2022-09-29,2023-09-29,Responsabilidad civil,Toyota Corolla,2016,33949,700,Al día,1,1
P000005231,2023-02-13,2024-02-13,Cobertura de colisión,Honda Civic,2011,43732,700,Al día,1,0
P000005232,2022-04-30,2023-04-30,Cobertura de robo,Mazda 3,2020,38028,500,Vencido,1,0
P000005233,2020-07-19,2021-07-19,Responsabilidad civil,Ford Focus,2011,47683,500,Vencido,1,1
P000005234,2022-01-27,2023-01-27,Cobertura de colisión,Honda Civic,2013,18448,600,Vencido,1,0
P000005235,2021-08-30,2022-08-30,Cobertura de colisión,Kia Forte,2016,34495,500,Vencido,0,1
P000005236,2020-08-13,2021-08-13,Cobertura amplia,Toyota Corolla,2016,30444,700,Vencido,1,0
P000005237,2023-11-30,2024-11-29,Cobertura de robo,Kia Forte,2014,17289,600,Vencido,1,0
P000005238,2020-05-30,2021-05-30,Cobertura de colisión,Toyota Corolla,2013,49782,700,Al día,0,1
P000005239,2021-08-18,2022-08-18,Cobertura amplia,Nissan Sentra,2015,46667,700,Al día,1,0
P000005240,2020-05-12,2021-05-12,Cobertura de colisión,Ford Focus,2012,23856,600,Al día,0,0
P000005241,2023-05-07,2024-05-06,Cobertura de colisión,Toyota Corolla,2010,10767,600,Al día,0,0
P000005242,2023-09-18,2024-09-17,Cobertura amplia,Volkswagen Jetta,2014,18235,600,Vencido,0,0
P000005243,2020-12-25,2021-12-25,Cobertura amplia,Nissan Sentra,2021,28942,600,Al día,0,1
P000005244,2020-07-19,2021-07-19,Responsabilidad civil,Toyota Corolla,2015,31969,600,Al día,0,1
P000005245,2021-03-22,2022-03-22,Cobertura amplia,Chevrolet Cruze,2021,41565,600,Al día,0,0
P000005246,2024-09-03,2025-09-03,Cobertura de robo,Ford Focus,2015,29137,500,Vencido,1,1
P000005247,2021-12-31,2022-12-31,Responsabilidad civil,Nissan Sentra,2012,37071,500,Al día,1,0
P000005248,2021-10-22,2022-10-22,Cobertura de colisión,Hyundai Elantra,2020,26917,500,Vencido,0,0
P000005249,2023-03-10,2024-03-09,Cobertura de robo,Honda Civic,2022,19532,700,Vencido,0,1
P000005250,2021-12-27,2022-12-27,Cobertura amplia,Volkswagen Jetta,2014,30577,600,Al día,1,0
P000005251,2025-02-08,2026-02-08,Cobertura total,Volkswagen Jetta,2022,26381,500,Vencido,0,0
P000005252,2024-01-15,2025-01-14,Cobertura de colisión,Hyundai Elantra,2015,32666,600,Al día,1,1
P000005253,2020-05-26,2021-05-26,Cobertura de robo,Hyundai Elantra,2017,19953,500,Al día,1,1
P000005254,2021-01-16,2022-01-16,Cobertura de colisión,Hyundai Elantra,2017,32113,500,Al día,0,0
P000005255,2023-05-10,2024-05-09,Cobertura amplia,Volkswagen Jetta,2020,19718,600,Vencido,0,1
P000005256,2023-08-15,2024-08-14,Cobertura amplia,Toyota Corolla,2011,16163,700,Al día,1,0
P000005257,2024-02-18,2025-02-17,Cobertura amplia,Honda Civic,2012,30338,600,Al día,1,1
P000005258,2024-04-01,2025-04-01,Cobertura amplia,Ford Focus,2018,21882,600,Al día,0,1
P000005259,2020-10-04,2021-10-04,Cobertura de colisión,Ford Focus,2010,17194,600,Al día,1,1
P000005260,2024-10-16,2025-10-16,Cobertura de robo,Hyundai Elantra,2020,12437,700,Al día,0,1
P000005261,2020-09-22,2021-09-22,Responsabilidad civil,Chevrolet Cruze,2011,46098,600,Al día,1,1
P000005262,2023-04-14,2024-04-13,Cobertura amplia,Mazda 3,2011,27456,500,Al día,0,1
P000005263,2025-04-12,2026-04-12,Cobertura de colisión,Volkswagen Jetta,2015,40243,500,Vencido,1,0
P000005264,2021-07-05,2022-07-05,Cobertura de colisión,Ford Focus,2015,30631,600,Al día,1,1
P000005265,2021-05-14,2022-05-14,Cobertura total,Hyundai Elantra,2020,46573,600,Al día,1,0
P000005266,2023-01-29,2024-01-29,Cobertura de robo,Kia Forte,2017,36520,700,Al día,0,0
P000005267,2023-09-10,2024-09-09,Cobertura de robo,Hyundai Elantra,2010,26756,500,Al día,1,0
P000005268,2025-11-28,2026-11-28,Cobertura total,Chevrolet Cruze,2012,43605,600,Al día,0,0
P000005269,2024-08-21,2025-08-21,Cobertura de robo,Ford Focus,2013,22880,700,Vencido,0,1
P000005270,2025-11-18,2026-11-18,Cobertura de robo,Toyota Corolla,2017,38636,600,Vencido,1,1
P000005271,2022-05-09,2023-05-09,Cobertura de colisión,Nissan Sentra,2020,49464,700,Al día,0,1
P000005272,2022-05-06,2023-05-06,Cobertura de colisión,Nissan Sentra,2020,12212,700,Al día,1,1
P000005273,2020-08-26,2021-08-26,Cobertura de robo,Nissan Sentra,2020,49154,700,Vencido,1,1
P000005274,2021-03-23,2022-03-23,Responsabilidad civil,Ford Focus,2018,22544,600,Vencido,0,1
P000005275,2025-12-06,2026-12-06,Cobertura total,Subaru Impreza,2016,33820,700,Al día,1,1
P000005276,2020-12-25,2021-12-25,Cobertura amplia,Nissan Sentra,2019,14602,600,Al día,0,0
P000005277,2025-06-04,2026-06-04,Cobertura de colisión,Toyota Corolla,2019,48883,600,Vencido,1,1
P000005278,2023-03-22,2024-03-21,Cobertura total,Ford Focus,2015,34003,600,Vencido,0,0
P000005279,2024-10-15,2025-10-15,Cobertura total,Mazda 3,2012,10806,700,Al día,0,0
P000005280,2023-07-20,2024-07-19,Cobertura de colisión,Subaru Impreza,2021,37513,500,Al día,1,1
P000005281,2022-11-29,2023-11-29,Cobertura de robo,Toyota Corolla,2014,48350,500,Vencido,1,1
P000005282,2025-11-22,2026-11-22,Cobertura total,Toyota Corolla,2010,25110,700,Al día,0,1
P000005283,2023-12-20,2024-12-19,Cobertura de colisión,Toyota Corolla,2021,15643,600,Vencido,1,1
P000005284,2021-06-15,2022-06-15,Cobertura amplia,Ford Focus,2012,15639,600,Al día,1,0
P000005285,2025-07-26,2026-07-26,Cobertura amplia,Toyota Corolla,2020,18584,600,Al día,0,0
P000005286,2025-10-29,2026-10-29,Cobertura de colisión,Honda Civic,2012,14483,700,Al día,1,1
P000005287,2025-07-31,2026-07-31,Cobertura total,Honda Civic,2017,24788,600,Al día,0,0
P000005288,2025-07-10,2026-07-10,Cobertura de robo,Chevrolet Cruze,2021,30239,500,Vencido,1,0
P000005289,2022-01-06,2023-01-06,Responsabilidad civil,Ford Focus,2010,21563,500,Vencido,1,1
P000005290,2022-08-11,2023-08-11,Cobertura de robo,Honda Civic,2015,17712,600,Al día,0,0
P000005291,2023-04-04,2024-04-03,Cobertura amplia,Toyota Corolla,2016,49227,600,Al día,0,0
P000005292,2022-03-03,2023-03-03,Cobertura total,Ford Focus,2022,24093,600,Vencido,1,1
P000005293,2020-01-07,2021-01-06,Cobertura de colisión,Chevrolet Cruze,2012,49012,500,Al día,0,0
P000005294,2021-04-29,2022-04-29,Cobertura amplia,Kia Forte,2021,19705,700,Vencido,1,0
P000005295,2020-04-08,2021-04-08,Cobertura de colisión,Volkswagen Jetta,2016,38021,600,Al día,1,1
P000005296,2025-03-19,2026-03-19,Cobertura de colisión,Nissan Sentra,2017,48910,700,Al día,0,1
P000005297,2021-04-28,2022-04-28,Cobertura de colisión,Volkswagen Jetta,2014,14351,500,Al día,1,1
P000005298,2022-04-29,2023-04-29,Cobertura de robo,Honda Civic,2020,28717,600,Vencido,0,1
P000005299,2024-08-25,2025-08-25,Cobertura amplia,Toyota Corolla,2014,30672,500,Vencido,0,0
P000005300,2024-08-22,2025-08-22,Cobertura de colisión,Toyota Corolla,2021,33205,500,Al día,1,0
P000005301,2020-07-05,2021-07-05,Cobertura de colisión,Ford Focus,2010,16231,500,Vencido,0,0
P000005302,2023-09-29,2024-09-28,Cobertura total,Volkswagen Jetta,2012,29749,500,Vencido,0,0
P000005303,2023-12-03,2024-12-02,Cobertura amplia,Toyota Corolla,2022,49955,700,Al día,1,0
P000005304,2022-05-19,2023-05-19,Cobertura amplia,Chevrolet Cruze,2011,29487,500,Al día,0,1
P000005305,2020-02-16,2021-02-15,Cobertura de robo,Toyota Corolla,2020,31624,700,Vencido,0,1
P000005306,2022-04-04,2023-04-04,Responsabilidad civil,Volkswagen Jetta,2012,12095,600,Vencido,1,0
P000005307,2023-02-27,2024-02-27,Responsabilidad civil,Mazda 3,2019,47616,500,Vencido,1,0
P000005308,2022-11-08,2023-11-08,Cobertura total,Mazda 3,2010,32629,500,Al día,0,1
P000005309,2020-10-04,2021-10-04,Cobertura de robo,Hyundai Elantra,2013,36094,700,Vencido,0,1
P000005310,2023-06-14,2024-06-13,Responsabilidad civil,Toyota Corolla,2020,21564,500,Vencido,0,0
P000005311,2023-05-14,2024-05-13,Cobertura de robo,Toyota Corolla,2017,17812,600,Al día,1,1
P000005312,2025-09-06,2026-09-06,Cobertura de robo,Toyota Corolla,2011,17708,700,Vencido,1,0
P000005313,2023-08-19,2024-08-18,Cobertura amplia,Ford Focus,2013,17379,700,Al día,1,0
P000005314,2020-01-26,2021-01-25,Cobertura de robo,Hyundai Elantra,2014,14201,700,Vencido,1,0
P000005315,2021-04-11,2022-04-11,Responsabilidad civil,Subaru Impreza,2010,17030,500,Al día,0,1
P000005316,2023-09-27,2024-09-26,Responsabilidad civil,Chevrolet Cruze,2020,47000,500,Vencido,0,0
P000005317,2023-10-30,2024-10-29,Responsabilidad civil,Toyota Corolla,2011,36135,600,Vencido,0,1
P000005318,2024-06-10,2025-06-10,Cobertura de robo,Chevrolet Cruze,2010,12898,500,Vencido,0,1
P000005319,2020-04-29,2021-04-29,Cobertura de robo,Chevrolet Cruze,2019,46589,700,Vencido,0,1
P000005320,2021-12-20,2022-12-20,Cobertura de colisión,Kia Forte,2017,13641,700,Al día,0,0
P000005321,2022-03-05,2023-03-05,Cobertura de colisión,Ford Focus,2013,47870,500,Vencido,1,0
P000005322,2023-09-15,2024-09-14,Cobertura total,Kia Forte,2011,10714,500,Al día,0,1
P000005323,2023-10-16,2024-10-15,Cobertura de robo,Chevrolet Cruze,2022,40108,500,Al día,0,1
P000005324,2025-05-16,2026-05-16,Cobertura de robo,Nissan Sentra,2015,37371,500,Vencido,1,1
P000005325,2025-04-27,2026-04-27,Cobertura total,Chevrolet Cruze,2021,44673,700,Al día,0,1
P000005326,2020-05-25,2021-05-25,Cobertura total,Ford Focus,2017,23089,700,Al día,0,0
P000005327,2021-07-10,2022-07-10,Cobertura de robo,Chevrolet Cruze,2020,26585,700,Vencido,0,1
P000005328,2025-05-26,2026-05-26,Cobertura de robo,Nissan Sentra,2022,24926,700,Al día,0,1
P000005329,2021-09-28,2022-09-28,Cobertura de colisión,Honda Civic,2011,27702,700,Vencido,1,0
P000005330,2025-03-01,2026-03-01,Cobertura total,Nissan Sentra,2015,39211,500,Al día,0,1
P000005331,2023-10-04,2024-10-03,Cobertura amplia,Toyota Corolla,2011,45270,600,Vencido,1,1
P000005332,2025-03-09,2026-03-09,Cobertura de colisión,Volkswagen Jetta,2020,27006,700,Vencido,0,0
P000005333,2024-08-22,2025-08-22,Cobertura total,Volkswagen Jetta,2019,30401,500,Vencido,0,1
P000005334,2020-08-17,2021-08-17,Cobertura de colisión,Honda Civic,2015,32003,700,Vencido,0,1
P000005335,2025-11-04,2026-11-04,Cobertura total,Honda Civic,2022,13935,700,Al día,1,0
P000005336,2023-05-11,2024-05-10,Cobertura de colisión,Kia Forte,2014,21968,500,Vencido,1,0
P000005337,2023-07-16,2024-07-15,Cobertura total,Chevrolet Cruze,2011,29823,600,Al día,1,1
P000005338,2020-03-17,2021-03-17,Cobertura de robo,Ford Focus,2019,35714,700,Al día,1,0
P000005339,2022-05-03,2023-05-03,Cobertura amplia,Kia Forte,2022,25341,600,Al día,0,0
P000005340,2023-09-20,2024-09-19,Cobertura de colisión,Subaru Impreza,2018,10045,500,Al día,0,0
P000005341,2023-12-19,2024-12-18,Cobertura de colisión,Chevrolet Cruze,2019,49248,500,Al día,1,1
P000005342,2020-09-28,2021-09-28,Cobertura total,Hyundai Elantra,2019,38305,700,Vencido,1,0
P000005343,2021-09-03,2022-09-03,Cobertura amplia,Subaru Impreza,2022,32320,600,Vencido,1,0
P000005344,2023-02-22,2024-02-22,Cobertura amplia,Volkswagen Jetta,2012,42737,700,Vencido,0,0
P000005345,2020-05-07,2021-05-07,Cobertura de colisión,Ford Focus,2014,36666,700,Al día,1,1
P000005346,2023-10-21,2024-10-20,Cobertura total,Honda Civic,2022,45098,500,Al día,0,0
P000005347,2024-03-16,2025-03-16,Cobertura de colisión,Honda Civic,2019,38103,700,Vencido,0,1
P000005348,2025-12-28,2026-12-28,Responsabilidad civil,Chevrolet Cruze,2013,29301,500,Al día,1,0
P000005349,2021-11-10,2022-11-10,Cobertura total,Chevrolet Cruze,2022,46900,700,Al día,0,1
P000005350,2024-05-14,2025-05-14,Responsabilidad civil,Chevrolet Cruze,2016,49609,700,Vencido,1,1
P000005351,2022-02-06,2023-02-06,Responsabilidad civil,Chevrolet Cruze,2012,42852,500,Al día,1,0
P000005352,2021-04-23,2022-04-23,Cobertura amplia,Kia Forte,2022,45672,500,Al día,0,1
P000005353,2023-06-16,2024-06-15,Cobertura total,Nissan Sentra,2022,45879,600,Al día,1,1
P000005354,2023-07-12,2024-07-11,Cobertura de colisión,Ford Focus,2011,48511,500,Al día,1,1
P000005355,2020-05-09,2021-05-09,Cobertura amplia,Honda Civic,2016,18363,700,Vencido,1,0
P000005356,2023-01-17,2024-01-17,Cobertura de colisión,Ford Focus,2016,33435,500,Al día,1,0
P000005357,2024-08-22,2025-08-22,Cobertura amplia,Hyundai Elantra,2012,35512,700,Vencido,1,1
P000005358,2020-12-21,2021-12-21,Cobertura amplia,Toyota Corolla,2017,47467,500,Al día,1,1
P000005359,2025-07-28,2026-07-28,Cobertura de colisión,Toyota Corolla,2011,12806,600,Al día,1,1
P000005360,2022-08-31,2023-08-31,Cobertura amplia,Toyota Corolla,2013,17152,500,Al día,0,0
P000005361,2024-03-02,2025-03-02,Cobertura de robo,Nissan Sentra,2021,10176,500,Vencido,0,0
P000005362,2025-01-25,2026-01-25,Responsabilidad civil,Toyota Corolla,2015,15149,600,Al día,1,1
P000005363,2023-05-24,2024-05-23,Cobertura de robo,Volkswagen Jetta,2022,39548,700,Vencido,0,1
P000005364,2022-06-04,2023-06-04,Cobertura total,Volkswagen Jetta,2020,11674,600,Vencido,1,1
P000005365,2025-11-20,2026-11-20,Responsabilidad civil,Honda Civic,2014,43386,500,Al día,0,0
P000005366,2023-05-23,2024-05-22,Cobertura total,Nissan Sentra,2011,10114,500,Al día,1,1
P000005367,2021-12-17,2022-12-17,Cobertura de robo,Toyota Corolla,2013,47848,600,Al día,1,1
P000005368,2021-04-04,2022-04-04,Cobertura de colisión,Nissan Sentra,2010,11353,700,Al día,1,0
P000005369,2024-03-12,2025-03-12,Responsabilidad civil,Ford Focus,2015,47530,700,Vencido,0,0
P000005370,2020-06-02,2021-06-02,Responsabilidad civil,Toyota Corolla,2017,48835,700,Vencido,1,0
P000005371,2022-04-07,2023-04-07,Responsabilidad civil,Subaru Impreza,2014,22842,600,Al día,1,0
P000005372,2021-01-14,2022-01-14,Cobertura de robo,Subaru Impreza,2015,30494,500,Vencido,1,0
P000005373,2024-12-22,2025-12-22,Cobertura amplia,Mazda 3,2013,10570,500,Vencido,1,0
P000005374,2025-09-03,2026-09-03,Cobertura amplia,Honda Civic,2011,45192,500,Vencido,0,0
P000005375,2020-04-12,2021-04-12,Cobertura amplia,Honda Civic,2010,23909,700,Al día,0,1
P000005376,2025-05-30,2026-05-30,Cobertura de robo,Toyota Corolla,2013,28992,700,Al día,0,0
P000005377,2025-08-10,2026-08-10,Cobertura de robo,Mazda 3,2021,20637,500,Vencido,0,1
P000005378,2021-09-23,2022-09-23,Responsabilidad civil,Chevrolet Cruze,2022,24445,600,Vencido,0,1
P000005379,2022-02-18,2023-02-18,Cobertura total,Ford Focus,2014,10817,700,Al día,0,0
P000005380,2023-10-25,2024-10-24,Cobertura amplia,Ford Focus,2015,20557,500,Vencido,1,0
P000005381,2025-06-03,2026-06-03,Cobertura de robo,Mazda 3,2015,38352,500,Al día,1,1
P000005382,2025-11-14,2026-11-14,Cobertura de colisión,Ford Focus,2011,23991,500,Vencido,1,1
P000005383,2023-06-25,2024-06-24,Cobertura amplia,Toyota Corolla,2015,15001,600,Vencido,0,0
P000005384,2023-09-02,2024-09-01,Cobertura amplia,Ford Focus,2011,48588,500,Vencido,0,0
P000005385,2021-08-09,2022-08-09,Cobertura total,Honda Civic,2022,25725,500,Al día,0,0
P000005386,2021-02-06,2022-02-06,Responsabilidad civil,Chevrolet Cruze,2017,25647,500,Vencido,1,0
P000005387,2025-10-15,2026-10-15,Cobertura total,Ford Focus,2021,39978,500,Vencido,0,0
P000005388,2021-06-27,2022-06-27,Cobertura total,Honda Civic,2019,25240,700,Al día,0,0
P000005389,2022-04-20,2023-04-20,Cobertura de colisión,Chevrolet Cruze,2012,33654,500,Al día,1,1
P000005390,2020-05-29,2021-05-29,Cobertura de robo,Kia Forte,2016,13552,500,Al día,0,1
P000005391,2025-02-24,2026-02-24,Responsabilidad civil,Toyota Corolla,2022,45757,500,Al día,1,1
P000005392,2024-05-06,2025-05-06,Cobertura de robo,Chevrolet Cruze,2011,29816,700,Vencido,0,1
P000005393,2025-11-09,2026-11-09,Cobertura amplia,Volkswagen Jetta,2013,30376,700,Vencido,1,0
P000005394,2021-04-19,2022-04-19,Cobertura de colisión,Kia Forte,2013,18982,700,Al día,1,0
P000005395,2020-01-17,2021-01-16,Cobertura amplia,Ford Focus,2021,31127,500,Al día,1,1
P000005396,2023-06-27,2024-06-26,Cobertura de colisión,Ford Focus,2021,12972,500,Al día,0,1
P000005397,2020-06-29,2021-06-29,Responsabilidad civil,Toyota Corolla,2017,30556,500,Al día,0,1
P000005398,2020-12-22,2021-12-22,Responsabilidad civil,Kia Forte,2015,48092,600,Vencido,0,0
P000005399,2023-09-27,2024-09-26,Responsabilidad civil,Hyundai Elantra,2016,18085,700,Vencido,0,0
P000005400,2025-03-27,2026-03-27,Cobertura amplia,Volkswagen Jetta,2019,36243,500,Vencido,0,0
P000005401,2020-07-07,2021-07-07,Cobertura de robo,Toyota Corolla,2022,36605,600,Al día,1,0
P000005402,2021-02-26,2022-02-26,Responsabilidad civil,Honda Civic,2018,27022,700,Al día,0,1
P000005403,2025-11-02,2026-11-02,Cobertura total,Hyundai Elantra,2021,20505,500,Vencido,1,0
P000005404,2023-07-03,2024-07-02,Cobertura amplia,Volkswagen Jetta,2015,43548,600,Vencido,0,0
P000005405,2020-04-02,2021-04-02,Cobertura de robo,Nissan Sentra,2021,39221,700,Vencido,1,0
P000005406,2023-07-02,2024-07-01,Responsabilidad civil,Honda Civic,2010,31897,500,Al día,0,0
P000005407,2022-05-09,2023-05-09,Cobertura total,Ford Focus,2020,31815,600,Vencido,0,0
P000005408,2023-08-07,2024-08-06,Cobertura de colisión,Honda Civic,2010,45312,600,Vencido,0,1
P000005409,2022-04-01,2023-04-01,Cobertura de colisión,Toyota Corolla,2021,15255,700,Al día,0,1
P000005410,2022-02-27,2023-02-27,Cobertura de colisión,Toyota Corolla,2022,47334,500,Al día,0,1
P000005411,2023-03-19,2024-03-18,Cobertura de robo,Volkswagen Jetta,2013,16047,700,Al día,1,0
P000005412,2023-02-07,2024-02-07,Cobertura total,Toyota Corolla,2022,15556,500,Vencido,1,1
P000005413,2025-12-20,2026-12-20,Cobertura total,Mazda 3,2021,37515,600,Al día,0,0
P000005414,2023-07-31,2024-07-30,Cobertura de colisión,Subaru Impreza,2011,22033,600,Al día,1,1
P000005415,2024-12-11,2025-12-11,Cobertura amplia,Chevrolet Cruze,2021,41326,700,Al día,0,1
P000005416,2021-04-26,2022-04-26,Cobertura amplia,Honda Civic,2012,19455,500,Al día,0,0
P000005417,2023-01-21,2024-01-21,Cobertura de robo,Chevrolet Cruze,2010,23998,700,Al día,0,0
P000005418,2021-09-03,2022-09-03,Cobertura de colisión,Chevrolet Cruze,2019,23130,500,Vencido,0,0
P000005419,2021-10-07,2022-10-07,Responsabilidad civil,Subaru Impreza,2015,37757,700,Vencido,0,0
P000005420,2023-01-25,2024-01-25,Cobertura total,Ford Focus,2011,48289,600,Al día,1,1
P000005421,2021-04-13,2022-04-13,Responsabilidad civil,Volkswagen Jetta,2020,40218,700,Vencido,0,0
P000005422,2020-03-03,2021-03-03,Cobertura de colisión,Hyundai Elantra,2011,48538,700,Al día,0,0
P000005423,2025-10-06,2026-10-06,Cobertura de robo,Toyota Corolla,2010,29606,700,Al día,1,1
P000005424,2021-02-23,2022-02-23,Cobertura de robo,Subaru Impreza,2021,16364,500,Vencido,0,1
P000005425,2022-04-26,2023-04-26,Responsabilidad civil,Kia Forte,2011,19367,700,Al día,1,0
P000005426,2023-12-05,2024-12-04,Responsabilidad civil,Volkswagen Jetta,2017,17463,600,Vencido,0,0
P000005427,2023-07-28,2024-07-27,Cobertura total,Hyundai Elantra,2012,12209,600,Vencido,0,1
P000005428,2023-01-15,2024-01-15,Cobertura de robo,Mazda 3,2018,25488,600,Al día,1,0
P000005429,2021-08-02,2022-08-02,Cobertura de colisión,Ford Focus,2014,31638,600,Vencido,0,0
P000005430,2023-03-06,2024-03-05,Cobertura de robo,Hyundai Elantra,2017,22368,500,Vencido,1,1
P000005431,2022-09-29,2023-09-29,Responsabilidad civil,Toyota Corolla,2020,33816,500,Al día,0,1
P000005432,2021-12-02,2022-12-02,Cobertura de colisión,Mazda 3,2020,17500,700,Vencido,1,0
P000005433,2020-10-18,2021-10-18,Cobertura amplia,Volkswagen Jetta,2020,22841,600,Al día,1,1
P000005434,2023-06-29,2024-06-28,Cobertura total,Subaru Impreza,2014,16400,600,Vencido,0,0
P000005435,2023-10-19,2024-10-18,Cobertura de robo,Nissan Sentra,2014,43116,700,Al día,1,1
P000005436,2024-12-22,2025-12-22,Cobertura de robo,Ford Focus,2018,18667,600,Al día,1,0
P000005437,2020-07-26,2021-07-26,Cobertura total,Ford Focus,2015,45197,500,Vencido,0,1
P000005438,2021-06-16,2022-06-16,Cobertura total,Nissan Sentra,2021,25022,600,Vencido,0,1
P000005439,2020-04-28,2021-04-28,Cobertura de colisión,Volkswagen Jetta,2014,49101,700,Al día,1,0
P000005440,2025-04-12,2026-04-12,Responsabilidad civil,Toyota Corolla,2012,23524,600,Al día,0,0
P000005441,2020-07-25,2021-07-25,Responsabilidad civil,Chevrolet Cruze,2017,29300,500,Vencido,1,1
P000005442,2021-03-09,2022-03-09,Cobertura de robo,Chevrolet Cruze,2021,33709,500,Vencido,1,0
P000005443,2024-04-20,2025-04-20,Cobertura de robo,Ford Focus,2010,21161,500,Al día,0,0
P000005444,2020-08-08,2021-08-08,Cobertura amplia,Honda Civic,2012,24318,500,Al día,0,0
P000005445,2020-12-18,2021-12-18,Cobertura de robo,Nissan Sentra,2019,35492,700,Vencido,1,1
P000005446,2024-10-12,2025-10-12,Responsabilidad civil,Toyota Corolla,2016,20977,600,Al día,1,0
P000005447,2024-05-24,2025-05-24,Cobertura amplia,Volkswagen Jetta,2011,15786,700,Al día,1,0
P000005448,2022-01-03,2023-01-03,Cobertura de robo,Honda Civic,2014,29456,600,Al día,0,0
P000005449,2024-12-31,2025-12-31,Cobertura de robo,Nissan Sentra,2014,34606,600,Vencido,1,0
P000005450,2023-12-27,2024-12-26,Cobertura de robo,Chevrolet Cruze,2020,20887,600,Al día,1,0
P000005451,2023-07-03,2024-07-02,Responsabilidad civil,Honda Civic,2016,17023,500,Vencido,0,1
P000005452,2023-09-23,2024-09-22,Cobertura de colisión,Chevrolet Cruze,2022,27004,600,Al día,1,0
P000005453,2022-03-22,2023-03-22,Cobertura de colisión,Hyundai Elantra,2011,36274,500,Al día,1,0
P000005454,2025-12-25,2026-12-25,Cobertura de robo,Toyota Corolla,2017,19073,500,Vencido,0,0
P000005455,2020-11-17,2021-11-17,Cobertura de robo,Nissan Sentra,2021,43237,500,Vencido,0,0
P000005456,2025-03-22,2026-03-22,Cobertura amplia,Nissan Sentra,2016,35717,500,Al día,0,0
P000005457,2021-06-23,2022-06-23,Cobertura de colisión,Chevrolet Cruze,2014,21787,700,Vencido,0,0
P000005458,2021-01-15,2022-01-15,Cobertura amplia,Chevrolet Cruze,2021,39159,600,Vencido,1,0
P000005459,2025-04-02,2026-04-02,Cobertura de colisión,Kia Forte,2013,41004,600,Al día,1,0
P000005460,2021-02-02,2022-02-02,Cobertura amplia,Subaru Impreza,2016,18882,500,Vencido,1,0
P000005461,2025-02-09,2026-02-09,Cobertura total,Hyundai Elantra,2016,45337,700,Vencido,1,0
P000005462,2023-06-25,2024-06-24,Cobertura total,Subaru Impreza,2014,34936,600,Al día,0,1
P000005463,2025-03-21,2026-03-21,Cobertura total,Nissan Sentra,2020,29706,500,Al día,0,1
P000005464,2025-04-11,2026-04-11,Cobertura amplia,Ford Focus,2020,32054,500,Al día,1,0
P000005465,2022-08-07,2023-08-07,Cobertura de colisión,Ford Focus,2011,30469,500,Al día,0,0
P000005466,2022-07-05,2023-07-05,Cobertura de robo,Chevrolet Cruze,2016,10601,500,Vencido,0,1
P000005467,2021-08-11,2022-08-11,Cobertura total,Chevrolet Cruze,2012,10119,500,Vencido,0,1
P000005468,2022-11-22,2023-11-22,Cobertura total,Nissan Sentra,2020,29381,500,Vencido,0,0
P000005469,2024-01-28,2025-01-27,Cobertura de colisión,Ford Focus,2021,28103,600,Al día,0,1
P000005470,2024-05-24,2025-05-24,Cobertura amplia,Volkswagen Jetta,2014,19904,600,Al día,0,0
P000005471,2022-01-21,2023-01-21,Cobertura de colisión,Ford Focus,2017,40989,600,Al día,1,0
P000005472,2023-09-15,2024-09-14,Cobertura amplia,Honda Civic,2013,21973,600,Vencido,0,1
P000005473,2023-08-23,2024-08-22,Responsabilidad civil,Nissan Sentra,2014,39007,600,Vencido,1,1
P000005474,2025-01-30,2026-01-30,Cobertura de robo,Volkswagen Jetta,2013,30813,700,Al día,0,0
P000005475,2025-06-19,2026-06-19,Cobertura total,Volkswagen Jetta,2015,44444,600,Al día,0,0
P000005476,2020-05-03,2021-05-03,Cobertura total,Subaru Impreza,2011,36622,500,Vencido,1,1
P000005477,2020-09-24,2021-09-24,Cobertura amplia,Hyundai Elantra,2017,26484,700,Al día,1,1
P000005478,2025-04-30,2026-04-30,Responsabilidad civil,Volkswagen Jetta,2014,26831,500,Vencido,1,1
P000005479,2021-04-07,2022-04-07,Cobertura total,Hyundai Elantra,2019,16757,500,Vencido,0,0
P000005480,2023-12-10,2024-12-09,Cobertura de colisión,Chevrolet Cruze,2011,35594,600,Al día,1,1
P000005481,2025-05-14,2026-05-14,Cobertura amplia,Volkswagen Jetta,2015,20498,600,Vencido,1,0
P000005482,2025-03-04,2026-03-04,Responsabilidad civil,Hyundai Elantra,2018,47493,600,Al día,1,0
P000005483,2021-11-30,2022-11-30,Cobertura de robo,Subaru Impreza,2017,24197,600,Al día,1,1
P000005484,2023-03-02,2024-03-01,Cobertura de robo,Toyota Corolla,2011,15677,500,Vencido,1,1
P000005485,2023-11-28,2024-11-27,Responsabilidad civil,Ford Focus,2020,37514,600,Al día,1,1
P000005486,2021-06-05,2022-06-05,Cobertura total,Kia Forte,2015,32155,600,Al día,1,1
P000005487,2025-09-11,2026-09-11,Responsabilidad civil,Kia Forte,2012,46234,700,Al día,1,0
P000005488,2021-02-25,2022-02-25,Cobertura total,Toyota Corolla,2019,44223,600,Al día,0,1
P000005489,2024-07-19,2025-07-19,Cobertura amplia,Nissan Sentra,2014,46424,700,Vencido,0,1
P000005490,2021-03-14,2022-03-14,Cobertura amplia,Honda Civic,2011,37573,700,Vencido,1,0
P000005491,2023-08-27,2024-08-26,Cobertura de colisión,Hyundai Elantra,2010,40109,500,Al día,0,0
P000005492,2020-10-17,2021-10-17,Cobertura de colisión,Nissan Sentra,2020,49222,500,Vencido,1,0
P000005493,2023-05-22,2024-05-21,Responsabilidad civil,Ford Focus,2015,40353,600,Al día,1,0
P000005494,2025-12-22,2026-12-22,Responsabilidad civil,Kia Forte,2022,18977,600,Al día,0,1
P000005495,2025-03-03,2026-03-03,Cobertura de robo,Honda Civic,2015,47176,500,Vencido,1,1
P000005496,2024-06-29,2025-06-29,Cobertura de robo,Nissan Sentra,2014,18522,600,Al día,1,0
P000005497,2024-08-20,2025-08-20,Cobertura de robo,Ford Focus,2018,34581,700,Al día,0,1
P000005498,2022-09-04,2023-09-04,Responsabilidad civil,Volkswagen Jetta,2014,45196,500,Vencido,0,1
P000005499,2022-09-25,2023-09-25,Cobertura de colisión,Toyota Corolla,2015,29014,500,Al día,0,0
P000005500,2021-10-13,2022-10-13,Cobertura total,Ford Focus,2015,13754,600,Vencido,1,0
P000005501,2025-05-29,2026-05-29,Responsabilidad civil,Honda Civic,2022,34675,700,Vencido,1,0
P000005502,2024-04-21,2025-04-21,Cobertura amplia,Toyota Corolla,2014,18571,500,Vencido,0,1
P000005503,2020-09-27,2021-09-27,Cobertura de robo,Chevrolet Cruze,2020,10857,500,Vencido,0,0
P000005504,2023-10-27,2024-10-26,Responsabilidad civil,Honda Civic,2015,35174,700,Al día,0,0
P000005505,2022-05-02,2023-05-02,Cobertura total,Toyota Corolla,2014,17328,500,Al día,1,0
P000005506,2024-10-31,2025-10-31,Cobertura total,Honda Civic,2012,44962,500,Vencido,0,0
P000005507,2024-11-18,2025-11-18,Responsabilidad civil,Nissan Sentra,2012,13661,700,Al día,0,1
P000005508,2023-11-02,2024-11-01,Responsabilidad civil,Kia Forte,2016,34688,600,Al día,1,1
P000005509,2022-08-25,2023-08-25,Responsabilidad civil,Honda Civic,2016,23097,600,Al día,1,0
P000005510,2021-12-09,2022-12-09,Responsabilidad civil,Toyota Corolla,2015,33561,600,Al día,0,1
P000005511,2020-11-15,2021-11-15,Cobertura de robo,Honda Civic,2020,16895,700,Al día,0,1
P000005512,2025-06-16,2026-06-16,Cobertura total,Toyota Corolla,2020,31840,600,Al día,0,1
P000005513,2021-04-13,2022-04-13,Cobertura total,Ford Focus,2013,44371,600,Vencido,0,1
P000005514,2025-03-11,2026-03-11,Cobertura de robo,Volkswagen Jetta,2018,27893,700,Vencido,0,0
P000005515,2023-08-25,2024-08-24,Cobertura de robo,Hyundai Elantra,2011,25748,500,Vencido,1,1
P000005516,2021-02-03,2022-02-03,Cobertura de robo,Honda Civic,2010,42188,500,Vencido,0,0
P000005517,2024-12-28,2025-12-28,Cobertura de robo,Toyota Corolla,2011,32021,700,Vencido,1,0
P000005518,2021-12-22,2022-12-22,Cobertura de colisión,Toyota Corolla,2012,11248,500,Al día,1,1
P000005519,2023-06-15,2024-06-14,Responsabilidad civil,Ford Focus,2019,26237,600,Al día,0,0
P000005520,2024-07-20,2025-07-20,Responsabilidad civil,Nissan Sentra,2021,37577,600,Vencido,0,1
P000005521,2020-10-12,2021-10-12,Responsabilidad civil,Honda Civic,2011,42550,700,Vencido,0,0
P000005522,2021-03-21,2022-03-21,Cobertura de colisión,Toyota Corolla,2011,13971,700,Vencido,0,0
P000005523,2024-04-01,2025-04-01,Responsabilidad civil,Honda Civic,2010,23961,500,Al día,1,0
P000005524,2023-09-03,2024-09-02,Cobertura amplia,Ford Focus,2012,12257,600,Vencido,1,0
P000005525,2025-07-17,2026-07-17,Cobertura total,Nissan Sentra,2014,13312,600,Vencido,0,0
P000005526,2020-09-08,2021-09-08,Cobertura total,Ford Focus,2019,15904,600,Vencido,1,1
P000005527,2021-01-05,2022-01-05,Cobertura amplia,Hyundai Elantra,2020,17051,700,Vencido,0,0
P000005528,2022-06-10,2023-06-10,Cobertura total,Toyota Corolla,2014,48784,500,Vencido,1,1
P000005529,2021-07-23,2022-07-23,Responsabilidad civil,Toyota Corolla,2021,44053,500,Al día,0,1
P000005530,2020-01-01,2020-12-31,Cobertura total,Toyota Corolla,2010,15824,500,Vencido,0,0
P000005531,2021-08-23,2022-08-23,Responsabilidad civil,Hyundai Elantra,2012,40309,700,Vencido,0,0
P000005532,2021-09-03,2022-09-03,Responsabilidad civil,Chevrolet Cruze,2012,33525,700,Al día,1,0
P000005533,2025-01-29,2026-01-29,Cobertura amplia,Ford Focus,2014,27410,700,Vencido,0,0
P000005534,2025-12-16,2026-12-16,Cobertura de robo,Ford Focus,2014,24712,700,Al día,1,0
P000005535,2023-04-08,2024-04-07,Responsabilidad civil,Volkswagen Jetta,2015,29799,600,Vencido,0,1
P000005536,2024-05-16,2025-05-16,Cobertura de robo,Honda Civic,2017,20660,700,Al día,0,0
P000005537,2025-01-05,2026-01-05,Cobertura amplia,Toyota Corolla,2011,19623,700,Al día,0,0
P000005538,2022-03-12,2023-03-12,Responsabilidad civil,Toyota Corolla,2016,16031,500,Al día,0,0
P000005539,2022-04-22,2023-04-22,Responsabilidad civil,Hyundai Elantra,2017,40639,500,Vencido,0,1
P000005540,2023-07-20,2024-07-19,Cobertura total,Toyota Corolla,2015,25742,500,Vencido,1,0
P000005541,2023-05-12,2024-05-11,Cobertura total,Chevrolet Cruze,2017,20016,500,Vencido,0,1
P000005542,2023-06-01,2024-05-31,Cobertura de robo,Toyota Corolla,2015,11957,500,Vencido,0,0
P000005543,2024-11-15,2025-11-15,Responsabilidad civil,Honda Civic,2010,38838,700,Al día,0,1
P000005544,2023-11-11,2024-11-10,Cobertura amplia,Honda Civic,2022,23785,700,Vencido,0,1
P000005545,2020-12-31,2021-12-31,Cobertura amplia,Toyota Corolla,2014,27694,500,Al día,0,1
P000005546,2020-02-03,2021-02-02,Cobertura de robo,Toyota Corolla,2011,37733,500,Al día,1,1
P000005547,2025-09-21,2026-09-21,Cobertura de robo,Ford Focus,2013,17169,500,Vencido,0,0
P000005548,2024-07-13,2025-07-13,Cobertura total,Volkswagen Jetta,2016,12205,700,Vencido,1,1
P000005549,2021-06-06,2022-06-06,Cobertura de colisión,Kia Forte,2010,25764,600,Vencido,1,0
P000005550,2023-04-19,2024-04-18,Cobertura amplia,Toyota Corolla,2014,39329,600,Al día,1,0
P000005551,2020-09-12,2021-09-12,Cobertura de robo,Toyota Corolla,2017,10270,600,Al día,1,1
P000005552,2024-02-21,2025-02-20,Cobertura amplia,Honda Civic,2018,45491,500,Al día,0,0
P000005553,2020-08-05,2021-08-05,Cobertura de robo,Kia Forte,2014,19361,500,Al día,1,0
P000005554,2020-01-04,2021-01-03,Cobertura total,Honda Civic,2018,37826,600,Vencido,1,1
P000005555,2024-01-11,2025-01-10,Cobertura de colisión,Honda Civic,2022,42689,500,Vencido,0,1
P000005556,2021-03-25,2022-03-25,Cobertura amplia,Toyota Corolla,2018,13125,700,Vencido,0,0
P000005557,2023-03-01,2024-02-29,Cobertura de robo,Toyota Corolla,2018,20889,600,Al día,1,0
P000005558,2020-05-07,2021-05-07,Responsabilidad civil,Toyota Corolla,2016,38660,600,Vencido,0,0
P000005559,2022-08-21,2023-08-21,Cobertura de robo,Nissan Sentra,2014,36966,700,Al día,1,1
P000005560,2024-11-03,2025-11-03,Cobertura de robo,Honda Civic,2016,13653,600,Vencido,0,1
P000005561,2024-06-02,2025-06-02,Cobertura de robo,Chevrolet Cruze,2011,34067,500,Al día,0,1
P000005562,2023-07-27,2024-07-26,Cobertura de colisión,Ford Focus,2020,37084,700,Vencido,1,0
P000005563,2024-04-16,2025-04-16,Cobertura total,Subaru Impreza,2018,11527,500,Al día,1,1
P000005564,2024-07-21,2025-07-21,Cobertura total,Kia Forte,2013,38371,600,Vencido,1,0
P000005565,2024-04-11,2025-04-11,Cobertura amplia,Mazda 3,2013,14622,600,Al día,1,0
P000005566,2024-11-17,2025-11-17,Cobertura de robo,Kia Forte,2022,21436,600,Vencido,0,1
P000005567,2022-05-15,2023-05-15,Cobertura de robo,Chevrolet Cruze,2013,19363,500,Vencido,0,0
P000005568,2021-12-11,2022-12-11,Cobertura total,Toyota Corolla,2013,30124,700,Al día,1,0
P000005569,2025-04-29,2026-04-29,Cobertura amplia,Toyota Corolla,2017,29197,600,Vencido,1,0
P000005570,2021-07-23,2022-07-23,Cobertura total,Hyundai Elantra,2021,27321,500,Al día,1,1
P000005571,2022-02-09,2023-02-09,Cobertura de colisión,Chevrolet Cruze,2018,42699,600,Al día,1,0
P000005572,2024-04-24,2025-04-24,Responsabilidad civil,Ford Focus,2015,22945,600,Vencido,1,1
P000005573,2024-01-15,2025-01-14,Responsabilidad civil,Chevrolet Cruze,2014,23120,600,Vencido,0,1
P000005574,2024-09-04,2025-09-04,Cobertura de robo,Honda Civic,2022,20977,500,Al día,0,1
P000005575,2021-09-23,2022-09-23,Cobertura de colisión,Ford Focus,2013,21833,600,Vencido,1,1
P000005576,2023-03-27,2024-03-26,Cobertura de robo,Ford Focus,2022,42956,600,Al día,1,0
P000005577,2021-05-29,2022-05-29,Cobertura de colisión,Kia Forte,2021,34080,600,Vencido,1,1
P000005578,2021-07-04,2022-07-04,Cobertura total,Honda Civic,2010,19742,700,Al día,1,1
P000005579,2020-02-17,2021-02-16,Cobertura total,Toyota Corolla,2017,11360,700,Vencido,1,1
P000005580,2020-10-20,2021-10-20,Cobertura amplia,Hyundai Elantra,2013,12971,700,Vencido,0,1
P000005581,2020-03-05,2021-03-05,Cobertura total,Toyota Corolla,2017,28742,700,Vencido,1,0
P000005582,2021-08-12,2022-08-12,Cobertura total,Honda Civic,2010,42013,500,Al día,1,0
P000005583,2025-06-16,2026-06-16,Cobertura de robo,Toyota Corolla,2012,16278,500,Al día,0,1
P000005584,2024-11-23,2025-11-23,Cobertura amplia,Ford Focus,2020,25388,700,Al día,1,1
P000005585,2021-07-10,2022-07-10,Cobertura total,Volkswagen Jetta,2019,22393,500,Al día,0,0
P000005586,2020-12-12,2021-12-12,Cobertura de colisión,Mazda 3,2016,33034,700,Al día,1,0
P000005587,2021-07-16,2022-07-16,Cobertura de colisión,Nissan Sentra,2018,33388,500,Vencido,0,1
P000005588,2024-08-30,2025-08-30,Cobertura de robo,Honda Civic,2018,27352,700,Al día,1,0
P000005589,2025-02-10,2026-02-10,Cobertura de robo,Toyota Corolla,2018,27420,600,Al día,0,0
P000005590,2024-10-09,2025-10-09,Responsabilidad civil,Honda Civic,2010,17311,500,Vencido,1,1
P000005591,2022-01-06,2023-01-06,Cobertura total,Ford Focus,2011,24864,500,Vencido,1,0
P000005592,2025-02-04,2026-02-04,Cobertura amplia,Toyota Corolla,2019,26254,500,Al día,1,1
P000005593,2025-09-17,2026-09-17,Responsabilidad civil,Volkswagen Jetta,2020,39337,700,Al día,1,0
P000005594,2024-10-03,2025-10-03,Cobertura de colisión,Subaru Impreza,2019,27415,500,Vencido,0,0
P000005595,2025-01-17,2026-01-17,Cobertura amplia,Honda Civic,2010,34967,500,Al día,0,1
P000005596,2024-04-24,2025-04-24,Cobertura de colisión,Kia Forte,2010,42632,700,Al día,1,1
P000005597,2023-12-26,2024-12-25,Responsabilidad civil,Nissan Sentra,2012,21133,700,Al día,1,1
P000005598,2022-07-13,2023-07-13,Cobertura de robo,Ford Focus,2013,36170,500,Vencido,1,1
P000005599,2022-01-31,2023-01-31,Responsabilidad civil,Honda Civic,2016,12661,700,Al día,1,0
P000005600,2024-10-05,2025-10-05,Cobertura de robo,Mazda 3,2015,30811,500,Al día,1,0
P000005601,2020-01-31,2021-01-30,Cobertura total,Honda Civic,2017,15200,600,Al día,0,0
P000005602,2025-08-02,2026-08-02,Cobertura total,Honda Civic,2013,28989,600,Vencido,1,1
P000005603,2022-08-27,2023-08-27,Cobertura de robo,Ford Focus,2017,37487,700,Vencido,1,1
P000005604,2025-08-17,2026-08-17,Cobertura de colisión,Ford Focus,2010,40737,500,Al día,0,1
P000005605,2023-01-07,2024-01-07,Cobertura de robo,Honda Civic,2015,19680,700,Vencido,0,0
P000005606,2024-08-09,2025-08-09,Cobertura de robo,Kia Forte,2011,41472,600,Al día,1,1
P000005607,2024-02-12,2025-02-11,Cobertura total,Nissan Sentra,2010,47708,500,Vencido,0,0
P000005608,2020-05-17,2021-05-17,Cobertura de colisión,Nissan Sentra,2012,49068,700,Vencido,1,0
P000005609,2020-06-04,2021-06-04,Cobertura de robo,Chevrolet Cruze,2011,20477,700,Vencido,1,0
P000005610,2025-06-02,2026-06-02,Cobertura amplia,Chevrolet Cruze,2014,37407,500,Al día,0,1
P000005611,2024-02-18,2025-02-17,Responsabilidad civil,Volkswagen Jetta,2014,21166,600,Vencido,1,1
P000005612,2021-04-08,2022-04-08,Cobertura de colisión,Volkswagen Jetta,2012,18837,600,Al día,1,0
P000005613,2025-05-26,2026-05-26,Cobertura de colisión,Toyota Corolla,2015,26426,500,Vencido,0,0
P000005614,2020-11-23,2021-11-23,Cobertura total,Toyota Corolla,2019,27907,500,Al día,0,0
P000005615,2021-08-04,2022-08-04,Cobertura amplia,Toyota Corolla,2020,28705,700,Vencido,0,1
P000005616,2025-11-26,2026-11-26,Cobertura amplia,Honda Civic,2013,11129,600,Vencido,1,0
P000005617,2023-02-18,2024-02-18,Cobertura total,Honda Civic,2017,26898,700,Al día,1,1
P000005618,2025-03-19,2026-03-19,Responsabilidad civil,Honda Civic,2018,26213,600,Al día,1,1
P000005619,2025-10-18,2026-10-18,Cobertura total,Honda Civic,2010,11138,600,Vencido,0,0
P000005620,2020-11-16,2021-11-16,Cobertura de robo,Chevrolet Cruze,2017,13614,700,Vencido,1,1
P000005621,2025-11-13,2026-11-13,Cobertura de robo,Kia Forte,2020,39528,500,Vencido,1,1
P000005622,2020-12-28,2021-12-28,Cobertura de colisión,Mazda 3,2013,27015,500,Al día,0,0
P000005623,2022-10-01,2023-10-01,Responsabilidad civil,Chevrolet Cruze,2012,47916,700,Vencido,1,1
P000005624,2025-04-19,2026-04-19,Cobertura de colisión,Honda Civic,2013,49073,600,Vencido,0,1
P000005625,2020-11-15,2021-11-15,Cobertura de colisión,Toyota Corolla,2020,11174,700,Al día,0,1
P000005626,2023-07-03,2024-07-02,Cobertura total,Chevrolet Cruze,2019,17842,700,Al día,0,0
P000005627,2020-08-04,2021-08-04,Responsabilidad civil,Toyota Corolla,2010,39864,500,Al día,1,1
P000005628,2023-11-08,2024-11-07,Responsabilidad civil,Mazda 3,2011,44047,600,Al día,0,1
P000005629,2025-12-31,2026-12-31,Cobertura total,Kia Forte,2015,44640,700,Al día,1,0
P000005630,2020-02-14,2021-02-13,Cobertura amplia,Hyundai Elantra,2020,44502,700,Vencido,1,1
P000005631,2025-04-04,2026-04-04,Cobertura de robo,Hyundai Elantra,2020,28480,600,Al día,0,0
P000005632,2025-02-02,2026-02-02,Cobertura de colisión,Kia Forte,2020,21086,600,Vencido,1,0
P000005633,2025-09-30,2026-09-30,Cobertura amplia,Hyundai Elantra,2016,42806,600,Al día,0,0
P000005634,2025-04-05,2026-04-05,Cobertura amplia,Honda Civic,2017,19748,500,Vencido,1,1
P000005635,2023-09-19,2024-09-18,Cobertura total,Nissan Sentra,2015,27867,500,Vencido,0,0
P000005636,2024-09-20,2025-09-20,Cobertura de colisión,Toyota Corolla,2014,18975,600,Al día,0,1
P000005637,2023-12-16,2024-12-15,Cobertura total,Ford Focus,2015,29929,700,Vencido,1,1
P000005638,2023-04-21,2024-04-20,Cobertura total,Ford Focus,2018,22345,500,Al día,0,1
P000005639,2023-03-30,2024-03-29,Cobertura amplia,Nissan Sentra,2016,17268,500,Al día,1,1
P000005640,2021-11-17,2022-11-17,Cobertura amplia,Kia Forte,2018,23737,700,Al día,1,1
P000005641,2020-05-24,2021-05-24,Cobertura de colisión,Hyundai Elantra,2018,49575,700,Al día,1,1
P000005642,2023-05-30,2024-05-29,Cobertura de colisión,Toyota Corolla,2019,16139,500,Al día,1,0
P000005643,2022-12-02,2023-12-02,Responsabilidad civil,Mazda 3,2010,33096,500,Al día,0,1
P000005644,2020-09-08,2021-09-08,Cobertura amplia,Ford Focus,2010,28974,700,Al día,0,1
P000005645,2025-04-22,2026-04-22,Cobertura de robo,Volkswagen Jetta,2016,24208,700,Vencido,1,0
P000005646,2021-11-23,2022-11-23,Cobertura total,Toyota Corolla,2015,46553,500,Al día,1,0
P000005647,2020-07-30,2021-07-30,Responsabilidad civil,Subaru Impreza,2021,20440,600,Vencido,0,0
P000005648,2023-04-10,2024-04-09,Responsabilidad civil,Chevrolet Cruze,2011,41430,700,Al día,1,0
P000005649,2020-04-21,2021-04-21,Cobertura total,Toyota Corolla,2010,45915,500,Vencido,0,1
P000005650,2023-03-20,2024-03-19,Cobertura amplia,Ford Focus,2014,47837,700,Al día,1,0
P000005651,2025-06-08,2026-06-08,Cobertura de colisión,Nissan Sentra,2010,28554,700,Vencido,0,1
P000005652,2020-12-03,2021-12-03,Cobertura amplia,Kia Forte,2020,45364,500,Vencido,0,1
P000005653,2021-06-03,2022-06-03,Responsabilidad civil,Honda Civic,2022,17573,700,Vencido,1,1
P000005654,2025-09-01,2026-09-01,Cobertura amplia,Honda Civic,2021,48514,600,Al día,1,0
P000005655,2020-11-10,2021-11-10,Cobertura de colisión,Kia Forte,2011,35769,500,Vencido,0,1
P000005656,2023-02-12,2024-02-12,Responsabilidad civil,Kia Forte,2021,12192,700,Vencido,0,0
P000005657,2022-10-29,2023-10-29,Cobertura de colisión,Volkswagen Jetta,2010,11251,500,Vencido,0,1
P000005658,2021-06-26,2022-06-26,Cobertura total,Subaru Impreza,2021,49121,500,Al día,0,0
P000005659,2023-02-24,2024-02-24,Cobertura total,Hyundai Elantra,2018,10826,600,Vencido,0,0
P000005660,2023-02-01,2024-02-01,Cobertura total,Ford Focus,2019,45461,700,Vencido,1,1
P000005661,2022-11-18,2023-11-18,Responsabilidad civil,Honda Civic,2014,31366,600,Al día,1,0
P000005662,2020-02-28,2021-02-27,Cobertura total,Nissan Sentra,2019,46112,700,Vencido,1,0
P000005663,2021-04-01,2022-04-01,Cobertura de robo,Honda Civic,2015,19327,600,Vencido,0,0
P000005664,2021-12-16,2022-12-16,Cobertura de colisión,Hyundai Elantra,2012,47147,700,Al día,0,0
P000005665,2021-09-11,2022-09-11,Responsabilidad civil,Kia Forte,2022,44225,500,Vencido,0,0
P000005666,2025-01-03,2026-01-03,Cobertura amplia,Ford Focus,2019,23685,600,Al día,0,1
P000005667,2024-02-23,2025-02-22,Responsabilidad civil,Subaru Impreza,2022,24183,600,Vencido,1,1
P000005668,2021-12-19,2022-12-19,Cobertura total,Nissan Sentra,2014,26929,500,Al día,0,1
P000005669,2022-12-06,2023-12-06,Responsabilidad civil,Toyota Corolla,2017,11336,500,Vencido,0,1
P000005670,2022-08-25,2023-08-25,Cobertura de robo,Nissan Sentra,2015,14336,500,Al día,0,0
P000005671,2025-06-09,2026-06-09,Cobertura de colisión,Chevrolet Cruze,2011,44128,500,Al día,1,0
P000005672,2022-01-10,2023-01-10,Cobertura amplia,Hyundai Elantra,2015,40182,700,Vencido,1,0
P000005673,2025-11-30,2026-11-30,Cobertura de robo,Nissan Sentra,2020,25947,700,Vencido,1,1
P000005674,2020-05-15,2021-05-15,Cobertura de robo,Mazda 3,2011,14241,600,Al día,0,0
P000005675,2023-11-05,2024-11-04,Cobertura amplia,Chevrolet Cruze,2012,49841,600,Vencido,0,1
P000005676,2020-12-11,2021-12-11,Cobertura de colisión,Toyota Corolla,2017,24889,600,Al día,1,0
P000005677,2021-08-17,2022-08-17,Cobertura de colisión,Toyota Corolla,2014,26085,600,Al día,0,1
P000005678,2021-09-23,2022-09-23,Cobertura de robo,Hyundai Elantra,2020,23629,700,Al día,1,0
P000005679,2025-07-24,2026-07-24,Cobertura de colisión,Kia Forte,2012,14840,700,Al día,1,1
P000005680,2024-08-18,2025-08-18,Cobertura de robo,Kia Forte,2020,46505,500,Al día,0,1
P000005681,2024-04-18,2025-04-18,Cobertura total,Toyota Corolla,2021,26644,500,Al día,0,0
P000005682,2022-09-01,2023-09-01,Responsabilidad civil,Mazda 3,2013,24560,700,Al día,0,1
P000005683,2024-12-07,2025-12-07,Responsabilidad civil,Kia Forte,2020,18482,700,Al día,1,0
P000005684,2021-11-16,2022-11-16,Cobertura de colisión,Subaru Impreza,2017,36241,600,Al día,1,1
P000005685,2022-05-13,2023-05-13,Cobertura total,Chevrolet Cruze,2010,31619,500,Al día,0,0
P000005686,2023-11-14,2024-11-13,Responsabilidad civil,Nissan Sentra,2021,32385,700,Vencido,1,0
P000005687,2020-08-10,2021-08-10,Responsabilidad civil,Honda Civic,2014,36265,500,Vencido,0,0
P000005688,2022-12-18,2023-12-18,Responsabilidad civil,Mazda 3,2015,34345,700,Al día,1,0
P000005689,2021-04-20,2022-04-20,Cobertura amplia,Toyota Corolla,2020,17363,600,Al día,0,1
P000005690,2020-08-03,2021-08-03,Cobertura total,Kia Forte,2014,30321,600,Vencido,1,1
P000005691,2021-11-17,2022-11-17,Cobertura amplia,Honda Civic,2022,23994,500,Vencido,0,1
P000005692,2025-03-15,2026-03-15,Cobertura de robo,Ford Focus,2016,18009,600,Vencido,0,0
P000005693,2024-06-21,2025-06-21,Cobertura total,Honda Civic,2012,42274,700,Vencido,1,0
P000005694,2025-05-04,2026-05-04,Cobertura total,Volkswagen Jetta,2014,11599,600,Vencido,1,1
P000005695,2023-05-19,2024-05-18,Responsabilidad civil,Toyota Corolla,2012,22032,700,Vencido,0,0
P000005696,2025-05-04,2026-05-04,Cobertura total,Chevrolet Cruze,2019,19366,700,Al día,0,1
P000005697,2025-12-21,2026-12-21,Cobertura de robo,Hyundai Elantra,2018,12023,600,Al día,0,0
P000005698,2022-08-15,2023-08-15,Cobertura de colisión,Ford Focus,2015,29723,500,Al día,0,0
P000005699,2024-04-04,2025-04-04,Cobertura amplia,Honda Civic,2014,10979,500,Al día,1,1
P000005700,2024-05-16,2025-05-16,Cobertura de colisión,Subaru Impreza,2015,13043,600,Vencido,0,0
P000005701,2025-04-27,2026-04-27,Cobertura total,Hyundai Elantra,2018,19188,500,Vencido,0,1
P000005702,2022-12-11,2023-12-11,Cobertura total,Toyota Corolla,2021,49159,500,Vencido,0,1
P000005703,2021-08-17,2022-08-17,Cobertura de robo,Kia Forte,2018,33102,500,Al día,0,0
P000005704,2025-12-12,2026-12-12,Cobertura amplia,Subaru Impreza,2011,20882,600,Al día,0,1
P000005705,2024-11-15,2025-11-15,Cobertura total,Honda Civic,2011,46584,600,Vencido,0,1
P000005706,2020-02-18,2021-02-17,Cobertura total,Toyota Corolla,2017,41635,700,Vencido,1,1
P000005707,2023-03-28,2024-03-27,Cobertura de robo,Subaru Impreza,2015,10861,600,Vencido,0,0
P000005708,2025-01-12,2026-01-12,Cobertura de robo,Honda Civic,2019,40322,700,Al día,0,0
P000005709,2024-04-13,2025-04-13,Cobertura de robo,Toyota Corolla,2013,43053,600,Vencido,1,0
P000005710,2023-07-17,2024-07-16,Cobertura amplia,Ford Focus,2010,19086,700,Al día,1,1
P000005711,2025-12-11,2026-12-11,Cobertura de colisión,Toyota Corolla,2021,11180,600,Al día,0,0
P000005712,2020-06-17,2021-06-17,Cobertura total,Toyota Corolla,2021,10469,600,Al día,0,1
P000005713,2021-02-02,2022-02-02,Responsabilidad civil,Volkswagen Jetta,2022,35690,700,Vencido,1,1
P000005714,2025-12-16,2026-12-16,Responsabilidad civil,Volkswagen Jetta,2011,45684,700,Vencido,1,1
P000005715,2023-12-20,2024-12-19,Cobertura amplia,Ford Focus,2016,14985,600,Al día,0,1
P000005716,2024-11-03,2025-11-03,Responsabilidad civil,Honda Civic,2022,23495,500,Vencido,1,1
P000005717,2023-01-21,2024-01-21,Cobertura de colisión,Nissan Sentra,2010,26236,500,Vencido,0,0
P000005718,2023-10-04,2024-10-03,Responsabilidad civil,Mazda 3,2014,21329,700,Al día,1,1
P000005719,2023-01-12,2024-01-12,Responsabilidad civil,Nissan Sentra,2012,41247,700,Al día,1,0
P000005720,2022-12-29,2023-12-29,Cobertura de robo,Honda Civic,2021,41914,600,Al día,0,1
P000005721,2021-02-06,2022-02-06,Cobertura de robo,Subaru Impreza,2021,32858,500,Al día,0,0
P000005722,2022-11-11,2023-11-11,Cobertura de colisión,Ford Focus,2019,23044,700,Al día,0,0
P000005723,2024-05-21,2025-05-21,Cobertura amplia,Ford Focus,2016,17608,500,Vencido,1,1
P000005724,2025-03-03,2026-03-03,Cobertura de colisión,Honda Civic,2010,13119,700,Al día,0,0
P000005725,2022-09-17,2023-09-17,Responsabilidad civil,Chevrolet Cruze,2022,25060,500,Al día,0,0
P000005726,2022-03-09,2023-03-09,Cobertura amplia,Nissan Sentra,2012,38460,600,Vencido,0,1
P000005727,2025-10-30,2026-10-30,Cobertura total,Toyota Corolla,2015,17477,600,Al día,1,1
P000005728,2023-10-14,2024-10-13,Cobertura de robo,Ford Focus,2012,33393,700,Vencido,0,0
P000005729,2022-01-06,2023-01-06,Cobertura de robo,Nissan Sentra,2014,23587,500,Vencido,1,0
P000005730,2023-07-07,2024-07-06,Cobertura de robo,Kia Forte,2016,42064,700,Al día,1,0
P000005731,2020-02-13,2021-02-12,Responsabilidad civil,Toyota Corolla,2015,45170,700,Vencido,1,0
P000005732,2020-02-04,2021-02-03,Cobertura amplia,Honda Civic,2020,38908,500,Al día,1,0
P000005733,2020-10-05,2021-10-05,Cobertura total,Toyota Corolla,2020,23876,700,Al día,0,0
P000005734,2020-02-18,2021-02-17,Responsabilidad civil,Toyota Corolla,2013,25992,700,Al día,0,0
P000005735,2024-08-11,2025-08-11,Cobertura total,Toyota Corolla,2011,24881,600,Vencido,0,0
P000005736,2021-02-04,2022-02-04,Cobertura amplia,Toyota Corolla,2022,42012,500,Al día,0,1
P000005737,2025-11-21,2026-11-21,Cobertura amplia,Toyota Corolla,2016,13904,700,Vencido,0,0
P000005738,2021-03-01,2022-03-01,Responsabilidad civil,Toyota Corolla,2013,45628,600,Al día,1,1
P000005739,2024-12-31,2025-12-31,Cobertura total,Toyota Corolla,2015,32916,500,Vencido,0,0
P000005740,2023-12-10,2024-12-09,Cobertura de colisión,Nissan Sentra,2019,39089,700,Al día,1,0
P000005741,2022-06-17,2023-06-17,Cobertura de robo,Chevrolet Cruze,2022,33144,600,Vencido,1,1
P000005742,2023-03-06,2024-03-05,Cobertura total,Volkswagen Jetta,2012,11676,600,Vencido,0,0
P000005743,2022-10-28,2023-10-28,Cobertura de colisión,Mazda 3,2020,17946,700,Al día,0,0
P000005744,2022-03-01,2023-03-01,Cobertura de robo,Hyundai Elantra,2022,47859,600,Vencido,0,0
P000005745,2020-05-19,2021-05-19,Cobertura total,Honda Civic,2013,23025,600,Al día,0,0
P000005746,2020-04-07,2021-04-07,Responsabilidad civil,Ford Focus,2019,36148,700,Al día,0,0
P000005747,2021-01-11,2022-01-11,Cobertura total,Toyota Corolla,2013,27964,600,Al día,0,1
P000005748,2020-08-20,2021-08-20,Responsabilidad civil,Honda Civic,2017,21515,700,Al día,1,1
P000005749,2022-06-07,2023-06-07,Cobertura total,Honda Civic,2011,13719,500,Vencido,0,0
P000005750,2021-05-13,2022-05-13,Cobertura total,Volkswagen Jetta,2012,28184,600,Vencido,1,1
P000005751,2021-05-06,2022-05-06,Cobertura total,Toyota Corolla,2011,34397,600,Vencido,0,1
P000005752,2020-12-19,2021-12-19,Cobertura de robo,Ford Focus,2014,25751,500,Vencido,1,0
P000005753,2021-06-16,2022-06-16,Cobertura total,Toyota Corolla,2013,37826,700,Vencido,0,1
P000005754,2024-03-19,2025-03-19,Cobertura de colisión,Honda Civic,2010,36496,700,Al día,0,0
P000005755,2022-01-26,2023-01-26,Cobertura de robo,Hyundai Elantra,2011,16663,500,Vencido,0,1
P000005756,2021-03-30,2022-03-30,Responsabilidad civil,Nissan Sentra,2011,39227,700,Al día,1,1
P000005757,2022-01-24,2023-01-24,Responsabilidad civil,Ford Focus,2016,41283,700,Al día,0,0
P000005758,2022-11-03,2023-11-03,Cobertura de colisión,Chevrolet Cruze,2020,11259,500,Vencido,1,0
P000005759,2023-04-21,2024-04-20,Cobertura de robo,Volkswagen Jetta,2016,20212,700,Vencido,0,0
P000005760,2025-03-27,2026-03-27,Responsabilidad civil,Chevrolet Cruze,2012,35301,700,Al día,0,1
P000005761,2020-11-06,2021-11-06,Cobertura de colisión,Toyota Corolla,2021,23308,700,Vencido,1,0
P000005762,2025-01-31,2026-01-31,Cobertura total,Hyundai Elantra,2017,24766,700,Vencido,0,0
P000005763,2023-02-06,2024-02-06,Cobertura de colisión,Subaru Impreza,2017,40849,600,Vencido,1,1
P000005764,2024-10-14,2025-10-14,Cobertura amplia,Toyota Corolla,2011,18419,700,Vencido,0,1
P000005765,2023-08-17,2024-08-16,Cobertura de colisión,Subaru Impreza,2010,11643,600,Al día,0,1
P000005766,2022-11-20,2023-11-20,Cobertura de robo,Toyota Corolla,2017,11695,500,Vencido,0,0
P000005767,2021-10-25,2022-10-25,Cobertura total,Chevrolet Cruze,2019,24137,500,Al día,0,0
P000005768,2020-10-30,2021-10-30,Cobertura total,Ford Focus,2019,25632,600,Al día,0,0
P000005769,2023-02-09,2024-02-09,Cobertura de robo,Chevrolet Cruze,2019,17525,500,Al día,1,0
P000005770,2020-09-12,2021-09-12,Responsabilidad civil,Honda Civic,2022,41034,500,Vencido,1,1
P000005771,2024-04-16,2025-04-16,Responsabilidad civil,Kia Forte,2022,22881,600,Al día,0,1
P000005772,2024-05-10,2025-05-10,Cobertura de robo,Toyota Corolla,2016,17196,600,Al día,0,1
P000005773,2023-09-24,2024-09-23,Cobertura amplia,Kia Forte,2016,24306,600,Al día,0,1
P000005774,2020-09-03,2021-09-03,Cobertura de colisión,Ford Focus,2010,21120,500,Al día,0,0
P000005775,2022-11-23,2023-11-23,Cobertura de colisión,Toyota Corolla,2018,13261,600,Al día,1,0
P000005776,2022-12-20,2023-12-20,Responsabilidad civil,Ford Focus,2019,49413,700,Al día,0,1
P000005777,2021-12-29,2022-12-29,Responsabilidad civil,Honda Civic,2010,18209,500,Al día,1,1
P000005778,2024-12-09,2025-12-09,Cobertura amplia,Chevrolet Cruze,2022,25928,500,Al día,0,0
P000005779,2020-10-11,2021-10-11,Cobertura de robo,Hyundai Elantra,2010,19020,600,Al día,1,1
P000005780,2025-07-07,2026-07-07,Cobertura de robo,Volkswagen Jetta,2010,45476,500,Vencido,0,0
P000005781,2022-04-01,2023-04-01,Cobertura amplia,Kia Forte,2012,37390,700,Vencido,0,0
P000005782,2024-05-27,2025-05-27,Cobertura de colisión,Toyota Corolla,2016,44119,700,Vencido,1,0
P000005783,2021-12-31,2022-12-31,Cobertura de robo,Ford Focus,2014,26073,500,Vencido,0,0
P000005784,2025-07-08,2026-07-08,Cobertura de colisión,Chevrolet Cruze,2012,37451,500,Al día,1,0
P000005785,2021-03-20,2022-03-20,Cobertura de colisión,Ford Focus,2014,34460,600,Vencido,1,0
P000005786,2021-08-12,2022-08-12,Cobertura amplia,Ford Focus,2021,17211,700,Al día,0,0
P000005787,2024-11-01,2025-11-01,Cobertura amplia,Nissan Sentra,2011,13186,700,Al día,1,0
P000005788,2022-06-13,2023-06-13,Cobertura amplia,Honda Civic,2020,46000,500,Vencido,0,1
P000005789,2021-03-11,2022-03-11,Cobertura amplia,Toyota Corolla,2022,19401,700,Al día,1,0
P000005790,2024-12-13,2025-12-13,Cobertura amplia,Honda Civic,2012,29296,700,Vencido,0,1
P000005791,2022-11-26,2023-11-26,Cobertura de colisión,Kia Forte,2015,39280,700,Vencido,0,0
P000005792,2021-02-27,2022-02-27,Cobertura total,Chevrolet Cruze,2012,18995,700,Al día,1,1
P000005793,2020-05-22,2021-05-22,Cobertura amplia,Subaru Impreza,2010,29720,500,Vencido,0,1
P000005794,2020-10-25,2021-10-25,Cobertura de robo,Honda Civic,2014,42756,500,Vencido,0,0
P000005795,2020-10-15,2021-10-15,Responsabilidad civil,Honda Civic,2020,12436,500,Vencido,1,1
P000005796,2022-10-23,2023-10-23,Cobertura total,Toyota Corolla,2014,19659,500,Al día,1,1
P000005797,2024-12-31,2025-12-31,Responsabilidad civil,Honda Civic,2013,16233,600,Al día,0,1
P000005798,2020-03-17,2021-03-17,Cobertura total,Chevrolet Cruze,2018,19513,500,Al día,1,0
P000005799,2025-07-31,2026-07-31,Cobertura de robo,Ford Focus,2017,10975,500,Al día,1,0
P000005800,2021-09-01,2022-09-01,Cobertura de colisión,Toyota Corolla,2018,32574,600,Vencido,1,1
P000005801,2020-01-04,2021-01-03,Responsabilidad civil,Ford Focus,2017,18595,700,Vencido,0,1
P000005802,2020-06-03,2021-06-03,Responsabilidad civil,Nissan Sentra,2018,36811,500,Vencido,1,0
P000005803,2024-05-18,2025-05-18,Responsabilidad civil,Nissan Sentra,2010,14384,500,Vencido,1,1
P000005804,2022-12-27,2023-12-27,Responsabilidad civil,Honda Civic,2021,39858,600,Vencido,1,1
P000005805,2021-09-12,2022-09-12,Cobertura de robo,Chevrolet Cruze,2016,22362,700,Vencido,1,0
P000005806,2023-09-12,2024-09-11,Cobertura amplia,Hyundai Elantra,2015,41612,500,Vencido,1,0
P000005807,2024-05-21,2025-05-21,Responsabilidad civil,Ford Focus,2016,13147,600,Vencido,0,1
P000005808,2020-01-16,2021-01-15,Cobertura amplia,Volkswagen Jetta,2017,25091,600,Al día,0,1
P000005809,2025-10-12,2026-10-12,Cobertura amplia,Chevrolet Cruze,2020,38491,700,Vencido,0,0
P000005810,2025-07-02,2026-07-02,Cobertura de colisión,Toyota Corolla,2014,40314,700,Al día,1,1
P000005811,2025-05-12,2026-05-12,Cobertura de robo,Toyota Corolla,2011,45566,500,Vencido,1,0
P000005812,2024-11-21,2025-11-21,Cobertura amplia,Hyundai Elantra,2021,39227,700,Al día,1,0
P000005813,2024-07-12,2025-07-12,Cobertura de robo,Kia Forte,2016,16490,500,Vencido,0,1
P000005814,2020-10-14,2021-10-14,Cobertura total,Toyota Corolla,2013,33580,700,Vencido,0,0
P000005815,2022-07-14,2023-07-14,Cobertura total,Mazda 3,2021,21154,700,Vencido,1,0
P000005816,2020-01-14,2021-01-13,Cobertura amplia,Toyota Corolla,2011,37179,700,Vencido,0,1
P000005817,2024-04-23,2025-04-23,Responsabilidad civil,Kia Forte,2022,17011,600,Al día,1,1
P000005818,2025-05-28,2026-05-28,Cobertura de robo,Nissan Sentra,2022,26579,700,Vencido,1,0
P000005819,2021-05-11,2022-05-11,Cobertura amplia,Honda Civic,2017,33297,500,Al día,1,1
P000005820,2024-01-10,2025-01-09,Cobertura total,Mazda 3,2018,19784,500,Al día,1,1
P000005821,2023-09-27,2024-09-26,Responsabilidad civil,Chevrolet Cruze,2019,44134,600,Al día,1,0
P000005822,2023-05-25,2024-05-24,Cobertura de robo,Volkswagen Jetta,2020,20879,700,Vencido,1,0
P000005823,2024-06-28,2025-06-28,Responsabilidad civil,Chevrolet Cruze,2012,17491,600,Al día,1,0
P000005824,2020-08-14,2021-08-14,Cobertura de robo,Toyota Corolla,2012,13111,600,Vencido,1,1
P000005825,2021-01-06,2022-01-06,Cobertura de colisión,Honda Civic,2022,37026,600,Vencido,0,0
P000005826,2024-02-05,2025-02-04,Cobertura amplia,Hyundai Elantra,2021,35565,600,Al día,0,1
P000005827,2025-12-29,2026-12-29,Cobertura de robo,Subaru Impreza,2016,42376,500,Vencido,1,0
P000005828,2023-10-24,2024-10-23,Responsabilidad civil,Chevrolet Cruze,2018,14670,500,Al día,1,1
P000005829,2020-11-25,2021-11-25,Cobertura de colisión,Chevrolet Cruze,2022,29433,600,Vencido,1,1
P000005830,2025-02-25,2026-02-25,Responsabilidad civil,Hyundai Elantra,2010,20109,500,Al día,0,0
P000005831,2023-04-02,2024-04-01,Cobertura de colisión,Subaru Impreza,2011,12070,700,Al día,1,0
P000005832,2022-04-11,2023-04-11,Responsabilidad civil,Volkswagen Jetta,2014,21602,500,Vencido,1,0
P000005833,2021-12-24,2022-12-24,Responsabilidad civil,Volkswagen Jetta,2012,25839,500,Vencido,1,1
P000005834,2020-06-10,2021-06-10,Cobertura de colisión,Honda Civic,2022,48594,600,Al día,0,1
P000005835,2024-04-22,2025-04-22,Cobertura amplia,Toyota Corolla,2015,29325,600,Al día,0,0
P000005836,2022-02-21,2023-02-21,Responsabilidad civil,Volkswagen Jetta,2022,12906,500,Vencido,0,0
P000005837,2023-05-09,2024-05-08,Cobertura de robo,Hyundai Elantra,2019,15176,700,Al día,0,0
P000005838,2024-05-16,2025-05-16,Cobertura amplia,Ford Focus,2014,29893,500,Vencido,0,1
P000005839,2021-03-13,2022-03-13,Cobertura de robo,Volkswagen Jetta,2021,11216,600,Al día,1,1
P000005840,2024-01-11,2025-01-10,Cobertura de robo,Toyota Corolla,2012,22647,500,Vencido,1,1
P000005841,2025-06-15,2026-06-15,Responsabilidad civil,Toyota Corolla,2016,33349,500,Vencido,0,1
P000005842,2020-12-13,2021-12-13,Cobertura de robo,Chevrolet Cruze,2017,22768,500,Al día,1,1
P000005843,2024-11-28,2025-11-28,Cobertura de robo,Honda Civic,2014,16807,500,Al día,1,1
P000005844,2022-02-15,2023-02-15,Cobertura amplia,Subaru Impreza,2013,19646,700,Al día,0,0
P000005845,2021-07-27,2022-07-27,Cobertura total,Toyota Corolla,2012,40560,500,Al día,0,1
P000005846,2020-05-26,2021-05-26,Responsabilidad civil,Honda Civic,2014,23557,700,Al día,0,1
P000005847,2022-03-01,2023-03-01,Cobertura de colisión,Chevrolet Cruze,2014,18193,600,Vencido,1,0
P000005848,2020-04-13,2021-04-13,Cobertura total,Toyota Corolla,2012,44511,500,Al día,0,1
P000005849,2022-09-03,2023-09-03,Cobertura total,Volkswagen Jetta,2020,12245,500,Vencido,1,1
P000005850,2025-06-26,2026-06-26,Cobertura de robo,Nissan Sentra,2016,34704,500,Vencido,1,0
P000005851,2024-05-11,2025-05-11,Cobertura de robo,Ford Focus,2010,43491,600,Vencido,0,1
P000005852,2020-09-15,2021-09-15,Cobertura total,Volkswagen Jetta,2014,41084,500,Vencido,0,0
P000005853,2023-06-14,2024-06-13,Cobertura amplia,Toyota Corolla,2020,49048,600,Al día,0,0
P000005854,2025-08-08,2026-08-08,Cobertura de robo,Hyundai Elantra,2015,22217,500,Vencido,0,1
P000005855,2025-12-27,2026-12-27,Cobertura total,Nissan Sentra,2022,40304,600,Vencido,0,0
P000005856,2025-01-14,2026-01-14,Cobertura amplia,Chevrolet Cruze,2010,45168,700,Vencido,1,0
P000005857,2020-03-08,2021-03-08,Cobertura de robo,Volkswagen Jetta,2018,44323,500,Al día,0,0
P000005858,2020-05-31,2021-05-31,Cobertura de colisión,Ford Focus,2015,33233,600,Vencido,0,0
P000005859,2023-10-21,2024-10-20,Cobertura de robo,Toyota Corolla,2016,25658,700,Al día,1,1
P000005860,2020-08-17,2021-08-17,Cobertura amplia,Honda Civic,2022,27507,600,Vencido,0,0
P000005861,2023-10-15,2024-10-14,Responsabilidad civil,Honda Civic,2012,47168,600,Vencido,0,1
P000005862,2020-06-24,2021-06-24,Cobertura total,Hyundai Elantra,2011,38524,600,Al día,1,1
P000005863,2024-07-18,2025-07-18,Cobertura amplia,Hyundai Elantra,2016,12660,700,Al día,1,0
P000005864,2021-04-29,2022-04-29,Cobertura de colisión,Chevrolet Cruze,2015,32649,500,Vencido,1,1
P000005865,2022-05-17,2023-05-17,Cobertura de robo,Toyota Corolla,2013,34826,500,Vencido,0,1
P000005866,2025-11-12,2026-11-12,Cobertura de robo,Toyota Corolla,2011,38695,600,Vencido,1,1
P000005867,2025-02-20,2026-02-20,Cobertura total,Volkswagen Jetta,2022,11982,500,Al día,0,1
P000005868,2021-09-02,2022-09-02,Cobertura de colisión,Subaru Impreza,2021,12706,500,Al día,0,0
P000005869,2022-08-12,2023-08-12,Cobertura amplia,Toyota Corolla,2016,31518,600,Vencido,0,0
P000005870,2020-10-22,2021-10-22,Cobertura de colisión,Hyundai Elantra,2013,48419,600,Vencido,1,1
P000005871,2020-05-31,2021-05-31,Responsabilidad civil,Mazda 3,2018,34628,700,Al día,0,0
P000005872,2021-08-02,2022-08-02,Responsabilidad civil,Nissan Sentra,2012,28234,700,Vencido,1,0
P000005873,2025-06-25,2026-06-25,Cobertura de robo,Nissan Sentra,2018,39724,700,Al día,0,0
P000005874,2020-03-19,2021-03-19,Responsabilidad civil,Ford Focus,2014,27979,500,Al día,0,0
P000005875,2025-04-14,2026-04-14,Cobertura de robo,Nissan Sentra,2011,39154,600,Al día,0,0
P000005876,2020-07-06,2021-07-06,Cobertura amplia,Toyota Corolla,2014,18237,500,Vencido,0,1
P000005877,2022-09-21,2023-09-21,Responsabilidad civil,Honda Civic,2019,42096,600,Vencido,0,0
P000005878,2021-06-18,2022-06-18,Responsabilidad civil,Honda Civic,2020,49441,600,Al día,0,0
P000005879,2020-02-28,2021-02-27,Responsabilidad civil,Nissan Sentra,2022,23653,500,Al día,0,1
P000005880,2021-12-06,2022-12-06,Cobertura de colisión,Toyota Corolla,2019,28542,600,Vencido,1,0
P000005881,2020-07-23,2021-07-23,Cobertura amplia,Volkswagen Jetta,2015,19623,500,Vencido,0,1
P000005882,2023-06-12,2024-06-11,Cobertura amplia,Chevrolet Cruze,2010,23148,500,Al día,1,0
P000005883,2021-02-02,2022-02-02,Cobertura de robo,Honda Civic,2016,30549,600,Vencido,1,0
P000005884,2025-02-11,2026-02-11,Cobertura amplia,Toyota Corolla,2010,49336,600,Al día,1,0
P000005885,2021-11-30,2022-11-30,Responsabilidad civil,Toyota Corolla,2016,17486,700,Al día,1,0
P000005886,2020-09-18,2021-09-18,Cobertura total,Subaru Impreza,2018,16112,500,Vencido,0,1
P000005887,2021-03-11,2022-03-11,Cobertura de colisión,Hyundai Elantra,2015,46275,600,Al día,1,0
P000005888,2021-04-12,2022-04-12,Cobertura de colisión,Honda Civic,2018,35493,600,Vencido,1,1
P000005889,2025-07-29,2026-07-29,Responsabilidad civil,Kia Forte,2019,14876,500,Vencido,0,0
P000005890,2022-06-22,2023-06-22,Cobertura total,Subaru Impreza,2014,28929,500,Vencido,1,1
P000005891,2020-09-15,2021-09-15,Responsabilidad civil,Honda Civic,2014,30609,500,Al día,0,1
P000005892,2022-04-10,2023-04-10,Responsabilidad civil,Mazda 3,2021,30054,700,Vencido,0,1
P000005893,2024-10-11,2025-10-11,Responsabilidad civil,Kia Forte,2012,27658,500,Vencido,1,0
P000005894,2023-10-13,2024-10-12,Cobertura de robo,Toyota Corolla,2012,40781,700,Al día,0,0
P000005895,2024-07-04,2025-07-04,Cobertura total,Hyundai Elantra,2010,49805,600,Al día,1,1
P000005896,2023-08-21,2024-08-20,Responsabilidad civil,Ford Focus,2012,12377,600,Vencido,1,1
P000005897,2021-05-09,2022-05-09,Responsabilidad civil,Kia Forte,2020,46162,600,Vencido,0,1
P000005898,2021-07-16,2022-07-16,Responsabilidad civil,Volkswagen Jetta,2015,23550,700,Vencido,1,1
P000005899,2023-08-10,2024-08-09,Cobertura de colisión,Toyota Corolla,2020,28266,500,Vencido,0,0
P000005900,2022-05-23,2023-05-23,Cobertura de colisión,Kia Forte,2016,46909,700,Vencido,1,1
P000005901,2020-07-05,2021-07-05,Cobertura de colisión,Toyota Corolla,2022,34987,700,Vencido,1,0
P000005902,2021-12-11,2022-12-11,Responsabilidad civil,Ford Focus,2017,41596,600,Al día,1,1
P000005903,2023-10-06,2024-10-05,Cobertura total,Toyota Corolla,2021,27010,500,Al día,1,1
P000005904,2020-09-15,2021-09-15,Cobertura total,Toyota Corolla,2016,14392,600,Vencido,1,0
P000005905,2021-05-09,2022-05-09,Cobertura de robo,Toyota Corolla,2013,46545,700,Vencido,1,0
P000005906,2023-01-26,2024-01-26,Responsabilidad civil,Hyundai Elantra,2016,40847,500,Vencido,0,1
P000005907,2021-08-01,2022-08-01,Cobertura total,Honda Civic,2019,47380,700,Al día,0,1
P000005908,2024-08-27,2025-08-27,Responsabilidad civil,Honda Civic,2018,31907,500,Al día,0,1
P000005909,2021-11-19,2022-11-19,Cobertura total,Nissan Sentra,2011,38365,700,Al día,1,0
P000005910,2024-02-24,2025-02-23,Cobertura de colisión,Nissan Sentra,2013,49641,600,Vencido,0,1
P000005911,2021-11-06,2022-11-06,Cobertura de colisión,Toyota Corolla,2020,40814,500,Al día,0,0
P000005912,2024-12-01,2025-12-01,Cobertura de robo,Toyota Corolla,2022,18492,700,Vencido,0,0
P000005913,2022-09-24,2023-09-24,Cobertura de colisión,Subaru Impreza,2010,47994,500,Al día,0,1
P000005914,2020-06-15,2021-06-15,Responsabilidad civil,Honda Civic,2013,39343,700,Vencido,1,0
P000005915,2021-06-30,2022-06-30,Cobertura de robo,Honda Civic,2018,15422,700,Al día,1,0
P000005916,2021-02-13,2022-02-13,Cobertura amplia,Volkswagen Jetta,2014,14039,600,Vencido,0,1
P000005917,2024-03-20,2025-03-20,Cobertura total,Ford Focus,2017,28158,700,Al día,0,1
P000005918,2021-10-08,2022-10-08,Cobertura de colisión,Ford Focus,2018,39029,600,Vencido,0,0
P000005919,2020-03-05,2021-03-05,Cobertura amplia,Mazda 3,2020,10703,500,Vencido,1,1
P000005920,2025-06-17,2026-06-17,Responsabilidad civil,Nissan Sentra,2020,36409,600,Al día,0,0
P000005921,2020-11-26,2021-11-26,Cobertura amplia,Volkswagen Jetta,2012,40789,500,Vencido,0,1
P000005922,2020-01-27,2021-01-26,Cobertura de colisión,Toyota Corolla,2018,32786,600,Vencido,1,1
P000005923,2020-01-30,2021-01-29,Cobertura amplia,Ford Focus,2018,19415,500,Al día,0,0
P000005924,2022-01-04,2023-01-04,Cobertura de robo,Honda Civic,2022,37823,600,Al día,0,1
P000005925,2020-12-31,2021-12-31,Responsabilidad civil,Honda Civic,2014,34567,700,Vencido,0,1
P000005926,2023-03-08,2024-03-07,Cobertura de colisión,Mazda 3,2012,12760,500,Al día,1,0
P000005927,2024-08-31,2025-08-31,Cobertura de robo,Honda Civic,2022,19275,600,Vencido,1,1
P000005928,2025-05-03,2026-05-03,Cobertura de colisión,Hyundai Elantra,2014,49233,700,Al día,1,1
P000005929,2021-06-03,2022-06-03,Cobertura de robo,Toyota Corolla,2021,47413,700,Vencido,1,1
P000005930,2022-04-24,2023-04-24,Responsabilidad civil,Hyundai Elantra,2019,15980,700,Vencido,1,0
P000005931,2021-08-09,2022-08-09,Responsabilidad civil,Hyundai Elantra,2011,18986,700,Vencido,1,0
P000005932,2023-01-14,2024-01-14,Cobertura de colisión,Honda Civic,2020,10062,700,Vencido,0,1
P000005933,2025-11-12,2026-11-12,Cobertura de colisión,Chevrolet Cruze,2017,25053,500,Al día,1,0
P000005934,2025-01-18,2026-01-18,Cobertura total,Honda Civic,2013,44327,500,Vencido,1,1
P000005935,2024-08-14,2025-08-14,Cobertura amplia,Toyota Corolla,2018,42136,600,Al día,0,1
P000005936,2022-09-06,2023-09-06,Cobertura amplia,Toyota Corolla,2022,32714,600,Vencido,1,0
P000005937,2021-12-15,2022-12-15,Cobertura de robo,Toyota Corolla,2012,44232,600,Al día,1,0
P000005938,2020-06-03,2021-06-03,Cobertura de colisión,Chevrolet Cruze,2021,42151,600,Vencido,0,0
P000005939,2022-01-07,2023-01-07,Responsabilidad civil,Honda Civic,2018,38395,600,Vencido,0,0
P000005940,2025-08-09,2026-08-09,Cobertura de colisión,Volkswagen Jetta,2010,41303,700,Vencido,0,0
P000005941,2020-12-26,2021-12-26,Cobertura total,Volkswagen Jetta,2020,34584,500,Vencido,1,1
P000005942,2023-05-18,2024-05-17,Cobertura total,Chevrolet Cruze,2019,44671,500,Al día,1,1
P000005943,2023-11-25,2024-11-24,Cobertura total,Honda Civic,2014,23968,700,Vencido,1,1
P000005944,2024-09-11,2025-09-11,Cobertura de colisión,Ford Focus,2018,33115,600,Vencido,1,1
P000005945,2020-01-19,2021-01-18,Cobertura de robo,Toyota Corolla,2014,16516,500,Al día,1,0
P000005946,2022-08-23,2023-08-23,Cobertura de colisión,Ford Focus,2019,43183,600,Al día,1,1
P000005947,2022-02-25,2023-02-25,Cobertura de robo,Nissan Sentra,2022,39102,700,Al día,1,0
P000005948,2021-04-26,2022-04-26,Cobertura de colisión,Toyota Corolla,2018,24358,700,Vencido,0,1
P000005949,2025-12-11,2026-12-11,Cobertura de colisión,Honda Civic,2018,31492,600,Al día,0,1
P000005950,2021-01-26,2022-01-26,Cobertura amplia,Volkswagen Jetta,2013,45522,600,Al día,1,1
P000005951,2024-01-22,2025-01-21,Cobertura de colisión,Kia Forte,2020,23517,600,Vencido,0,0
P000005952,2025-09-09,2026-09-09,Cobertura de colisión,Ford Focus,2019,43452,600,Vencido,1,0
P000005953,2022-06-17,2023-06-17,Cobertura de colisión,Toyota Corolla,2016,45991,600,Vencido,1,0
P000005954,2025-03-16,2026-03-16,Cobertura de colisión,Honda Civic,2019,25748,500,Vencido,0,1
P000005955,2022-05-02,2023-05-02,Cobertura amplia,Volkswagen Jetta,2010,39750,700,Al día,1,1
P000005956,2023-02-06,2024-02-06,Responsabilidad civil,Kia Forte,2022,37950,700,Vencido,1,0
P000005957,2020-08-05,2021-08-05,Cobertura total,Honda Civic,2019,17568,600,Vencido,1,0
P000005958,2022-03-04,2023-03-04,Cobertura amplia,Chevrolet Cruze,2010,16688,500,Al día,1,1
P000005959,2021-04-06,2022-04-06,Responsabilidad civil,Volkswagen Jetta,2021,18498,500,Al día,1,0
P000005960,2021-09-03,2022-09-03,Cobertura de colisión,Toyota Corolla,2017,31356,700,Al día,0,1
P000005961,2025-04-27,2026-04-27,Cobertura de robo,Nissan Sentra,2010,30063,500,Vencido,1,0
P000005962,2025-07-30,2026-07-30,Responsabilidad civil,Kia Forte,2018,42721,700,Vencido,0,1
P000005963,2021-12-23,2022-12-23,Cobertura de robo,Ford Focus,2022,16553,500,Vencido,1,1
P000005964,2021-10-16,2022-10-16,Responsabilidad civil,Chevrolet Cruze,2012,47162,500,Vencido,0,0
P000005965,2020-06-25,2021-06-25,Cobertura total,Honda Civic,2016,16973,600,Al día,1,0
P000005966,2020-08-09,2021-08-09,Cobertura total,Volkswagen Jetta,2011,18100,500,Vencido,1,0
P000005967,2024-01-31,2025-01-30,Cobertura amplia,Toyota Corolla,2014,15136,600,Vencido,0,1
P000005968,2023-03-13,2024-03-12,Cobertura de robo,Mazda 3,2019,23812,700,Al día,1,0
P000005969,2022-05-08,2023-05-08,Responsabilidad civil,Honda Civic,2011,37452,700,Al día,0,0
P000005970,2024-11-15,2025-11-15,Cobertura amplia,Chevrolet Cruze,2015,26504,600,Vencido,1,0
P000005971,2022-10-26,2023-10-26,Cobertura total,Mazda 3,2010,24036,500,Vencido,0,0
P000005972,2023-10-01,2024-09-30,Cobertura amplia,Kia Forte,2018,26675,500,Al día,0,1
P000005973,2025-01-30,2026-01-30,Cobertura de robo,Subaru Impreza,2020,32991,500,Vencido,0,1
P000005974,2020-06-26,2021-06-26,Cobertura de robo,Honda Civic,2014,20638,700,Vencido,0,1
P000005975,2021-03-03,2022-03-03,Cobertura amplia,Honda Civic,2010,28492,600,Vencido,1,0
P000005976,2020-08-02,2021-08-02,Cobertura total,Ford Focus,2011,37779,500,Vencido,0,0
P000005977,2021-12-21,2022-12-21,Cobertura de colisión,Toyota Corolla,2013,31733,600,Al día,1,1
P000005978,2021-10-09,2022-10-09,Cobertura total,Honda Civic,2013,36595,500,Vencido,0,1
P000005979,2020-04-29,2021-04-29,Cobertura de robo,Volkswagen Jetta,2015,29806,600,Vencido,1,1
P000005980,2025-06-09,2026-06-09,Cobertura de robo,Toyota Corolla,2019,26694,500,Vencido,1,1
P000005981,2025-10-10,2026-10-10,Cobertura de robo,Hyundai Elantra,2018,27814,600,Al día,0,0
P000005982,2021-04-20,2022-04-20,Responsabilidad civil,Kia Forte,2011,22970,600,Al día,0,1
P000005983,2020-10-17,2021-10-17,Responsabilidad civil,Toyota Corolla,2012,37708,600,Al día,0,0
P000005984,2022-08-21,2023-08-21,Cobertura de colisión,Chevrolet Cruze,2018,39263,600,Al día,1,1
P000005985,2024-12-26,2025-12-26,Responsabilidad civil,Toyota Corolla,2010,17737,700,Al día,1,0
P000005986,2023-08-28,2024-08-27,Cobertura de robo,Toyota Corolla,2014,41924,500,Vencido,1,0
P000005987,2024-09-12,2025-09-12,Cobertura de robo,Toyota Corolla,2013,34075,500,Vencido,1,1
P000005988,2022-03-25,2023-03-25,Cobertura de colisión,Volkswagen Jetta,2016,28085,700,Vencido,1,1
P000005989,2023-08-27,2024-08-26,Cobertura total,Chevrolet Cruze,2017,18286,600,Al día,0,0
P000005990,2022-07-31,2023-07-31,Cobertura total,Kia Forte,2015,11262,500,Al día,1,0
P000005991,2021-03-27,2022-03-27,Cobertura de colisión,Kia Forte,2016,32197,600,Al día,0,1
P000005992,2023-08-28,2024-08-27,Cobertura de robo,Nissan Sentra,2019,39261,700,Al día,0,0
P000005993,2022-07-21,2023-07-21,Responsabilidad civil,Volkswagen Jetta,2021,21058,600,Vencido,1,0
P000005994,2021-02-05,2022-02-05,Cobertura amplia,Toyota Corolla,2016,27561,500,Al día,1,0
P000005995,2022-08-29,2023-08-29,Cobertura amplia,Mazda 3,2012,48052,700,Al día,0,1
P000005996,2024-08-16,2025-08-16,Cobertura de robo,Toyota Corolla,2018,48327,600,Al día,1,1
P000005997,2022-03-30,2023-03-30,Cobertura total,Honda Civic,2018,41680,500,Al día,0,0
P000005998,2024-03-18,2025-03-18,Cobertura total,Chevrolet Cruze,2010,42915,600,Vencido,1,0
P000005999,2022-06-22,2023-06-22,Cobertura amplia,Toyota Corolla,2022,44497,600,Vencido,1,0
P000006000,2020-10-28,2021-10-28,Cobertura de robo,Honda Civic,2012,29033,600,Vencido,1,1
P000006001,2025-04-13,2026-04-13,Cobertura amplia,Chevrolet Cruze,2020,32061,600,Vencido,0,1
P000006002,2025-06-07,2026-06-07,Cobertura amplia,Chevrolet Cruze,2014,47283,700,Al día,1,0
P000006003,2020-08-10,2021-08-10,Cobertura total,Chevrolet Cruze,2017,23159,600,Al día,1,0
P000006004,2024-11-20,2025-11-20,Cobertura de colisión,Chevrolet Cruze,2021,30931,700,Vencido,1,1
P000006005,2021-08-16,2022-08-16,Cobertura de colisión,Volkswagen Jetta,2016,17131,600,Al día,1,0
P000006006,2022-06-04,2023-06-04,Responsabilidad civil,Nissan Sentra,2012,22983,600,Vencido,1,1
P000006007,2025-02-06,2026-02-06,Cobertura total,Honda Civic,2022,24778,600,Vencido,0,0
P000006008,2021-12-30,2022-12-30,Cobertura total,Honda Civic,2013,18449,700,Vencido,1,1
P000006009,2024-05-05,2025-05-05,Responsabilidad civil,Ford Focus,2010,42448,700,Al día,1,0
P000006010,2024-03-09,2025-03-09,Cobertura total,Ford Focus,2015,49930,600,Vencido,1,1
P000006011,2021-07-12,2022-07-12,Cobertura de robo,Ford Focus,2012,47734,500,Vencido,0,0
P000006012,2025-02-17,2026-02-17,Cobertura total,Honda Civic,2017,35221,700,Al día,0,0
P000006013,2022-03-06,2023-03-06,Cobertura amplia,Volkswagen Jetta,2020,32561,600,Vencido,0,0
P000006014,2024-01-08,2025-01-07,Cobertura amplia,Subaru Impreza,2019,49633,500,Al día,1,0
P000006015,2023-01-09,2024-01-09,Cobertura amplia,Chevrolet Cruze,2021,14486,700,Al día,0,1
P000006016,2022-04-08,2023-04-08,Cobertura de colisión,Hyundai Elantra,2012,48528,700,Vencido,0,0
P000006017,2023-10-07,2024-10-06,Cobertura amplia,Ford Focus,2020,25112,600,Vencido,0,0
P000006018,2021-06-05,2022-06-05,Cobertura de colisión,Kia Forte,2012,23132,700,Al día,1,1
P000006019,2020-05-11,2021-05-11,Cobertura de colisión,Ford Focus,2019,49741,600,Al día,0,1
P000006020,2020-09-01,2021-09-01,Responsabilidad civil,Honda Civic,2010,37365,600,Vencido,1,0
P000006021,2023-02-23,2024-02-23,Responsabilidad civil,Hyundai Elantra,2014,18701,500,Al día,1,0
P000006022,2021-07-13,2022-07-13,Cobertura de colisión,Nissan Sentra,2015,12833,700,Al día,0,1
P000006023,2021-03-31,2022-03-31,Cobertura amplia,Subaru Impreza,2014,30575,600,Vencido,0,0
P000006024,2025-03-21,2026-03-21,Cobertura de colisión,Toyota Corolla,2013,40714,600,Al día,1,0
P000006025,2025-02-21,2026-02-21,Cobertura de colisión,Toyota Corolla,2022,28259,700,Al día,1,0
P000006026,2024-09-09,2025-09-09,Cobertura total,Hyundai Elantra,2017,40919,600,Al día,0,1
P000006027,2021-12-02,2022-12-02,Cobertura de robo,Ford Focus,2010,44268,700,Vencido,1,0
P000006028,2023-11-08,2024-11-07,Cobertura total,Hyundai Elantra,2021,16620,700,Vencido,0,1
P000006029,2022-06-19,2023-06-19,Cobertura de colisión,Volkswagen Jetta,2017,34985,500,Vencido,0,1
P000006030,2023-04-23,2024-04-22,Responsabilidad civil,Hyundai Elantra,2022,30456,500,Al día,1,1
P000006031,2021-10-04,2022-10-04,Cobertura amplia,Toyota Corolla,2013,33149,600,Al día,1,0
P000006032,2021-11-27,2022-11-27,Cobertura de robo,Volkswagen Jetta,2018,27136,600,Vencido,0,0
P000006033,2022-07-29,2023-07-29,Cobertura total,Ford Focus,2015,28528,700,Al día,0,1
P000006034,2020-12-20,2021-12-20,Cobertura de colisión,Chevrolet Cruze,2013,46657,500,Vencido,0,0
P000006035,2024-08-13,2025-08-13,Cobertura total,Honda Civic,2011,49634,700,Vencido,0,0
P000006036,2025-11-07,2026-11-07,Cobertura total,Nissan Sentra,2011,19164,500,Al día,1,0
P000006037,2025-06-26,2026-06-26,Cobertura total,Kia Forte,2012,45588,700,Vencido,0,0
P000006038,2022-06-05,2023-06-05,Responsabilidad civil,Honda Civic,2019,19658,700,Vencido,1,0
P000006039,2025-04-23,2026-04-23,Responsabilidad civil,Nissan Sentra,2011,27344,500,Al día,0,0
P000006040,2025-03-10,2026-03-10,Cobertura de robo,Kia Forte,2015,25836,700,Vencido,0,1
P000006041,2023-02-17,2024-02-17,Cobertura de colisión,Toyota Corolla,2020,17496,500,Vencido,1,1
P000006042,2020-02-29,2021-02-28,Cobertura de colisión,Hyundai Elantra,2010,33283,700,Vencido,0,1
P000006043,2024-10-19,2025-10-19,Cobertura amplia,Kia Forte,2016,16494,700,Vencido,0,0
P000006044,2022-10-07,2023-10-07,Responsabilidad civil,Honda Civic,2013,27282,500,Vencido,1,1
P000006045,2022-10-12,2023-10-12,Cobertura total,Volkswagen Jetta,2022,11326,500,Al día,1,1
P000006046,2023-09-02,2024-09-01,Responsabilidad civil,Toyota Corolla,2020,13558,500,Al día,0,1
P000006047,2024-11-13,2025-11-13,Cobertura amplia,Toyota Corolla,2011,12440,500,Al día,0,1
P000006048,2022-06-29,2023-06-29,Cobertura amplia,Toyota Corolla,2022,30863,700,Vencido,1,0
P000006049,2021-09-02,2022-09-02,Responsabilidad civil,Toyota Corolla,2013,18808,600,Al día,1,0
P000006050,2020-01-21,2021-01-20,Cobertura de robo,Toyota Corolla,2020,30367,600,Vencido,0,1
P000006051,2024-09-07,2025-09-07,Cobertura amplia,Ford Focus,2010,13279,700,Vencido,1,1
P000006052,2020-06-30,2021-06-30,Responsabilidad civil,Toyota Corolla,2015,37514,500,Al día,1,1
P000006053,2020-06-13,2021-06-13,Responsabilidad civil,Volkswagen Jetta,2013,27343,600,Al día,0,0
P000006054,2025-04-11,2026-04-11,Cobertura de robo,Ford Focus,2018,16577,600,Vencido,1,1
P000006055,2025-08-27,2026-08-27,Cobertura amplia,Mazda 3,2021,15337,600,Vencido,0,0
P000006056,2020-05-17,2021-05-17,Cobertura amplia,Chevrolet Cruze,2014,29883,600,Al día,1,0
P000006057,2024-10-09,2025-10-09,Responsabilidad civil,Kia Forte,2022,34962,600,Vencido,0,1
P000006058,2025-12-15,2026-12-15,Cobertura amplia,Volkswagen Jetta,2015,16296,600,Al día,0,1
P000006059,2024-06-03,2025-06-03,Responsabilidad civil,Toyota Corolla,2015,31162,600,Vencido,1,1
P000006060,2025-05-17,2026-05-17,Cobertura amplia,Toyota Corolla,2022,20916,500,Vencido,1,1
P000006061,2021-02-05,2022-02-05,Cobertura total,Toyota Corolla,2015,10683,600,Al día,1,0
P000006062,2025-01-27,2026-01-27,Cobertura de colisión,Subaru Impreza,2019,13877,700,Vencido,1,1
P000006063,2025-07-21,2026-07-21,Cobertura de robo,Mazda 3,2018,47911,600,Al día,0,1
P000006064,2022-09-12,2023-09-12,Cobertura de colisión,Ford Focus,2013,27333,700,Al día,1,0
P000006065,2020-12-06,2021-12-06,Cobertura de colisión,Mazda 3,2017,40821,500,Al día,0,1
P000006066,2020-02-20,2021-02-19,Cobertura amplia,Nissan Sentra,2010,41568,500,Al día,1,0
P000006067,2024-07-23,2025-07-23,Cobertura total,Nissan Sentra,2010,49730,600,Al día,0,0
P000006068,2022-06-11,2023-06-11,Cobertura de robo,Kia Forte,2016,46773,700,Vencido,0,1
P000006069,2021-06-27,2022-06-27,Responsabilidad civil,Volkswagen Jetta,2021,17995,500,Vencido,1,0
P000006070,2024-01-08,2025-01-07,Cobertura de colisión,Honda Civic,2022,11536,500,Al día,0,0
P000006071,2023-04-26,2024-04-25,Cobertura de colisión,Ford Focus,2020,35926,500,Vencido,1,0
P000006072,2022-09-06,2023-09-06,Cobertura de robo,Toyota Corolla,2013,26092,500,Al día,0,1
P000006073,2021-01-06,2022-01-06,Cobertura de colisión,Chevrolet Cruze,2022,40956,700,Vencido,1,1
P000006074,2020-03-06,2021-03-06,Cobertura de colisión,Nissan Sentra,2014,25374,600,Vencido,0,0
P000006075,2025-05-19,2026-05-19,Cobertura de colisión,Nissan Sentra,2018,35043,500,Vencido,0,1
P000006076,2023-06-02,2024-06-01,Responsabilidad civil,Volkswagen Jetta,2016,10134,700,Vencido,0,0
P000006077,2021-10-24,2022-10-24,Cobertura de colisión,Nissan Sentra,2018,14805,600,Al día,0,0
P000006078,2025-02-24,2026-02-24,Cobertura total,Hyundai Elantra,2010,17300,500,Al día,1,1
P000006079,2020-04-09,2021-04-09,Cobertura de robo,Mazda 3,2014,43339,500,Al día,1,1
P000006080,2025-02-06,2026-02-06,Cobertura amplia,Hyundai Elantra,2017,47895,600,Al día,0,0
P000006081,2025-03-14,2026-03-14,Responsabilidad civil,Toyota Corolla,2014,24451,500,Al día,0,0
P000006082,2021-07-21,2022-07-21,Responsabilidad civil,Volkswagen Jetta,2010,13988,700,Vencido,0,0
P000006083,2024-07-18,2025-07-18,Cobertura total,Subaru Impreza,2010,17445,700,Vencido,1,0
P000006084,2022-01-27,2023-01-27,Cobertura de robo,Honda Civic,2014,20864,500,Al día,1,1
P000006085,2024-02-26,2025-02-25,Cobertura total,Chevrolet Cruze,2012,45765,700,Vencido,1,1
P000006086,2025-03-16,2026-03-16,Cobertura de robo,Ford Focus,2020,25550,700,Al día,0,1
P000006087,2020-01-06,2021-01-05,Cobertura de colisión,Kia Forte,2015,46250,700,Al día,1,1
P000006088,2020-10-16,2021-10-16,Responsabilidad civil,Hyundai Elantra,2018,16644,500,Vencido,0,1
P000006089,2024-04-25,2025-04-25,Responsabilidad civil,Ford Focus,2019,23415,600,Al día,0,0
P000006090,2023-09-25,2024-09-24,Responsabilidad civil,Honda Civic,2017,31386,600,Al día,1,0
P000006091,2025-12-14,2026-12-14,Cobertura total,Volkswagen Jetta,2016,22687,700,Vencido,0,1
P000006092,2020-05-13,2021-05-13,Cobertura total,Toyota Corolla,2015,14824,600,Vencido,0,1
P000006093,2023-04-29,2024-04-28,Cobertura total,Toyota Corolla,2022,41186,700,Vencido,0,1
P000006094,2024-10-10,2025-10-10,Cobertura total,Chevrolet Cruze,2016,40976,500,Vencido,0,0
P000006095,2023-01-10,2024-01-10,Responsabilidad civil,Nissan Sentra,2022,37660,600,Al día,0,1
P000006096,2022-04-28,2023-04-28,Cobertura de colisión,Honda Civic,2019,14204,700,Vencido,0,0
P000006097,2020-11-27,2021-11-27,Cobertura de colisión,Kia Forte,2010,22629,600,Al día,0,1
P000006098,2023-10-07,2024-10-06,Responsabilidad civil,Toyota Corolla,2018,25776,600,Vencido,0,0
P000006099,2020-08-12,2021-08-12,Cobertura de colisión,Honda Civic,2016,13254,600,Vencido,1,0
P000006100,2025-10-09,2026-10-09,Cobertura de colisión,Volkswagen Jetta,2017,26931,500,Vencido,0,1
P000006101,2024-01-30,2025-01-29,Cobertura de robo,Honda Civic,2013,49728,500,Vencido,1,0
P000006102,2020-07-30,2021-07-30,Cobertura de robo,Kia Forte,2011,37084,500,Vencido,0,0
P000006103,2021-03-30,2022-03-30,Responsabilidad civil,Hyundai Elantra,2020,40865,500,Vencido,0,1
P000006104,2024-04-17,2025-04-17,Responsabilidad civil,Toyota Corolla,2011,32422,700,Al día,0,0
P000006105,2024-02-06,2025-02-05,Cobertura total,Ford Focus,2022,30568,700,Vencido,1,0
P000006106,2025-03-21,2026-03-21,Cobertura amplia,Nissan Sentra,2014,48222,600,Vencido,1,1
P000006107,2020-06-16,2021-06-16,Cobertura amplia,Kia Forte,2014,18616,600,Al día,1,1
P000006108,2024-02-06,2025-02-05,Cobertura amplia,Hyundai Elantra,2020,33803,500,Vencido,0,0
P000006109,2024-02-09,2025-02-08,Cobertura amplia,Kia Forte,2021,35891,600,Al día,0,0
P000006110,2021-12-18,2022-12-18,Cobertura total,Honda Civic,2010,47613,700,Vencido,0,1
P000006111,2020-10-01,2021-10-01,Cobertura total,Ford Focus,2020,43020,600,Vencido,1,0
P000006112,2022-04-18,2023-04-18,Cobertura amplia,Toyota Corolla,2011,49931,500,Al día,1,1
P000006113,2021-07-20,2022-07-20,Responsabilidad civil,Kia Forte,2013,37890,700,Vencido,0,0
P000006114,2023-10-03,2024-10-02,Cobertura de colisión,Ford Focus,2013,16970,500,Vencido,1,0
P000006115,2022-09-04,2023-09-04,Cobertura de robo,Toyota Corolla,2019,41717,700,Al día,0,1
P000006116,2021-04-10,2022-04-10,Cobertura amplia,Toyota Corolla,2020,10912,600,Al día,0,1
P000006117,2025-05-13,2026-05-13,Cobertura de colisión,Nissan Sentra,2017,18837,700,Vencido,1,1
P000006118,2022-05-09,2023-05-09,Cobertura de robo,Toyota Corolla,2015,21768,600,Vencido,1,1
P000006119,2022-07-12,2023-07-12,Responsabilidad civil,Nissan Sentra,2022,32440,700,Vencido,0,1
P000006120,2023-08-05,2024-08-04,Cobertura de robo,Volkswagen Jetta,2013,38264,500,Al día,0,0
P000006121,2023-12-15,2024-12-14,Responsabilidad civil,Kia Forte,2010,23305,500,Vencido,0,0
P000006122,2022-12-31,2023-12-31,Cobertura de colisión,Kia Forte,2012,36876,700,Vencido,1,1
P000006123,2025-08-24,2026-08-24,Cobertura de robo,Kia Forte,2019,19986,700,Vencido,0,0
P000006124,2024-09-28,2025-09-28,Cobertura amplia,Honda Civic,2013,30954,700,Al día,1,0
P000006125,2023-02-09,2024-02-09,Cobertura total,Ford Focus,2012,30552,500,Al día,1,1
P000006126,2020-08-11,2021-08-11,Cobertura total,Volkswagen Jetta,2013,48393,500,Al día,0,0
P000006127,2020-09-16,2021-09-16,Cobertura total,Volkswagen Jetta,2012,30871,700,Vencido,1,1
P000006128,2024-03-07,2025-03-07,Responsabilidad civil,Ford Focus,2013,40266,700,Vencido,0,1
P000006129,2023-11-15,2024-11-14,Responsabilidad civil,Nissan Sentra,2022,11509,500,Vencido,1,0
P000006130,2025-01-27,2026-01-27,Cobertura de colisión,Honda Civic,2019,32476,600,Al día,0,1
P000006131,2025-06-14,2026-06-14,Cobertura total,Toyota Corolla,2018,34449,700,Al día,1,1
P000006132,2025-08-15,2026-08-15,Cobertura de colisión,Kia Forte,2019,15278,700,Vencido,0,1
P000006133,2025-11-27,2026-11-27,Responsabilidad civil,Toyota Corolla,2015,21090,500,Vencido,0,1
P000006134,2021-05-17,2022-05-17,Responsabilidad civil,Hyundai Elantra,2022,23325,700,Al día,0,0
P000006135,2025-04-09,2026-04-09,Cobertura amplia,Nissan Sentra,2016,36019,500,Vencido,1,1
P000006136,2025-12-18,2026-12-18,Cobertura de colisión,Honda Civic,2018,14812,600,Vencido,1,0
P000006137,2025-12-22,2026-12-22,Cobertura amplia,Volkswagen Jetta,2011,14974,600,Al día,1,0
P000006138,2023-04-12,2024-04-11,Cobertura amplia,Mazda 3,2016,22256,600,Vencido,0,0
P000006139,2025-01-25,2026-01-25,Cobertura total,Volkswagen Jetta,2014,25736,500,Al día,0,0
P000006140,2024-02-16,2025-02-15,Cobertura total,Kia Forte,2021,15958,700,Al día,0,1
P000006141,2020-09-25,2021-09-25,Cobertura total,Honda Civic,2018,40756,700,Vencido,1,1
P000006142,2022-02-10,2023-02-10,Responsabilidad civil,Toyota Corolla,2019,16283,700,Vencido,1,1
P000006143,2025-02-18,2026-02-18,Cobertura de robo,Kia Forte,2020,37021,500,Al día,1,1
P000006144,2020-12-23,2021-12-23,Cobertura amplia,Mazda 3,2010,22667,600,Al día,0,0
P000006145,2020-11-24,2021-11-24,Cobertura total,Ford Focus,2010,26636,600,Vencido,1,0
P000006146,2024-05-19,2025-05-19,Cobertura de robo,Hyundai Elantra,2013,48846,600,Al día,0,1
P000006147,2022-01-02,2023-01-02,Cobertura total,Volkswagen Jetta,2021,39905,700,Vencido,1,0
P000006148,2023-03-27,2024-03-26,Cobertura de colisión,Kia Forte,2022,23313,600,Al día,1,1
P000006149,2020-11-11,2021-11-11,Responsabilidad civil,Toyota Corolla,2010,21986,600,Al día,0,0
P000006150,2021-03-23,2022-03-23,Cobertura de colisión,Kia Forte,2018,17427,500,Al día,1,0
P000006151,2021-11-05,2022-11-05,Cobertura total,Toyota Corolla,2018,35585,600,Al día,1,0
P000006152,2023-02-04,2024-02-04,Cobertura de colisión,Subaru Impreza,2010,35261,600,Al día,1,1
P000006153,2021-04-03,2022-04-03,Cobertura de colisión,Hyundai Elantra,2019,33004,600,Al día,1,1
P000006154,2021-08-29,2022-08-29,Responsabilidad civil,Honda Civic,2010,30579,700,Vencido,0,1
P000006155,2025-07-25,2026-07-25,Cobertura de robo,Mazda 3,2021,46830,700,Al día,0,0
P000006156,2021-09-08,2022-09-08,Cobertura de colisión,Toyota Corolla,2017,28221,700,Vencido,0,0
P000006157,2022-04-16,2023-04-16,Cobertura de colisión,Honda Civic,2015,40533,500,Al día,0,1
P000006158,2025-11-02,2026-11-02,Responsabilidad civil,Volkswagen Jetta,2013,18962,600,Vencido,0,1
P000006159,2020-04-02,2021-04-02,Responsabilidad civil,Toyota Corolla,2019,34072,500,Vencido,0,0
P000006160,2023-04-15,2024-04-14,Cobertura de colisión,Chevrolet Cruze,2017,14094,500,Al día,0,1
P000006161,2024-09-02,2025-09-02,Cobertura de colisión,Hyundai Elantra,2022,45518,500,Al día,0,1
P000006162,2021-06-24,2022-06-24,Cobertura amplia,Ford Focus,2018,22074,600,Vencido,1,0
P000006163,2025-04-25,2026-04-25,Cobertura total,Honda Civic,2018,45420,700,Vencido,0,0
P000006164,2023-11-21,2024-11-20,Cobertura de colisión,Nissan Sentra,2019,23890,700,Vencido,0,0
P000006165,2024-09-16,2025-09-16,Cobertura amplia,Volkswagen Jetta,2022,36403,500,Vencido,0,1
P000006166,2024-12-23,2025-12-23,Cobertura total,Toyota Corolla,2018,19887,600,Vencido,1,0
P000006167,2020-03-28,2021-03-28,Responsabilidad civil,Honda Civic,2017,22939,700,Vencido,0,0
P000006168,2023-04-09,2024-04-08,Cobertura total,Ford Focus,2022,20546,600,Al día,0,0
P000006169,2022-02-13,2023-02-13,Cobertura amplia,Toyota Corolla,2010,14871,700,Vencido,1,1
P000006170,2020-09-14,2021-09-14,Responsabilidad civil,Volkswagen Jetta,2013,44511,700,Al día,1,1
P000006171,2020-03-31,2021-03-31,Cobertura de colisión,Honda Civic,2014,24121,600,Al día,0,0
P000006172,2022-08-09,2023-08-09,Cobertura de colisión,Volkswagen Jetta,2021,45375,500,Al día,1,1
P000006173,2025-10-29,2026-10-29,Cobertura de robo,Toyota Corolla,2021,34358,600,Al día,0,1
P000006174,2023-10-07,2024-10-06,Cobertura de colisión,Toyota Corolla,2014,41804,700,Al día,1,0
P000006175,2024-08-13,2025-08-13,Cobertura de robo,Toyota Corolla,2016,42454,500,Al día,1,1
P000006176,2023-11-05,2024-11-04,Cobertura amplia,Chevrolet Cruze,2011,28954,700,Al día,0,1
P000006177,2023-08-29,2024-08-28,Cobertura amplia,Toyota Corolla,2014,34290,600,Vencido,0,0
P000006178,2025-06-14,2026-06-14,Cobertura de colisión,Mazda 3,2015,21177,700,Al día,0,1
P000006179,2025-12-11,2026-12-11,Cobertura amplia,Chevrolet Cruze,2013,19870,600,Al día,0,0
P000006180,2024-12-28,2025-12-28,Cobertura de colisión,Ford Focus,2015,39317,600,Al día,0,1
P000006181,2025-02-18,2026-02-18,Cobertura total,Toyota Corolla,2021,20885,600,Al día,1,1
P000006182,2023-05-30,2024-05-29,Cobertura de robo,Honda Civic,2012,21219,600,Vencido,1,1
P000006183,2021-06-24,2022-06-24,Cobertura de colisión,Mazda 3,2013,25669,600,Al día,1,0
P000006184,2023-06-09,2024-06-08,Cobertura total,Toyota Corolla,2013,15509,500,Al día,0,0
P000006185,2021-12-04,2022-12-04,Responsabilidad civil,Ford Focus,2011,14156,500,Vencido,0,1
P000006186,2022-11-30,2023-11-30,Cobertura de colisión,Ford Focus,2010,19214,600,Vencido,1,0
P000006187,2022-07-17,2023-07-17,Cobertura de colisión,Honda Civic,2021,47959,500,Al día,1,1
P000006188,2025-06-06,2026-06-06,Cobertura total,Ford Focus,2022,10440,600,Al día,0,0
P000006189,2024-03-03,2025-03-03,Responsabilidad civil,Chevrolet Cruze,2019,47925,700,Al día,0,1
P000006190,2023-03-26,2024-03-25,Responsabilidad civil,Hyundai Elantra,2017,49092,600,Al día,1,1
P000006191,2020-07-12,2021-07-12,Cobertura de robo,Kia Forte,2022,35569,600,Vencido,1,1
P000006192,2021-08-30,2022-08-30,Responsabilidad civil,Hyundai Elantra,2018,13458,700,Al día,0,1
P000006193,2023-12-17,2024-12-16,Cobertura amplia,Honda Civic,2022,36301,700,Vencido,0,0
P000006194,2023-03-10,2024-03-09,Cobertura total,Volkswagen Jetta,2018,29962,600,Al día,1,1
P000006195,2025-02-10,2026-02-10,Cobertura de colisión,Volkswagen Jetta,2011,44769,600,Vencido,0,1
P000006196,2021-11-12,2022-11-12,Cobertura amplia,Toyota Corolla,2012,20057,700,Al día,0,0
P000006197,2021-10-20,2022-10-20,Responsabilidad civil,Chevrolet Cruze,2010,19051,700,Al día,1,1
P000006198,2023-03-14,2024-03-13,Cobertura de colisión,Kia Forte,2020,16457,700,Vencido,0,0
P000006199,2022-01-16,2023-01-16,Cobertura total,Honda Civic,2015,15304,600,Vencido,1,0
P000006200,2021-12-19,2022-12-19,Cobertura total,Ford Focus,2016,30549,700,Vencido,0,0
P000006201,2021-09-20,2022-09-20,Cobertura de robo,Hyundai Elantra,2016,45128,700,Al día,0,0
P000006202,2021-10-22,2022-10-22,Cobertura de colisión,Chevrolet Cruze,2015,15859,700,Al día,0,0
P000006203,2022-09-01,2023-09-01,Cobertura de colisión,Ford Focus,2022,37000,500,Al día,1,0
P000006204,2021-04-23,2022-04-23,Cobertura de colisión,Hyundai Elantra,2016,49272,600,Vencido,0,0
P000006205,2020-06-17,2021-06-17,Cobertura total,Kia Forte,2020,34268,500,Al día,0,0
P000006206,2023-07-20,2024-07-19,Cobertura de colisión,Mazda 3,2016,34361,500,Vencido,0,0
P000006207,2021-06-02,2022-06-02,Cobertura amplia,Nissan Sentra,2010,13174,700,Vencido,1,0
P000006208,2024-12-10,2025-12-10,Responsabilidad civil,Toyota Corolla,2014,34167,700,Al día,0,0
P000006209,2022-12-02,2023-12-02,Cobertura de colisión,Toyota Corolla,2010,44988,500,Al día,1,1
P000006210,2024-02-23,2025-02-22,Cobertura de robo,Hyundai Elantra,2012,24491,600,Vencido,1,1
P000006211,2022-01-25,2023-01-25,Cobertura total,Mazda 3,2019,29750,500,Vencido,1,1
P000006212,2022-04-20,2023-04-20,Cobertura amplia,Toyota Corolla,2017,43893,600,Vencido,1,0
P000006213,2020-05-22,2021-05-22,Responsabilidad civil,Hyundai Elantra,2010,25877,700,Vencido,0,0
P000006214,2023-07-22,2024-07-21,Cobertura de robo,Toyota Corolla,2019,42375,500,Vencido,1,1
P000006215,2023-11-09,2024-11-08,Cobertura de robo,Hyundai Elantra,2012,43418,600,Vencido,0,0
P000006216,2021-08-28,2022-08-28,Cobertura amplia,Toyota Corolla,2010,11310,500,Al día,1,0
P000006217,2024-03-07,2025-03-07,Responsabilidad civil,Honda Civic,2020,22870,600,Al día,0,1
P000006218,2025-01-10,2026-01-10,Cobertura de colisión,Toyota Corolla,2019,21793,600,Al día,1,1
P000006219,2021-10-27,2022-10-27,Cobertura de robo,Chevrolet Cruze,2012,14185,600,Vencido,1,1
P000006220,2025-12-25,2026-12-25,Cobertura total,Toyota Corolla,2013,10088,600,Al día,0,0
P000006221,2023-05-20,2024-05-19,Cobertura de colisión,Toyota Corolla,2015,33029,600,Vencido,0,1
P000006222,2021-05-12,2022-05-12,Responsabilidad civil,Ford Focus,2015,24450,600,Vencido,0,0
P000006223,2020-04-12,2021-04-12,Cobertura de robo,Ford Focus,2015,45287,600,Vencido,0,0
P000006224,2024-07-15,2025-07-15,Cobertura de colisión,Honda Civic,2022,28255,700,Vencido,1,0
P000006225,2025-08-07,2026-08-07,Cobertura total,Honda Civic,2022,46119,600,Al día,1,0
P000006226,2021-08-18,2022-08-18,Cobertura de colisión,Chevrolet Cruze,2017,44215,500,Vencido,1,0
P000006227,2025-02-19,2026-02-19,Responsabilidad civil,Ford Focus,2022,31912,700,Al día,1,1
P000006228,2023-08-04,2024-08-03,Responsabilidad civil,Nissan Sentra,2015,35467,600,Al día,0,0
P000006229,2021-10-01,2022-10-01,Cobertura de colisión,Hyundai Elantra,2019,28006,600,Al día,0,0
P000006230,2020-01-18,2021-01-17,Cobertura amplia,Mazda 3,2012,32342,600,Vencido,1,0
P000006231,2025-09-09,2026-09-09,Responsabilidad civil,Honda Civic,2015,32889,700,Vencido,0,1
P000006232,2023-09-18,2024-09-17,Cobertura total,Toyota Corolla,2012,42179,700,Al día,1,0
P000006233,2023-04-25,2024-04-24,Cobertura amplia,Ford Focus,2013,41826,500,Vencido,0,0
P000006234,2025-04-25,2026-04-25,Cobertura amplia,Kia Forte,2011,12260,500,Al día,0,1
P000006235,2023-04-02,2024-04-01,Responsabilidad civil,Mazda 3,2013,48070,600,Vencido,1,0
P000006236,2021-08-25,2022-08-25,Cobertura total,Honda Civic,2019,22401,700,Al día,1,0
P000006237,2024-12-15,2025-12-15,Cobertura total,Chevrolet Cruze,2012,35336,500,Vencido,0,1
P000006238,2023-10-19,2024-10-18,Responsabilidad civil,Kia Forte,2013,26415,700,Al día,0,0
P000006239,2021-04-05,2022-04-05,Responsabilidad civil,Toyota Corolla,2010,25889,700,Vencido,0,1
P000006240,2025-05-15,2026-05-15,Cobertura amplia,Toyota Corolla,2021,37889,700,Al día,0,1
P000006241,2020-06-13,2021-06-13,Cobertura de robo,Hyundai Elantra,2013,31759,700,Vencido,0,0
P000006242,2021-07-25,2022-07-25,Cobertura amplia,Nissan Sentra,2014,41269,500,Al día,0,1
P000006243,2021-04-23,2022-04-23,Responsabilidad civil,Subaru Impreza,2017,14415,700,Vencido,0,1
P000006244,2023-06-15,2024-06-14,Responsabilidad civil,Hyundai Elantra,2011,34136,600,Al día,1,1
P000006245,2020-04-11,2021-04-11,Cobertura de colisión,Chevrolet Cruze,2014,38572,600,Al día,1,0
P000006246,2024-07-03,2025-07-03,Responsabilidad civil,Chevrolet Cruze,2011,30445,500,Al día,1,0
P000006247,2022-06-21,2023-06-21,Cobertura total,Honda Civic,2019,40283,600,Al día,1,1
P000006248,2024-12-31,2025-12-31,Cobertura total,Chevrolet Cruze,2012,19262,700,Al día,0,0
P000006249,2024-01-03,2025-01-02,Responsabilidad civil,Toyota Corolla,2010,21710,500,Al día,0,1
P000006250,2021-01-13,2022-01-13,Cobertura de robo,Toyota Corolla,2012,25322,700,Al día,1,0
P000006251,2023-08-29,2024-08-28,Cobertura total,Toyota Corolla,2016,17938,700,Vencido,1,1
P000006252,2020-08-13,2021-08-13,Cobertura de robo,Nissan Sentra,2020,49305,700,Vencido,0,0
P000006253,2022-03-10,2023-03-10,Responsabilidad civil,Nissan Sentra,2010,24945,600,Al día,1,1
P000006254,2025-11-26,2026-11-26,Cobertura total,Toyota Corolla,2018,12638,500,Al día,0,1
P000006255,2022-06-28,2023-06-28,Cobertura total,Toyota Corolla,2022,39376,600,Al día,1,0
P000006256,2023-02-12,2024-02-12,Cobertura amplia,Mazda 3,2013,11364,700,Al día,0,1
P000006257,2022-03-12,2023-03-12,Cobertura amplia,Toyota Corolla,2017,49233,600,Al día,0,1
P000006258,2020-04-02,2021-04-02,Responsabilidad civil,Honda Civic,2020,46667,600,Al día,1,1
P000006259,2020-12-08,2021-12-08,Cobertura de robo,Toyota Corolla,2021,49400,700,Al día,0,0
P000006260,2024-12-29,2025-12-29,Cobertura de colisión,Ford Focus,2017,20816,500,Vencido,0,1
P000006261,2020-12-23,2021-12-23,Cobertura de robo,Chevrolet Cruze,2020,33561,700,Al día,0,1
P000006262,2025-09-27,2026-09-27,Cobertura amplia,Nissan Sentra,2016,23141,500,Al día,0,0
P000006263,2024-06-03,2025-06-03,Responsabilidad civil,Volkswagen Jetta,2020,12422,500,Vencido,1,1
P000006264,2022-03-07,2023-03-07,Cobertura total,Kia Forte,2019,22788,600,Vencido,1,0
P000006265,2025-07-01,2026-07-01,Cobertura amplia,Ford Focus,2019,18275,500,Al día,0,0
P000006266,2023-07-25,2024-07-24,Cobertura de robo,Nissan Sentra,2010,38832,700,Al día,0,0
P000006267,2025-09-26,2026-09-26,Responsabilidad civil,Toyota Corolla,2012,21432,600,Vencido,0,0
P000006268,2020-08-17,2021-08-17,Cobertura amplia,Toyota Corolla,2016,29204,600,Al día,1,0
P000006269,2024-01-18,2025-01-17,Cobertura de colisión,Toyota Corolla,2012,40071,700,Al día,1,0
P000006270,2024-06-16,2025-06-16,Cobertura de robo,Toyota Corolla,2015,30104,700,Vencido,0,1
P000006271,2021-08-28,2022-08-28,Cobertura de robo,Ford Focus,2020,28012,600,Vencido,0,1
P000006272,2024-10-17,2025-10-17,Cobertura amplia,Hyundai Elantra,2015,16844,700,Al día,1,0
P000006273,2024-02-23,2025-02-22,Cobertura de robo,Honda Civic,2010,35209,700,Al día,1,1
P000006274,2024-04-30,2025-04-30,Cobertura total,Subaru Impreza,2011,17066,500,Al día,1,1
P000006275,2024-03-07,2025-03-07,Responsabilidad civil,Honda Civic,2022,40216,500,Vencido,1,0
P000006276,2020-02-19,2021-02-18,Cobertura de colisión,Subaru Impreza,2021,27270,500,Al día,1,0
P000006277,2023-03-11,2024-03-10,Responsabilidad civil,Nissan Sentra,2014,47471,500,Al día,1,1
P000006278,2023-11-13,2024-11-12,Responsabilidad civil,Toyota Corolla,2016,14361,500,Al día,0,1
P000006279,2023-12-10,2024-12-09,Cobertura total,Toyota Corolla,2011,19476,600,Vencido,1,0
P000006280,2023-06-15,2024-06-14,Cobertura amplia,Ford Focus,2018,18845,500,Al día,1,1
P000006281,2024-12-30,2025-12-30,Cobertura de robo,Honda Civic,2021,46647,600,Vencido,1,0
P000006282,2020-12-24,2021-12-24,Cobertura total,Honda Civic,2014,16966,600,Al día,1,1
P000006283,2022-06-02,2023-06-02,Cobertura total,Nissan Sentra,2018,33551,700,Al día,1,1
P000006284,2024-12-24,2025-12-24,Cobertura de robo,Chevrolet Cruze,2017,34344,600,Vencido,1,1
P000006285,2024-08-29,2025-08-29,Cobertura total,Ford Focus,2020,20276,600,Vencido,1,1
P000006286,2024-12-17,2025-12-17,Cobertura de colisión,Chevrolet Cruze,2021,49326,600,Al día,0,1
P000006287,2023-03-28,2024-03-27,Responsabilidad civil,Toyota Corolla,2016,30389,700,Vencido,0,0
P000006288,2021-11-01,2022-11-01,Cobertura de robo,Volkswagen Jetta,2010,10446,600,Al día,1,1
P000006289,2024-10-02,2025-10-02,Cobertura amplia,Ford Focus,2018,23107,600,Vencido,1,0
P000006290,2024-08-23,2025-08-23,Cobertura amplia,Honda Civic,2016,19616,700,Vencido,1,1
P000006291,2021-07-25,2022-07-25,Cobertura de colisión,Subaru Impreza,2020,17522,600,Al día,0,1
P000006292,2020-12-18,2021-12-18,Cobertura total,Honda Civic,2010,10601,600,Al día,1,1
P000006293,2021-08-11,2022-08-11,Responsabilidad civil,Toyota Corolla,2021,24466,500,Vencido,1,1
P000006294,2022-05-01,2023-05-01,Cobertura amplia,Hyundai Elantra,2022,39983,600,Al día,0,0
P000006295,2023-05-27,2024-05-26,Responsabilidad civil,Subaru Impreza,2015,20087,700,Al día,0,0
P000006296,2025-04-28,2026-04-28,Cobertura de robo,Honda Civic,2017,23253,700,Al día,0,0
P000006297,2025-11-21,2026-11-21,Cobertura de colisión,Honda Civic,2014,47773,600,Al día,1,1
P000006298,2023-10-05,2024-10-04,Cobertura de robo,Nissan Sentra,2017,38995,500,Vencido,1,1
P000006299,2020-09-27,2021-09-27,Cobertura de colisión,Honda Civic,2022,42283,500,Al día,1,0
P000006300,2024-03-19,2025-03-19,Responsabilidad civil,Hyundai Elantra,2019,14530,600,Al día,0,1
P000006301,2020-12-28,2021-12-28,Cobertura amplia,Mazda 3,2011,24239,500,Vencido,0,0
P000006302,2020-01-28,2021-01-27,Responsabilidad civil,Ford Focus,2020,32201,700,Al día,1,0
P000006303,2024-08-04,2025-08-04,Responsabilidad civil,Honda Civic,2012,30768,600,Vencido,0,0
P000006304,2023-01-24,2024-01-24,Responsabilidad civil,Chevrolet Cruze,2017,21413,500,Al día,1,0
P000006305,2024-08-24,2025-08-24,Responsabilidad civil,Honda Civic,2013,36437,500,Al día,0,1
P000006306,2021-12-17,2022-12-17,Cobertura de robo,Subaru Impreza,2021,40402,500,Al día,1,0
P000006307,2025-03-07,2026-03-07,Cobertura de colisión,Chevrolet Cruze,2021,15453,500,Al día,0,0
P000006308,2021-07-14,2022-07-14,Responsabilidad civil,Honda Civic,2011,41829,600,Vencido,1,0
P000006309,2022-03-27,2023-03-27,Responsabilidad civil,Ford Focus,2014,31501,700,Vencido,1,0
P000006310,2022-01-31,2023-01-31,Cobertura total,Volkswagen Jetta,2010,10501,600,Al día,1,1
P000006311,2024-04-12,2025-04-12,Cobertura amplia,Subaru Impreza,2011,19197,700,Al día,1,0
P000006312,2023-03-31,2024-03-30,Cobertura amplia,Hyundai Elantra,2016,47901,500,Al día,0,0
P000006313,2025-07-02,2026-07-02,Cobertura de robo,Ford Focus,2014,27730,500,Vencido,0,0
P000006314,2020-06-21,2021-06-21,Cobertura de robo,Kia Forte,2016,37732,700,Al día,1,1
P000006315,2023-05-21,2024-05-20,Cobertura amplia,Nissan Sentra,2018,39368,700,Vencido,0,0
P000006316,2023-05-29,2024-05-28,Responsabilidad civil,Hyundai Elantra,2022,18841,500,Vencido,0,1
P000006317,2025-07-16,2026-07-16,Responsabilidad civil,Volkswagen Jetta,2022,26393,700,Al día,1,0
P000006318,2025-03-13,2026-03-13,Cobertura amplia,Honda Civic,2013,33527,600,Al día,0,1
P000006319,2022-07-08,2023-07-08,Cobertura amplia,Ford Focus,2014,14919,500,Vencido,1,1
P000006320,2020-04-19,2021-04-19,Cobertura amplia,Toyota Corolla,2015,40568,600,Al día,0,0
P000006321,2020-01-11,2021-01-10,Cobertura total,Mazda 3,2010,10528,500,Al día,0,0
P000006322,2021-09-22,2022-09-22,Cobertura amplia,Toyota Corolla,2013,26945,700,Al día,1,0
P000006323,2022-12-11,2023-12-11,Cobertura total,Nissan Sentra,2012,37188,600,Al día,0,0
P000006324,2023-05-14,2024-05-13,Responsabilidad civil,Honda Civic,2010,28978,500,Vencido,0,0
P000006325,2025-04-19,2026-04-19,Cobertura total,Honda Civic,2015,46641,500,Al día,1,1
P000006326,2021-05-23,2022-05-23,Cobertura de colisión,Honda Civic,2018,20048,500,Al día,1,1
P000006327,2023-03-24,2024-03-23,Cobertura de colisión,Volkswagen Jetta,2020,31776,500,Vencido,0,0
P000006328,2024-09-04,2025-09-04,Responsabilidad civil,Toyota Corolla,2015,21531,700,Vencido,0,1
P000006329,2022-01-04,2023-01-04,Cobertura de robo,Toyota Corolla,2018,36791,700,Al día,1,1
P000006330,2025-07-07,2026-07-07,Cobertura de colisión,Honda Civic,2010,48350,700,Vencido,1,1
P000006331,2022-09-29,2023-09-29,Cobertura total,Subaru Impreza,2020,38760,700,Vencido,1,1
P000006332,2020-04-26,2021-04-26,Cobertura de colisión,Honda Civic,2022,47196,500,Vencido,1,0
P000006333,2021-05-03,2022-05-03,Cobertura de robo,Nissan Sentra,2018,23457,600,Vencido,0,0
P000006334,2023-02-09,2024-02-09,Cobertura total,Volkswagen Jetta,2016,18076,600,Al día,1,1
P000006335,2025-07-12,2026-07-12,Cobertura de robo,Honda Civic,2018,47724,700,Al día,1,1
P000006336,2020-09-30,2021-09-30,Cobertura amplia,Volkswagen Jetta,2014,37665,500,Al día,0,1
P000006337,2024-01-21,2025-01-20,Cobertura de colisión,Nissan Sentra,2015,29670,500,Al día,0,0
P000006338,2025-05-22,2026-05-22,Cobertura de colisión,Chevrolet Cruze,2010,11224,700,Vencido,1,1
P000006339,2024-11-21,2025-11-21,Responsabilidad civil,Mazda 3,2011,35714,600,Al día,1,1
P000006340,2022-11-22,2023-11-22,Cobertura de colisión,Chevrolet Cruze,2017,37791,600,Al día,1,1
P000006341,2025-05-03,2026-05-03,Cobertura de colisión,Toyota Corolla,2012,46269,700,Vencido,0,1
P000006342,2021-05-04,2022-05-04,Cobertura de robo,Kia Forte,2014,39217,700,Al día,1,0
P000006343,2024-03-08,2025-03-08,Cobertura de colisión,Ford Focus,2011,37095,700,Al día,0,0
P000006344,2025-09-30,2026-09-30,Cobertura amplia,Subaru Impreza,2011,21593,500,Al día,0,1
P000006345,2020-03-12,2021-03-12,Cobertura total,Ford Focus,2017,37831,600,Vencido,0,1
P000006346,2022-11-29,2023-11-29,Cobertura total,Toyota Corolla,2014,37418,700,Al día,1,0
P000006347,2021-10-29,2022-10-29,Cobertura amplia,Nissan Sentra,2018,28999,700,Vencido,0,1
P000006348,2020-08-27,2021-08-27,Responsabilidad civil,Hyundai Elantra,2012,44657,700,Vencido,1,1
P000006349,2021-08-21,2022-08-21,Cobertura de colisión,Ford Focus,2022,21129,700,Vencido,0,0
P000006350,2023-08-02,2024-08-01,Responsabilidad civil,Subaru Impreza,2021,37283,700,Vencido,1,0
P000006351,2025-03-03,2026-03-03,Responsabilidad civil,Ford Focus,2019,17775,600,Vencido,1,0
P000006352,2021-07-08,2022-07-08,Cobertura de colisión,Nissan Sentra,2022,34829,500,Vencido,1,0
P000006353,2024-01-03,2025-01-02,Cobertura amplia,Toyota Corolla,2022,48508,600,Al día,0,1
P000006354,2021-10-30,2022-10-30,Cobertura total,Hyundai Elantra,2015,30476,700,Vencido,0,0
P000006355,2020-08-04,2021-08-04,Responsabilidad civil,Volkswagen Jetta,2021,14870,500,Vencido,0,0
P000006356,2023-01-21,2024-01-21,Cobertura de colisión,Mazda 3,2016,49565,600,Al día,1,0
P000006357,2024-01-19,2025-01-18,Cobertura de colisión,Volkswagen Jetta,2015,31955,500,Vencido,0,1
P000006358,2024-09-14,2025-09-14,Cobertura de colisión,Toyota Corolla,2016,19116,500,Vencido,0,0
P000006359,2023-12-29,2024-12-28,Cobertura de colisión,Kia Forte,2022,45244,500,Vencido,0,0
P000006360,2020-07-18,2021-07-18,Cobertura de robo,Volkswagen Jetta,2021,34401,500,Al día,1,1
P000006361,2023-04-02,2024-04-01,Cobertura amplia,Honda Civic,2015,46475,500,Vencido,0,0
P000006362,2023-04-09,2024-04-08,Cobertura de robo,Hyundai Elantra,2016,33457,700,Vencido,0,0
P000006363,2025-12-09,2026-12-09,Cobertura total,Ford Focus,2016,27897,700,Al día,1,0
P000006364,2020-11-10,2021-11-10,Responsabilidad civil,Hyundai Elantra,2016,47735,500,Vencido,0,0
P000006365,2025-10-05,2026-10-05,Cobertura total,Mazda 3,2010,18058,500,Al día,1,0
P000006366,2022-03-04,2023-03-04,Cobertura de colisión,Toyota Corolla,2016,24265,600,Al día,1,1
P000006367,2022-01-20,2023-01-20,Responsabilidad civil,Ford Focus,2014,16547,500,Vencido,1,1
P000006368,2021-01-22,2022-01-22,Cobertura de robo,Ford Focus,2020,13878,500,Al día,1,1
P000006369,2021-11-15,2022-11-15,Cobertura total,Kia Forte,2011,40381,500,Vencido,1,1
P000006370,2023-08-14,2024-08-13,Cobertura total,Ford Focus,2014,22746,500,Vencido,1,1
P000006371,2023-07-19,2024-07-18,Cobertura total,Honda Civic,2018,22106,500,Vencido,1,1
P000006372,2023-05-18,2024-05-17,Cobertura total,Ford Focus,2018,23221,600,Vencido,1,1
P000006373,2023-01-16,2024-01-16,Cobertura total,Honda Civic,2015,48990,700,Vencido,0,0
P000006374,2024-01-24,2025-01-23,Cobertura de robo,Hyundai Elantra,2013,20441,600,Vencido,0,0
P000006375,2021-01-27,2022-01-27,Cobertura de colisión,Honda Civic,2021,10942,700,Vencido,0,0
P000006376,2025-12-28,2026-12-28,Responsabilidad civil,Hyundai Elantra,2018,28556,700,Al día,1,1
P000006377,2023-12-11,2024-12-10,Responsabilidad civil,Toyota Corolla,2013,30026,500,Vencido,1,0
P000006378,2021-08-11,2022-08-11,Cobertura de robo,Honda Civic,2018,35169,700,Vencido,1,0
P000006379,2020-02-22,2021-02-21,Cobertura total,Honda Civic,2022,37806,500,Al día,1,1
P000006380,2021-07-14,2022-07-14,Cobertura amplia,Toyota Corolla,2020,16143,700,Al día,0,0
P000006381,2025-10-23,2026-10-23,Cobertura total,Toyota Corolla,2011,45730,500,Al día,1,1
P000006382,2023-02-26,2024-02-26,Cobertura amplia,Mazda 3,2022,27123,700,Vencido,1,1
P000006383,2024-03-07,2025-03-07,Cobertura amplia,Mazda 3,2011,43051,700,Al día,1,1
P000006384,2025-06-09,2026-06-09,Responsabilidad civil,Chevrolet Cruze,2015,30738,700,Vencido,1,1
P000006385,2024-08-14,2025-08-14,Cobertura de colisión,Volkswagen Jetta,2017,21754,600,Al día,1,0
P000006386,2023-10-25,2024-10-24,Cobertura amplia,Chevrolet Cruze,2016,21322,700,Al día,1,1
P000006387,2021-10-29,2022-10-29,Cobertura amplia,Kia Forte,2019,41190,700,Vencido,1,0
P000006388,2021-02-23,2022-02-23,Cobertura de colisión,Toyota Corolla,2013,36627,700,Al día,0,0
P000006389,2022-06-11,2023-06-11,Cobertura amplia,Honda Civic,2012,49089,500,Vencido,0,0
P000006390,2021-09-25,2022-09-25,Cobertura amplia,Ford Focus,2010,33192,500,Al día,0,1
P000006391,2025-08-23,2026-08-23,Cobertura de colisión,Ford Focus,2014,49166,500,Vencido,1,1
P000006392,2022-06-24,2023-06-24,Responsabilidad civil,Chevrolet Cruze,2013,16994,600,Al día,1,1
P000006393,2022-02-10,2023-02-10,Cobertura amplia,Toyota Corolla,2012,45957,600,Vencido,1,0
P000006394,2025-11-23,2026-11-23,Cobertura total,Honda Civic,2019,21785,500,Al día,1,1
P000006395,2025-12-19,2026-12-19,Cobertura amplia,Kia Forte,2010,14798,500,Al día,0,1
P000006396,2021-04-11,2022-04-11,Cobertura total,Ford Focus,2010,48149,700,Al día,1,1
P000006397,2024-09-05,2025-09-05,Cobertura de colisión,Nissan Sentra,2013,46924,700,Al día,0,0
P000006398,2025-03-01,2026-03-01,Cobertura total,Kia Forte,2020,25368,500,Al día,0,1
P000006399,2020-11-08,2021-11-08,Cobertura total,Ford Focus,2020,38184,600,Vencido,1,0
P000006400,2021-04-22,2022-04-22,Cobertura de colisión,Toyota Corolla,2015,45890,600,Al día,1,0
P000006401,2021-06-21,2022-06-21,Responsabilidad civil,Toyota Corolla,2011,40942,500,Al día,0,1
P000006402,2020-03-12,2021-03-12,Responsabilidad civil,Kia Forte,2013,37812,600,Al día,1,0
P000006403,2025-05-18,2026-05-18,Cobertura de robo,Nissan Sentra,2015,46632,500,Al día,1,1
P000006404,2023-11-27,2024-11-26,Cobertura total,Honda Civic,2015,16652,700,Al día,1,1
P000006405,2023-06-30,2024-06-29,Cobertura de robo,Subaru Impreza,2012,21490,500,Al día,0,0
P000006406,2024-01-25,2025-01-24,Cobertura de colisión,Honda Civic,2019,42160,500,Vencido,1,0
P000006407,2021-07-23,2022-07-23,Cobertura total,Honda Civic,2013,30738,700,Vencido,1,1
P000006408,2024-12-15,2025-12-15,Cobertura amplia,Volkswagen Jetta,2017,47134,600,Al día,0,1
P000006409,2025-11-12,2026-11-12,Responsabilidad civil,Chevrolet Cruze,2012,13892,500,Al día,1,0
P000006410,2023-11-02,2024-11-01,Cobertura de robo,Volkswagen Jetta,2021,33681,500,Al día,0,1
P000006411,2021-12-06,2022-12-06,Cobertura de robo,Toyota Corolla,2022,37929,600,Al día,1,0
P000006412,2023-06-01,2024-05-31,Cobertura total,Nissan Sentra,2010,46170,500,Al día,1,1
P000006413,2020-04-27,2021-04-27,Cobertura de colisión,Honda Civic,2022,22038,500,Vencido,0,1
P000006414,2021-04-30,2022-04-30,Cobertura amplia,Ford Focus,2022,38902,500,Vencido,1,0
P000006415,2022-06-29,2023-06-29,Cobertura total,Ford Focus,2017,43632,700,Vencido,1,0
P000006416,2021-06-11,2022-06-11,Responsabilidad civil,Honda Civic,2016,20142,600,Al día,0,1
P000006417,2021-08-06,2022-08-06,Cobertura de robo,Toyota Corolla,2010,33910,600,Al día,0,0
P000006418,2022-07-17,2023-07-17,Cobertura amplia,Chevrolet Cruze,2012,32353,500,Vencido,0,1
P000006419,2023-06-13,2024-06-12,Cobertura de colisión,Ford Focus,2020,30055,500,Al día,0,1
P000006420,2021-05-28,2022-05-28,Cobertura total,Honda Civic,2011,17072,500,Al día,0,0
P000006421,2022-05-09,2023-05-09,Cobertura de robo,Honda Civic,2022,25897,600,Al día,1,1
P000006422,2021-06-17,2022-06-17,Cobertura total,Chevrolet Cruze,2022,17849,600,Al día,0,0
P000006423,2020-11-17,2021-11-17,Cobertura de robo,Honda Civic,2018,19990,700,Vencido,0,0
P000006424,2024-10-06,2025-10-06,Responsabilidad civil,Mazda 3,2015,42054,500,Al día,1,1
P000006425,2021-04-02,2022-04-02,Cobertura de robo,Honda Civic,2015,33235,600,Al día,0,1
P000006426,2020-11-14,2021-11-14,Responsabilidad civil,Hyundai Elantra,2010,22071,700,Vencido,1,0
P000006427,2020-03-18,2021-03-18,Cobertura amplia,Chevrolet Cruze,2012,13720,500,Vencido,1,1
P000006428,2025-06-06,2026-06-06,Cobertura de robo,Hyundai Elantra,2015,29679,500,Vencido,0,0
P000006429,2024-11-01,2025-11-01,Responsabilidad civil,Kia Forte,2018,20500,600,Vencido,0,1
P000006430,2020-06-23,2021-06-23,Cobertura de robo,Volkswagen Jetta,2020,40732,700,Al día,1,0
P000006431,2022-03-15,2023-03-15,Cobertura de colisión,Kia Forte,2015,25571,500,Vencido,1,1
P000006432,2021-03-17,2022-03-17,Cobertura amplia,Ford Focus,2021,22014,700,Vencido,0,1
P000006433,2020-05-14,2021-05-14,Cobertura total,Nissan Sentra,2022,17174,700,Al día,1,1
P000006434,2025-10-04,2026-10-04,Cobertura de colisión,Ford Focus,2014,28357,700,Al día,0,1
P000006435,2020-08-30,2021-08-30,Cobertura total,Nissan Sentra,2016,13673,700,Al día,1,1
P000006436,2025-04-05,2026-04-05,Cobertura de colisión,Nissan Sentra,2018,27311,500,Al día,0,1
P000006437,2021-05-02,2022-05-02,Cobertura amplia,Mazda 3,2020,12865,500,Al día,1,0
P000006438,2022-11-02,2023-11-02,Cobertura total,Toyota Corolla,2022,34836,600,Al día,1,0
P000006439,2020-06-26,2021-06-26,Cobertura de robo,Nissan Sentra,2021,16263,700,Vencido,0,1
P000006440,2020-09-28,2021-09-28,Responsabilidad civil,Subaru Impreza,2016,32861,600,Al día,0,0
P000006441,2023-05-20,2024-05-19,Cobertura total,Honda Civic,2014,33604,700,Vencido,1,0
P000006442,2020-02-12,2021-02-11,Cobertura amplia,Nissan Sentra,2022,38489,500,Al día,0,1
P000006443,2021-01-30,2022-01-30,Cobertura amplia,Toyota Corolla,2010,18548,700,Al día,0,0
P000006444,2021-05-22,2022-05-22,Cobertura de robo,Ford Focus,2011,32773,700,Vencido,0,0
P000006445,2022-04-21,2023-04-21,Cobertura total,Honda Civic,2013,14680,700,Vencido,1,0
P000006446,2022-03-30,2023-03-30,Cobertura de robo,Ford Focus,2012,13933,600,Al día,1,0
P000006447,2022-01-26,2023-01-26,Cobertura total,Toyota Corolla,2018,34406,600,Vencido,0,0
P000006448,2023-12-10,2024-12-09,Cobertura de colisión,Honda Civic,2019,21797,500,Vencido,1,1
P000006449,2020-04-29,2021-04-29,Cobertura total,Chevrolet Cruze,2019,21419,500,Vencido,1,0
P000006450,2021-01-06,2022-01-06,Cobertura amplia,Hyundai Elantra,2015,18416,500,Vencido,1,0
P000006451,2021-08-19,2022-08-19,Cobertura amplia,Ford Focus,2015,27963,500,Vencido,0,0
P000006452,2023-02-10,2024-02-10,Cobertura de colisión,Nissan Sentra,2018,14269,600,Al día,0,0
P000006453,2023-11-25,2024-11-24,Cobertura de colisión,Volkswagen Jetta,2022,18300,500,Vencido,1,1
P000006454,2023-12-13,2024-12-12,Responsabilidad civil,Chevrolet Cruze,2017,47155,700,Al día,1,1
P000006455,2021-10-19,2022-10-19,Responsabilidad civil,Honda Civic,2015,39601,700,Vencido,0,1
P000006456,2025-08-12,2026-08-12,Cobertura de robo,Nissan Sentra,2015,38712,700,Al día,1,1
P000006457,2022-09-17,2023-09-17,Cobertura amplia,Mazda 3,2013,43279,500,Vencido,0,1
P000006458,2025-08-30,2026-08-30,Cobertura total,Ford Focus,2010,19680,600,Al día,0,1
P000006459,2020-10-06,2021-10-06,Cobertura de robo,Toyota Corolla,2014,49559,600,Vencido,1,0
P000006460,2021-02-09,2022-02-09,Cobertura total,Nissan Sentra,2016,13241,500,Vencido,1,1
P000006461,2020-02-27,2021-02-26,Responsabilidad civil,Toyota Corolla,2019,41572,500,Vencido,1,0
P000006462,2025-12-06,2026-12-06,Cobertura de colisión,Nissan Sentra,2017,47054,500,Al día,1,0
P000006463,2022-06-07,2023-06-07,Cobertura amplia,Honda Civic,2018,37112,700,Al día,0,0
P000006464,2022-02-23,2023-02-23,Responsabilidad civil,Subaru Impreza,2015,24640,500,Vencido,1,1
P000006465,2023-02-28,2024-02-28,Responsabilidad civil,Nissan Sentra,2020,43597,500,Al día,1,1
P000006466,2021-12-04,2022-12-04,Cobertura de colisión,Honda Civic,2020,49795,700,Al día,1,0
P000006467,2020-01-18,2021-01-17,Cobertura amplia,Chevrolet Cruze,2011,33196,600,Al día,0,1
P000006468,2021-02-08,2022-02-08,Cobertura de robo,Kia Forte,2020,18584,700,Al día,1,1
P000006469,2022-05-26,2023-05-26,Cobertura total,Mazda 3,2010,31804,500,Al día,1,0
P000006470,2025-08-27,2026-08-27,Cobertura de colisión,Volkswagen Jetta,2014,42716,500,Al día,1,0
P000006471,2025-04-28,2026-04-28,Responsabilidad civil,Ford Focus,2014,44401,500,Al día,0,1
P000006472,2024-02-10,2025-02-09,Cobertura de robo,Toyota Corolla,2016,16806,600,Al día,1,0
P000006473,2022-01-28,2023-01-28,Cobertura amplia,Volkswagen Jetta,2018,30557,700,Vencido,0,1
P000006474,2024-12-05,2025-12-05,Responsabilidad civil,Hyundai Elantra,2021,30236,500,Vencido,0,0
P000006475,2021-03-15,2022-03-15,Cobertura amplia,Volkswagen Jetta,2021,10885,500,Vencido,1,1
P000006476,2022-01-10,2023-01-10,Cobertura de robo,Kia Forte,2022,12792,600,Vencido,1,0
P000006477,2023-12-24,2024-12-23,Cobertura de robo,Honda Civic,2022,33621,700,Al día,1,0
P000006478,2024-04-03,2025-04-03,Cobertura de colisión,Honda Civic,2022,48773,600,Al día,1,0
P000006479,2024-10-03,2025-10-03,Responsabilidad civil,Chevrolet Cruze,2017,16279,700,Al día,0,1
P000006480,2022-05-27,2023-05-27,Cobertura de colisión,Mazda 3,2019,14001,500,Al día,1,0
P000006481,2025-10-07,2026-10-07,Responsabilidad civil,Volkswagen Jetta,2011,11169,600,Al día,0,0
P000006482,2022-07-21,2023-07-21,Responsabilidad civil,Hyundai Elantra,2013,45786,700,Al día,1,0
P000006483,2024-07-27,2025-07-27,Cobertura de robo,Kia Forte,2022,28015,600,Vencido,0,0
P000006484,2021-04-07,2022-04-07,Cobertura de robo,Volkswagen Jetta,2014,23183,600,Vencido,1,1
P000006485,2023-07-11,2024-07-10,Cobertura total,Ford Focus,2013,30361,700,Vencido,0,1
P000006486,2021-05-21,2022-05-21,Responsabilidad civil,Chevrolet Cruze,2011,16486,600,Vencido,1,0
P000006487,2025-03-23,2026-03-23,Cobertura de robo,Kia Forte,2020,16519,700,Al día,1,1
P000006488,2021-03-27,2022-03-27,Cobertura total,Mazda 3,2011,39417,600,Vencido,0,1
P000006489,2025-10-29,2026-10-29,Cobertura amplia,Nissan Sentra,2016,23761,700,Al día,0,1
P000006490,2021-07-10,2022-07-10,Cobertura de robo,Mazda 3,2018,43382,600,Al día,1,0
P000006491,2025-07-23,2026-07-23,Cobertura total,Honda Civic,2020,25097,500,Vencido,0,1
P000006492,2024-01-19,2025-01-18,Cobertura total,Chevrolet Cruze,2018,38192,500,Vencido,1,1
P000006493,2023-03-26,2024-03-25,Cobertura de robo,Hyundai Elantra,2016,14706,600,Vencido,1,1
P000006494,2020-06-15,2021-06-15,Cobertura amplia,Ford Focus,2019,43518,600,Al día,1,0
P000006495,2020-12-02,2021-12-02,Responsabilidad civil,Volkswagen Jetta,2015,37799,700,Vencido,0,0
P000006496,2023-09-05,2024-09-04,Cobertura de robo,Honda Civic,2020,42407,500,Al día,0,1
P000006497,2025-07-15,2026-07-15,Cobertura total,Chevrolet Cruze,2011,43066,700,Al día,0,1
P000006498,2021-04-18,2022-04-18,Cobertura total,Toyota Corolla,2020,43475,600,Al día,0,1
P000006499,2024-04-25,2025-04-25,Cobertura de robo,Toyota Corolla,2021,30412,700,Vencido,1,0
P000006500,2023-03-07,2024-03-06,Responsabilidad civil,Hyundai Elantra,2022,33289,600,Al día,0,1
P000006501,2025-02-14,2026-02-14,Responsabilidad civil,Hyundai Elantra,2014,43435,700,Al día,0,0
P000006502,2023-07-01,2024-06-30,Cobertura amplia,Toyota Corolla,2020,19414,700,Vencido,0,0
P000006503,2024-12-23,2025-12-23,Cobertura de robo,Ford Focus,2022,30705,600,Al día,1,1
P000006504,2022-07-14,2023-07-14,Responsabilidad civil,Hyundai Elantra,2015,13656,600,Al día,1,1
P000006505,2024-07-26,2025-07-26,Cobertura de robo,Hyundai Elantra,2016,32432,500,Al día,0,0
P000006506,2023-04-05,2024-04-04,Cobertura amplia,Chevrolet Cruze,2011,23402,700,Al día,0,0
P000006507,2024-10-18,2025-10-18,Responsabilidad civil,Subaru Impreza,2015,10145,500,Al día,1,1
P000006508,2022-02-12,2023-02-12,Cobertura de colisión,Kia Forte,2012,42337,600,Vencido,0,1
P000006509,2020-10-12,2021-10-12,Cobertura amplia,Nissan Sentra,2011,14223,600,Vencido,1,0
P000006510,2025-05-02,2026-05-02,Cobertura total,Nissan Sentra,2016,39336,600,Vencido,1,1
P000006511,2024-02-14,2025-02-13,Responsabilidad civil,Nissan Sentra,2011,12639,700,Vencido,0,0
P000006512,2022-01-04,2023-01-04,Cobertura de colisión,Honda Civic,2021,49838,600,Vencido,0,1
P000006513,2020-02-22,2021-02-21,Cobertura de robo,Ford Focus,2016,17001,600,Al día,1,0
P000006514,2025-07-06,2026-07-06,Cobertura amplia,Subaru Impreza,2021,38607,600,Al día,1,0
P000006515,2021-03-06,2022-03-06,Cobertura amplia,Honda Civic,2013,35653,600,Vencido,1,1
P000006516,2024-06-11,2025-06-11,Responsabilidad civil,Nissan Sentra,2018,26632,700,Vencido,1,1
P000006517,2024-11-29,2025-11-29,Cobertura total,Nissan Sentra,2018,41216,600,Al día,0,0
P000006518,2025-11-10,2026-11-10,Responsabilidad civil,Chevrolet Cruze,2020,36266,700,Al día,1,1
P000006519,2020-12-14,2021-12-14,Responsabilidad civil,Nissan Sentra,2013,29525,500,Vencido,0,1
P000006520,2021-05-03,2022-05-03,Cobertura de robo,Kia Forte,2016,47487,700,Vencido,1,1
P000006521,2021-08-10,2022-08-10,Responsabilidad civil,Hyundai Elantra,2014,34061,700,Al día,0,1
P000006522,2024-06-05,2025-06-05,Cobertura de robo,Toyota Corolla,2021,24676,700,Al día,1,1
P000006523,2024-06-28,2025-06-28,Cobertura de robo,Subaru Impreza,2017,32035,600,Al día,1,0
P000006524,2021-02-20,2022-02-20,Cobertura total,Kia Forte,2010,23659,600,Vencido,0,1
P000006525,2021-11-22,2022-11-22,Cobertura de colisión,Chevrolet Cruze,2015,20274,700,Vencido,0,0
P000006526,2020-09-22,2021-09-22,Cobertura de colisión,Toyota Corolla,2010,45149,500,Al día,0,1
P000006527,2024-01-29,2025-01-28,Cobertura amplia,Volkswagen Jetta,2015,17877,700,Vencido,1,1
P000006528,2022-03-26,2023-03-26,Cobertura de robo,Subaru Impreza,2022,34831,500,Al día,1,1
P000006529,2023-10-19,2024-10-18,Cobertura total,Kia Forte,2010,31673,700,Al día,1,0
P000006530,2022-03-31,2023-03-31,Cobertura de colisión,Honda Civic,2015,29766,500,Al día,1,0
P000006531,2024-07-13,2025-07-13,Cobertura de robo,Volkswagen Jetta,2021,33460,500,Al día,1,1
P000006532,2021-05-17,2022-05-17,Cobertura de colisión,Hyundai Elantra,2020,21846,700,Al día,0,1
P000006533,2022-08-11,2023-08-11,Cobertura de colisión,Chevrolet Cruze,2012,16639,600,Al día,0,1
P000006534,2024-10-05,2025-10-05,Cobertura de robo,Ford Focus,2018,26720,500,Vencido,1,1
P000006535,2025-08-06,2026-08-06,Responsabilidad civil,Kia Forte,2015,16852,600,Vencido,0,1
P000006536,2023-02-14,2024-02-14,Cobertura amplia,Mazda 3,2017,15748,600,Al día,1,0
P000006537,2023-01-23,2024-01-23,Cobertura de robo,Toyota Corolla,2014,16310,500,Vencido,0,1
P000006538,2024-06-27,2025-06-27,Cobertura de robo,Honda Civic,2014,49024,500,Al día,0,1
P000006539,2023-12-29,2024-12-28,Cobertura de colisión,Chevrolet Cruze,2012,30807,500,Vencido,0,0
P000006540,2025-05-02,2026-05-02,Cobertura de robo,Volkswagen Jetta,2021,18648,500,Al día,1,1
P000006541,2024-07-14,2025-07-14,Responsabilidad civil,Chevrolet Cruze,2012,22730,500,Vencido,0,0
P000006542,2025-06-07,2026-06-07,Responsabilidad civil,Chevrolet Cruze,2011,37627,700,Vencido,1,0
P000006543,2025-09-25,2026-09-25,Responsabilidad civil,Volkswagen Jetta,2016,15003,700,Vencido,1,1
P000006544,2023-02-16,2024-02-16,Responsabilidad civil,Ford Focus,2022,25184,700,Vencido,1,1
P000006545,2021-08-26,2022-08-26,Cobertura total,Kia Forte,2012,38938,500,Vencido,1,0
P000006546,2025-02-05,2026-02-05,Cobertura de robo,Chevrolet Cruze,2013,27268,500,Al día,1,0
P000006547,2021-03-18,2022-03-18,Cobertura amplia,Ford Focus,2012,43414,700,Al día,1,0
P000006548,2021-05-15,2022-05-15,Cobertura de colisión,Kia Forte,2020,31857,600,Al día,0,1
P000006549,2022-10-23,2023-10-23,Cobertura amplia,Toyota Corolla,2022,20083,600,Vencido,1,0
P000006550,2025-06-27,2026-06-27,Cobertura de robo,Toyota Corolla,2020,37830,500,Vencido,0,1
P000006551,2025-07-29,2026-07-29,Cobertura amplia,Nissan Sentra,2013,15992,700,Vencido,0,0
P000006552,2022-08-03,2023-08-03,Cobertura de colisión,Chevrolet Cruze,2020,30128,600,Vencido,1,0
P000006553,2021-07-05,2022-07-05,Cobertura total,Chevrolet Cruze,2022,35079,500,Al día,0,0
P000006554,2020-05-01,2021-05-01,Cobertura total,Mazda 3,2016,15103,600,Vencido,1,0
P000006555,2021-02-11,2022-02-11,Cobertura total,Toyota Corolla,2020,28699,600,Al día,0,1
P000006556,2020-08-04,2021-08-04,Cobertura de robo,Chevrolet Cruze,2017,31581,600,Al día,1,1
P000006557,2020-10-06,2021-10-06,Cobertura total,Mazda 3,2015,41297,500,Vencido,0,0
P000006558,2025-08-02,2026-08-02,Responsabilidad civil,Mazda 3,2014,16905,500,Vencido,0,0
P000006559,2020-04-19,2021-04-19,Cobertura de colisión,Volkswagen Jetta,2011,31443,500,Vencido,1,1
P000006560,2022-01-03,2023-01-03,Cobertura de robo,Chevrolet Cruze,2017,23326,600,Al día,1,0
P000006561,2024-04-16,2025-04-16,Cobertura de colisión,Ford Focus,2019,35487,700,Vencido,1,0
P000006562,2023-09-01,2024-08-31,Cobertura amplia,Hyundai Elantra,2022,21656,600,Vencido,1,1
P000006563,2021-09-17,2022-09-17,Responsabilidad civil,Nissan Sentra,2019,27547,700,Vencido,0,1
P000006564,2023-05-25,2024-05-24,Cobertura de colisión,Mazda 3,2015,27376,700,Vencido,0,0
P000006565,2021-01-29,2022-01-29,Cobertura de colisión,Volkswagen Jetta,2010,20421,600,Al día,0,1
P000006566,2020-11-09,2021-11-09,Cobertura de colisión,Nissan Sentra,2020,47790,600,Al día,1,0
P000006567,2025-10-30,2026-10-30,Cobertura de colisión,Nissan Sentra,2012,33187,700,Al día,1,1
P000006568,2025-07-09,2026-07-09,Responsabilidad civil,Nissan Sentra,2022,25218,700,Vencido,1,1
P000006569,2025-03-23,2026-03-23,Responsabilidad civil,Mazda 3,2015,22384,500,Al día,0,1
P000006570,2022-04-07,2023-04-07,Cobertura de colisión,Hyundai Elantra,2022,40991,500,Al día,0,0
P000006571,2023-04-17,2024-04-16,Cobertura total,Ford Focus,2016,43339,600,Al día,0,0
P000006572,2025-08-01,2026-08-01,Cobertura de robo,Toyota Corolla,2018,32117,500,Al día,0,0
P000006573,2025-07-01,2026-07-01,Cobertura total,Hyundai Elantra,2021,24139,600,Al día,0,0
P000006574,2025-08-29,2026-08-29,Cobertura de robo,Toyota Corolla,2011,32425,700,Al día,1,0
P000006575,2022-12-07,2023-12-07,Responsabilidad civil,Kia Forte,2013,30312,500,Vencido,1,0
P000006576,2023-11-08,2024-11-07,Cobertura total,Honda Civic,2020,46256,600,Al día,0,0
P000006577,2020-03-13,2021-03-13,Cobertura de colisión,Volkswagen Jetta,2014,37504,700,Vencido,0,0
P000006578,2020-05-09,2021-05-09,Responsabilidad civil,Volkswagen Jetta,2015,48213,600,Vencido,0,1
P000006579,2024-10-28,2025-10-28,Cobertura total,Ford Focus,2014,12393,700,Vencido,1,0
P000006580,2021-05-02,2022-05-02,Cobertura total,Honda Civic,2013,15858,600,Al día,1,1
P000006581,2024-04-20,2025-04-20,Cobertura total,Chevrolet Cruze,2010,19489,600,Al día,0,0
P000006582,2025-01-17,2026-01-17,Cobertura de colisión,Honda Civic,2020,13720,500,Vencido,1,0
P000006583,2023-07-12,2024-07-11,Responsabilidad civil,Volkswagen Jetta,2011,45427,700,Al día,0,0
P000006584,2024-03-21,2025-03-21,Cobertura de robo,Toyota Corolla,2015,48056,500,Vencido,1,1
P000006585,2024-12-17,2025-12-17,Cobertura total,Nissan Sentra,2016,15923,500,Vencido,0,1
P000006586,2025-02-25,2026-02-25,Cobertura de robo,Toyota Corolla,2020,24503,500,Vencido,1,1
P000006587,2020-05-27,2021-05-27,Responsabilidad civil,Ford Focus,2011,31656,600,Vencido,0,0
P000006588,2020-05-14,2021-05-14,Cobertura amplia,Mazda 3,2017,18394,600,Vencido,0,1
P000006589,2021-12-25,2022-12-25,Cobertura amplia,Subaru Impreza,2011,18445,500,Vencido,1,0
P000006590,2023-05-26,2024-05-25,Responsabilidad civil,Toyota Corolla,2010,17343,700,Al día,0,0
P000006591,2021-11-03,2022-11-03,Cobertura de colisión,Honda Civic,2016,24086,500,Vencido,1,0
P000006592,2025-07-06,2026-07-06,Cobertura total,Chevrolet Cruze,2019,42428,700,Al día,0,1
P000006593,2024-10-30,2025-10-30,Cobertura amplia,Honda Civic,2016,40482,700,Vencido,1,0
P000006594,2021-07-04,2022-07-04,Cobertura de colisión,Toyota Corolla,2021,32841,500,Vencido,0,1
P000006595,2023-07-03,2024-07-02,Cobertura total,Subaru Impreza,2014,41527,700,Vencido,0,0
P000006596,2024-05-12,2025-05-12,Cobertura total,Chevrolet Cruze,2016,18037,600,Al día,1,0
P000006597,2025-06-19,2026-06-19,Cobertura amplia,Volkswagen Jetta,2013,20328,700,Vencido,1,1
P000006598,2021-03-24,2022-03-24,Cobertura de robo,Ford Focus,2014,20092,600,Vencido,1,0
P000006599,2025-07-02,2026-07-02,Cobertura total,Honda Civic,2018,22639,500,Al día,0,1
P000006600,2025-04-08,2026-04-08,Responsabilidad civil,Kia Forte,2019,35468,500,Vencido,0,1
P000006601,2025-05-03,2026-05-03,Cobertura de colisión,Honda Civic,2010,41445,600,Vencido,1,0
P000006602,2021-10-02,2022-10-02,Responsabilidad civil,Hyundai Elantra,2016,23275,600,Al día,0,1
P000006603,2025-09-06,2026-09-06,Responsabilidad civil,Subaru Impreza,2014,47109,600,Al día,1,1
P000006604,2020-08-16,2021-08-16,Cobertura de colisión,Hyundai Elantra,2018,46903,500,Al día,1,0
P000006605,2024-05-22,2025-05-22,Cobertura total,Hyundai Elantra,2011,45675,700,Vencido,0,1
P000006606,2022-12-14,2023-12-14,Cobertura de robo,Honda Civic,2010,11500,700,Al día,0,1
P000006607,2025-07-19,2026-07-19,Responsabilidad civil,Mazda 3,2015,24892,700,Al día,1,0
P000006608,2024-03-27,2025-03-27,Cobertura de colisión,Honda Civic,2012,19185,600,Vencido,0,0
P000006609,2023-12-15,2024-12-14,Cobertura de colisión,Toyota Corolla,2010,16940,500,Vencido,1,1
P000006610,2023-03-11,2024-03-10,Cobertura de robo,Subaru Impreza,2011,16423,500,Al día,1,0
P000006611,2023-08-05,2024-08-04,Cobertura amplia,Kia Forte,2018,25427,700,Al día,0,0
P000006612,2020-09-08,2021-09-08,Responsabilidad civil,Chevrolet Cruze,2011,32721,500,Al día,1,1
P000006613,2020-04-25,2021-04-25,Cobertura total,Chevrolet Cruze,2019,29039,700,Vencido,1,0
P000006614,2020-07-03,2021-07-03,Responsabilidad civil,Kia Forte,2017,33976,500,Al día,0,0
P000006615,2021-06-09,2022-06-09,Cobertura de colisión,Kia Forte,2013,28701,700,Vencido,0,0
P000006616,2024-02-09,2025-02-08,Cobertura total,Hyundai Elantra,2019,45739,700,Vencido,1,1
P000006617,2023-11-29,2024-11-28,Responsabilidad civil,Hyundai Elantra,2018,19546,500,Al día,0,1
P000006618,2020-04-20,2021-04-20,Cobertura total,Volkswagen Jetta,2011,11503,700,Al día,1,1
P000006619,2023-10-29,2024-10-28,Cobertura amplia,Honda Civic,2011,46480,600,Al día,1,0
P000006620,2024-04-07,2025-04-07,Responsabilidad civil,Mazda 3,2016,37049,600,Vencido,0,0
P000006621,2021-02-02,2022-02-02,Responsabilidad civil,Chevrolet Cruze,2010,24330,500,Al día,0,0
P000006622,2024-10-19,2025-10-19,Responsabilidad civil,Ford Focus,2013,18583,600,Al día,1,1
P000006623,2023-11-14,2024-11-13,Cobertura amplia,Toyota Corolla,2010,37072,700,Al día,0,0
P000006624,2024-01-03,2025-01-02,Cobertura amplia,Toyota Corolla,2012,10519,600,Al día,0,1
P000006625,2024-08-14,2025-08-14,Cobertura de robo,Ford Focus,2011,29844,500,Al día,0,1
P000006626,2023-12-09,2024-12-08,Cobertura de colisión,Kia Forte,2018,29976,600,Vencido,1,1
P000006627,2020-08-19,2021-08-19,Cobertura amplia,Subaru Impreza,2011,13422,700,Vencido,0,0
P000006628,2022-09-27,2023-09-27,Cobertura de colisión,Volkswagen Jetta,2011,48559,600,Vencido,1,1
P000006629,2022-10-11,2023-10-11,Cobertura de colisión,Honda Civic,2014,43263,500,Al día,1,1
P000006630,2022-08-19,2023-08-19,Cobertura de colisión,Honda Civic,2011,26547,600,Vencido,1,1
P000006631,2023-07-02,2024-07-01,Cobertura de colisión,Hyundai Elantra,2011,15974,500,Vencido,0,1
P000006632,2020-12-13,2021-12-13,Cobertura de robo,Chevrolet Cruze,2022,32007,500,Al día,0,0
P000006633,2020-09-25,2021-09-25,Cobertura amplia,Honda Civic,2018,27415,600,Vencido,1,0
P000006634,2023-06-02,2024-06-01,Cobertura total,Kia Forte,2010,47891,700,Al día,0,0
P000006635,2021-04-13,2022-04-13,Responsabilidad civil,Volkswagen Jetta,2021,20725,700,Vencido,1,0
P000006636,2023-10-14,2024-10-13,Responsabilidad civil,Honda Civic,2019,36584,700,Al día,0,1
P000006637,2021-11-26,2022-11-26,Cobertura total,Toyota Corolla,2012,28615,600,Al día,1,0
P000006638,2020-03-21,2021-03-21,Responsabilidad civil,Toyota Corolla,2015,34083,500,Vencido,1,1
P000006639,2023-08-28,2024-08-27,Cobertura de robo,Hyundai Elantra,2015,46918,500,Al día,1,1
P000006640,2020-06-02,2021-06-02,Cobertura amplia,Honda Civic,2020,31703,600,Vencido,0,1
P000006641,2025-03-02,2026-03-02,Cobertura amplia,Chevrolet Cruze,2017,27062,500,Vencido,1,1
P000006642,2024-09-26,2025-09-26,Cobertura de robo,Chevrolet Cruze,2017,27702,700,Vencido,1,0
P000006643,2025-10-09,2026-10-09,Cobertura de robo,Chevrolet Cruze,2014,46417,500,Al día,0,0
P000006644,2024-09-21,2025-09-21,Cobertura de robo,Hyundai Elantra,2017,20895,700,Vencido,1,1
P000006645,2022-12-28,2023-12-28,Cobertura total,Honda Civic,2010,39988,500,Vencido,0,1
P000006646,2020-03-24,2021-03-24,Cobertura total,Mazda 3,2012,42645,700,Vencido,0,0
P000006647,2025-04-07,2026-04-07,Cobertura total,Volkswagen Jetta,2019,43097,700,Vencido,1,1
P000006648,2020-04-01,2021-04-01,Cobertura total,Volkswagen Jetta,2019,35162,500,Al día,0,1
P000006649,2023-07-20,2024-07-19,Cobertura total,Kia Forte,2015,31698,700,Al día,0,1
P000006650,2024-03-27,2025-03-27,Cobertura de robo,Mazda 3,2022,37900,500,Vencido,0,0
P000006651,2024-05-17,2025-05-17,Cobertura total,Toyota Corolla,2013,16250,600,Al día,1,1
P000006652,2023-08-13,2024-08-12,Cobertura de robo,Nissan Sentra,2022,12163,500,Vencido,1,0
P000006653,2021-02-04,2022-02-04,Cobertura amplia,Kia Forte,2016,31334,500,Al día,1,1
P000006654,2025-06-23,2026-06-23,Cobertura de robo,Nissan Sentra,2012,10552,700,Al día,0,0
P000006655,2021-02-13,2022-02-13,Cobertura de colisión,Ford Focus,2016,33110,600,Al día,1,0
P000006656,2022-04-23,2023-04-23,Cobertura de robo,Hyundai Elantra,2010,40911,500,Vencido,1,1
P000006657,2023-10-08,2024-10-07,Cobertura amplia,Chevrolet Cruze,2010,38675,600,Vencido,1,0
P000006658,2025-07-27,2026-07-27,Responsabilidad civil,Ford Focus,2015,49925,700,Vencido,1,1
P000006659,2025-08-21,2026-08-21,Cobertura de colisión,Ford Focus,2013,30943,700,Vencido,0,0
P000006660,2023-10-22,2024-10-21,Cobertura total,Kia Forte,2015,28756,700,Al día,1,1
P000006661,2021-11-13,2022-11-13,Cobertura de robo,Toyota Corolla,2013,29256,700,Al día,1,1
P000006662,2023-05-11,2024-05-10,Cobertura de colisión,Ford Focus,2014,49123,500,Vencido,1,1
P000006663,2024-01-28,2025-01-27,Cobertura de robo,Nissan Sentra,2011,28790,600,Al día,1,1
P000006664,2024-11-20,2025-11-20,Responsabilidad civil,Chevrolet Cruze,2017,33193,500,Al día,0,0
P000006665,2022-04-06,2023-04-06,Cobertura de robo,Hyundai Elantra,2021,45336,700,Vencido,0,0
P000006666,2025-07-28,2026-07-28,Cobertura de robo,Volkswagen Jetta,2020,10585,500,Al día,0,1
P000006667,2020-11-04,2021-11-04,Cobertura total,Volkswagen Jetta,2020,48119,600,Vencido,0,0
P000006668,2022-05-26,2023-05-26,Responsabilidad civil,Kia Forte,2020,33252,700,Al día,0,1
P000006669,2023-03-23,2024-03-22,Responsabilidad civil,Honda Civic,2021,37306,600,Al día,0,0
P000006670,2022-12-22,2023-12-22,Cobertura amplia,Toyota Corolla,2018,17218,700,Al día,0,1
P000006671,2020-07-13,2021-07-13,Cobertura de colisión,Chevrolet Cruze,2014,24062,600,Al día,1,0
P000006672,2023-05-02,2024-05-01,Cobertura de robo,Ford Focus,2014,42088,500,Al día,0,1
P000006673,2024-07-04,2025-07-04,Responsabilidad civil,Chevrolet Cruze,2010,25423,600,Vencido,0,1
P000006674,2022-07-14,2023-07-14,Cobertura total,Subaru Impreza,2014,21728,500,Vencido,1,1
P000006675,2021-01-11,2022-01-11,Cobertura de robo,Hyundai Elantra,2020,24290,600,Vencido,1,1
P000006676,2021-01-23,2022-01-23,Responsabilidad civil,Toyota Corolla,2022,30897,700,Al día,1,0
P000006677,2023-10-11,2024-10-10,Cobertura amplia,Toyota Corolla,2016,43710,500,Vencido,0,0
P000006678,2023-01-24,2024-01-24,Responsabilidad civil,Nissan Sentra,2015,26702,600,Vencido,1,0
P000006679,2020-10-02,2021-10-02,Responsabilidad civil,Honda Civic,2021,48192,600,Vencido,0,1
P000006680,2025-12-15,2026-12-15,Cobertura amplia,Nissan Sentra,2021,17328,500,Al día,1,1
P000006681,2025-04-30,2026-04-30,Responsabilidad civil,Chevrolet Cruze,2010,19159,500,Al día,0,1
P000006682,2024-10-15,2025-10-15,Responsabilidad civil,Toyota Corolla,2013,20349,600,Vencido,1,0
P000006683,2022-05-09,2023-05-09,Responsabilidad civil,Toyota Corolla,2019,43264,500,Vencido,1,0
P000006684,2023-11-23,2024-11-22,Cobertura de robo,Hyundai Elantra,2015,15102,600,Al día,0,1
P000006685,2020-11-10,2021-11-10,Cobertura de robo,Ford Focus,2012,29710,700,Vencido,0,1
P000006686,2023-05-21,2024-05-20,Cobertura de robo,Toyota Corolla,2017,34859,500,Al día,1,0
P000006687,2025-08-29,2026-08-29,Responsabilidad civil,Toyota Corolla,2019,20095,500,Vencido,1,0
P000006688,2023-05-13,2024-05-12,Cobertura de colisión,Nissan Sentra,2019,28740,600,Al día,1,0
P000006689,2024-11-08,2025-11-08,Cobertura de colisión,Honda Civic,2016,20549,500,Al día,1,0
P000006690,2023-07-07,2024-07-06,Cobertura de robo,Hyundai Elantra,2017,26327,500,Al día,1,1
P000006691,2022-03-30,2023-03-30,Cobertura de robo,Hyundai Elantra,2010,40858,500,Vencido,1,1
P000006692,2024-08-24,2025-08-24,Cobertura amplia,Chevrolet Cruze,2013,14321,500,Vencido,0,1
P000006693,2024-07-05,2025-07-05,Cobertura total,Mazda 3,2016,35420,600,Vencido,1,1
P000006694,2022-10-26,2023-10-26,Responsabilidad civil,Honda Civic,2012,10243,600,Al día,0,1
P000006695,2025-10-11,2026-10-11,Cobertura amplia,Chevrolet Cruze,2020,12449,600,Vencido,1,1
P000006696,2025-01-30,2026-01-30,Cobertura de colisión,Volkswagen Jetta,2017,38297,600,Al día,0,1
P000006697,2022-01-09,2023-01-09,Cobertura amplia,Ford Focus,2016,10161,600,Al día,0,0
P000006698,2020-03-17,2021-03-17,Cobertura de robo,Honda Civic,2016,25774,500,Vencido,1,1
P000006699,2025-10-15,2026-10-15,Cobertura amplia,Honda Civic,2021,20292,700,Al día,0,0
P000006700,2022-02-03,2023-02-03,Cobertura amplia,Subaru Impreza,2019,10555,700,Vencido,0,0
P000006701,2025-08-06,2026-08-06,Cobertura total,Subaru Impreza,2017,14126,700,Vencido,1,1
P000006702,2022-05-22,2023-05-22,Cobertura total,Kia Forte,2011,17679,500,Al día,1,0
P000006703,2025-03-29,2026-03-29,Cobertura amplia,Honda Civic,2015,27136,700,Al día,1,1
P000006704,2023-01-02,2024-01-02,Cobertura de colisión,Toyota Corolla,2010,10894,600,Al día,0,0
P000006705,2025-12-22,2026-12-22,Cobertura amplia,Nissan Sentra,2020,42002,700,Vencido,0,1
P000006706,2024-11-11,2025-11-11,Responsabilidad civil,Toyota Corolla,2012,37145,500,Vencido,0,0
P000006707,2020-09-02,2021-09-02,Cobertura amplia,Ford Focus,2012,42480,500,Vencido,0,0
P000006708,2025-11-09,2026-11-09,Cobertura total,Kia Forte,2019,30920,700,Al día,0,0
P000006709,2022-04-01,2023-04-01,Cobertura de colisión,Hyundai Elantra,2010,10250,500,Vencido,1,1
P000006710,2024-02-01,2025-01-31,Cobertura amplia,Honda Civic,2016,48792,700,Vencido,0,1
P000006711,2025-03-09,2026-03-09,Cobertura amplia,Hyundai Elantra,2016,10798,500,Vencido,1,0
P000006712,2021-08-28,2022-08-28,Cobertura amplia,Ford Focus,2010,28646,700,Vencido,1,1
P000006713,2022-09-11,2023-09-11,Cobertura de robo,Ford Focus,2015,38834,600,Vencido,1,1
P000006714,2021-09-08,2022-09-08,Responsabilidad civil,Mazda 3,2018,16680,500,Al día,1,0
P000006715,2023-05-14,2024-05-13,Cobertura de robo,Ford Focus,2022,37932,500,Vencido,0,1
P000006716,2024-11-18,2025-11-18,Cobertura de robo,Honda Civic,2021,44775,700,Al día,0,0
P000006717,2024-08-07,2025-08-07,Cobertura total,Chevrolet Cruze,2012,18508,600,Vencido,1,1
P000006718,2023-07-29,2024-07-28,Responsabilidad civil,Toyota Corolla,2022,23955,500,Al día,0,0
P000006719,2020-09-20,2021-09-20,Cobertura de colisión,Honda Civic,2016,37525,700,Vencido,1,0
P000006720,2022-04-13,2023-04-13,Cobertura de colisión,Volkswagen Jetta,2013,43102,500,Al día,0,1
P000006721,2024-08-16,2025-08-16,Cobertura amplia,Nissan Sentra,2021,45235,700,Vencido,0,1
P000006722,2022-12-29,2023-12-29,Cobertura amplia,Honda Civic,2011,22795,500,Al día,0,1
P000006723,2023-03-21,2024-03-20,Cobertura total,Hyundai Elantra,2019,28790,500,Al día,1,1
P000006724,2021-10-19,2022-10-19,Responsabilidad civil,Honda Civic,2018,34864,700,Al día,0,1
P000006725,2022-11-16,2023-11-16,Cobertura amplia,Chevrolet Cruze,2020,37078,500,Al día,0,0
P000006726,2022-08-25,2023-08-25,Cobertura de colisión,Chevrolet Cruze,2016,49258,500,Vencido,0,0
P000006727,2024-07-20,2025-07-20,Responsabilidad civil,Volkswagen Jetta,2012,19875,600,Al día,0,1
P000006728,2022-09-03,2023-09-03,Cobertura de robo,Hyundai Elantra,2015,34646,600,Al día,1,1
P000006729,2021-04-10,2022-04-10,Cobertura de robo,Honda Civic,2017,39293,500,Al día,0,1
P000006730,2021-09-06,2022-09-06,Cobertura amplia,Honda Civic,2021,45470,500,Al día,1,0
P000006731,2022-02-25,2023-02-25,Responsabilidad civil,Chevrolet Cruze,2011,48893,500,Vencido,0,0
P000006732,2020-04-23,2021-04-23,Cobertura de colisión,Toyota Corolla,2010,38072,500,Vencido,1,0
P000006733,2022-10-02,2023-10-02,Cobertura total,Toyota Corolla,2017,38903,500,Al día,0,0
P000006734,2023-06-25,2024-06-24,Cobertura de robo,Toyota Corolla,2014,26100,600,Vencido,0,0
P000006735,2025-03-16,2026-03-16,Cobertura de robo,Kia Forte,2015,35317,500,Al día,1,1
P000006736,2025-06-11,2026-06-11,Cobertura de colisión,Chevrolet Cruze,2011,38429,700,Al día,1,0
P000006737,2024-11-21,2025-11-21,Cobertura de colisión,Honda Civic,2015,34624,600,Vencido,1,0
P000006738,2024-09-24,2025-09-24,Cobertura amplia,Mazda 3,2011,25853,700,Al día,0,1
P000006739,2020-05-31,2021-05-31,Cobertura amplia,Hyundai Elantra,2013,25292,700,Al día,1,1
P000006740,2022-04-07,2023-04-07,Cobertura total,Honda Civic,2010,29456,700,Vencido,0,1
P000006741,2021-10-14,2022-10-14,Cobertura de colisión,Volkswagen Jetta,2012,38742,600,Vencido,1,0
P000006742,2023-01-22,2024-01-22,Cobertura total,Toyota Corolla,2019,47802,500,Al día,0,0
P000006743,2021-07-12,2022-07-12,Cobertura de colisión,Ford Focus,2018,44370,500,Vencido,0,0
P000006744,2020-04-29,2021-04-29,Cobertura de robo,Mazda 3,2016,19851,700,Al día,0,0
P000006745,2022-11-24,2023-11-24,Responsabilidad civil,Hyundai Elantra,2015,33021,500,Al día,0,1
P000006746,2023-02-11,2024-02-11,Cobertura total,Hyundai Elantra,2022,47976,600,Al día,0,1
P000006747,2021-12-21,2022-12-21,Cobertura amplia,Subaru Impreza,2017,41359,500,Al día,1,0
P000006748,2020-06-21,2021-06-21,Cobertura total,Kia Forte,2013,11337,600,Vencido,0,0
P000006749,2025-06-13,2026-06-13,Cobertura de robo,Toyota Corolla,2019,32151,500,Vencido,1,1
P000006750,2020-03-22,2021-03-22,Cobertura total,Toyota Corolla,2014,27410,600,Vencido,1,0
P000006751,2020-08-14,2021-08-14,Cobertura amplia,Toyota Corolla,2014,29543,500,Al día,1,0
P000006752,2020-12-09,2021-12-09,Responsabilidad civil,Toyota Corolla,2014,45749,700,Vencido,0,0
P000006753,2023-07-09,2024-07-08,Cobertura amplia,Nissan Sentra,2022,26172,500,Vencido,0,1
P000006754,2023-05-05,2024-05-04,Cobertura de colisión,Honda Civic,2013,28121,700,Al día,0,0
P000006755,2020-09-17,2021-09-17,Cobertura amplia,Hyundai Elantra,2017,47601,600,Al día,1,1
P000006756,2024-07-25,2025-07-25,Cobertura amplia,Chevrolet Cruze,2015,31136,500,Al día,1,1
P000006757,2024-01-28,2025-01-27,Cobertura de robo,Volkswagen Jetta,2018,12091,600,Vencido,1,1
P000006758,2021-01-04,2022-01-04,Cobertura de colisión,Chevrolet Cruze,2011,46299,600,Al día,1,0
P000006759,2024-06-13,2025-06-13,Cobertura de robo,Ford Focus,2017,29651,600,Vencido,1,0
P000006760,2021-07-29,2022-07-29,Cobertura total,Toyota Corolla,2015,43845,600,Vencido,1,1
P000006761,2022-08-24,2023-08-24,Cobertura total,Volkswagen Jetta,2013,21436,700,Al día,1,0
P000006762,2021-04-03,2022-04-03,Responsabilidad civil,Toyota Corolla,2011,44200,600,Vencido,0,0
P000006763,2025-08-11,2026-08-11,Cobertura de colisión,Honda Civic,2015,41941,600,Vencido,0,0
P000006764,2021-05-09,2022-05-09,Cobertura de colisión,Subaru Impreza,2019,31301,500,Vencido,0,1
P000006765,2025-11-07,2026-11-07,Responsabilidad civil,Ford Focus,2021,10375,700,Al día,1,0
P000006766,2025-11-21,2026-11-21,Responsabilidad civil,Kia Forte,2019,27097,600,Al día,1,1
P000006767,2022-10-28,2023-10-28,Cobertura total,Kia Forte,2016,25452,500,Al día,0,1
P000006768,2025-07-26,2026-07-26,Cobertura de colisión,Ford Focus,2015,25204,500,Vencido,1,0
P000006769,2021-01-04,2022-01-04,Cobertura amplia,Nissan Sentra,2022,25335,600,Al día,1,1
P000006770,2022-09-02,2023-09-02,Cobertura de colisión,Chevrolet Cruze,2019,33993,600,Al día,0,1
P000006771,2021-05-15,2022-05-15,Cobertura de robo,Volkswagen Jetta,2013,30285,700,Vencido,0,1
P000006772,2023-07-07,2024-07-06,Responsabilidad civil,Toyota Corolla,2016,33429,700,Vencido,1,0
P000006773,2023-09-10,2024-09-09,Cobertura amplia,Hyundai Elantra,2022,43341,600,Al día,0,0
P000006774,2024-05-16,2025-05-16,Cobertura de robo,Hyundai Elantra,2010,36654,700,Al día,0,0
P000006775,2022-08-24,2023-08-24,Cobertura amplia,Honda Civic,2016,15532,500,Al día,1,0
P000006776,2024-09-28,2025-09-28,Responsabilidad civil,Honda Civic,2019,22869,600,Al día,0,0
P000006777,2022-06-11,2023-06-11,Cobertura total,Hyundai Elantra,2011,32192,600,Al día,1,0
P000006778,2021-08-13,2022-08-13,Cobertura amplia,Hyundai Elantra,2012,16082,700,Al día,1,1
P000006779,2021-03-13,2022-03-13,Cobertura amplia,Chevrolet Cruze,2010,25510,700,Vencido,0,1
P000006780,2021-12-18,2022-12-18,Cobertura de robo,Hyundai Elantra,2015,14880,700,Al día,0,0
P000006781,2022-05-26,2023-05-26,Responsabilidad civil,Toyota Corolla,2017,33673,500,Vencido,0,0
P000006782,2023-01-29,2024-01-29,Cobertura de colisión,Nissan Sentra,2022,30238,700,Vencido,0,0
P000006783,2024-12-05,2025-12-05,Responsabilidad civil,Volkswagen Jetta,2018,31028,500,Al día,0,0
P000006784,2024-07-30,2025-07-30,Responsabilidad civil,Mazda 3,2016,13630,700,Al día,0,1
P000006785,2022-11-07,2023-11-07,Cobertura total,Subaru Impreza,2021,20461,700,Al día,1,0
P000006786,2020-08-17,2021-08-17,Cobertura total,Honda Civic,2017,10540,600,Vencido,0,0
P000006787,2025-07-01,2026-07-01,Cobertura de colisión,Chevrolet Cruze,2015,45859,600,Vencido,0,1
P000006788,2025-12-25,2026-12-25,Cobertura amplia,Honda Civic,2013,48686,700,Vencido,0,0
P000006789,2024-03-14,2025-03-14,Cobertura de colisión,Nissan Sentra,2021,11889,500,Vencido,0,0
P000006790,2021-04-07,2022-04-07,Cobertura de robo,Subaru Impreza,2013,23191,600,Al día,0,1
P000006791,2023-07-20,2024-07-19,Cobertura total,Chevrolet Cruze,2020,41055,500,Al día,1,1
P000006792,2024-10-01,2025-10-01,Cobertura de robo,Volkswagen Jetta,2012,16134,600,Al día,0,1
P000006793,2025-04-29,2026-04-29,Cobertura de robo,Chevrolet Cruze,2022,15331,700,Vencido,0,1
P000006794,2022-10-06,2023-10-06,Cobertura de colisión,Toyota Corolla,2012,16342,500,Vencido,1,0
P000006795,2023-02-11,2024-02-11,Cobertura total,Mazda 3,2020,11923,700,Vencido,1,0
P000006796,2021-08-16,2022-08-16,Responsabilidad civil,Nissan Sentra,2012,41201,700,Al día,1,0
P000006797,2024-01-26,2025-01-25,Cobertura total,Kia Forte,2022,14762,500,Al día,1,0
P000006798,2025-04-30,2026-04-30,Responsabilidad civil,Chevrolet Cruze,2011,20346,500,Al día,1,1
P000006799,2024-02-15,2025-02-14,Cobertura de colisión,Toyota Corolla,2022,32273,600,Al día,1,0
P000006800,2023-06-16,2024-06-15,Cobertura de robo,Hyundai Elantra,2017,15145,500,Vencido,0,0
P000006801,2020-03-27,2021-03-27,Cobertura amplia,Nissan Sentra,2011,46051,600,Al día,0,0
P000006802,2020-05-22,2021-05-22,Cobertura de robo,Toyota Corolla,2013,12639,600,Vencido,0,1
P000006803,2020-08-11,2021-08-11,Responsabilidad civil,Kia Forte,2020,34096,600,Vencido,0,1
P000006804,2022-09-08,2023-09-08,Cobertura amplia,Chevrolet Cruze,2019,28372,600,Al día,0,0
P000006805,2022-11-02,2023-11-02,Cobertura total,Volkswagen Jetta,2014,26769,700,Vencido,0,1
P000006806,2024-04-24,2025-04-24,Cobertura de robo,Honda Civic,2018,40139,500,Al día,0,0
P000006807,2023-06-20,2024-06-19,Cobertura amplia,Hyundai Elantra,2015,28989,600,Vencido,1,0
P000006808,2024-01-26,2025-01-25,Responsabilidad civil,Toyota Corolla,2019,11536,500,Vencido,1,0
P000006809,2021-05-14,2022-05-14,Cobertura total,Chevrolet Cruze,2018,36030,700,Al día,1,0
P000006810,2025-12-30,2026-12-30,Cobertura amplia,Volkswagen Jetta,2011,23707,500,Al día,0,0
P000006811,2022-08-26,2023-08-26,Cobertura de robo,Chevrolet Cruze,2019,48451,500,Vencido,0,0
P000006812,2024-12-17,2025-12-17,Cobertura de colisión,Chevrolet Cruze,2016,13529,600,Al día,1,1
P000006813,2024-05-10,2025-05-10,Cobertura de robo,Nissan Sentra,2018,20974,500,Al día,1,0
P000006814,2020-02-02,2021-02-01,Cobertura de colisión,Chevrolet Cruze,2021,30874,600,Vencido,0,0
P000006815,2024-05-28,2025-05-28,Cobertura total,Ford Focus,2019,13179,600,Vencido,1,0
P000006816,2022-11-12,2023-11-12,Cobertura de robo,Toyota Corolla,2021,49204,700,Vencido,0,0
P000006817,2023-05-17,2024-05-16,Responsabilidad civil,Hyundai Elantra,2019,42445,500,Al día,1,0
P000006818,2021-01-04,2022-01-04,Responsabilidad civil,Kia Forte,2012,31280,600,Al día,1,0
P000006819,2022-08-22,2023-08-22,Cobertura amplia,Nissan Sentra,2019,10222,600,Vencido,1,1
P000006820,2023-05-03,2024-05-02,Cobertura amplia,Toyota Corolla,2016,28353,600,Vencido,0,1
P000006821,2022-05-11,2023-05-11,Responsabilidad civil,Chevrolet Cruze,2018,33191,500,Vencido,0,0
P000006822,2021-10-18,2022-10-18,Cobertura amplia,Toyota Corolla,2016,38057,500,Vencido,0,0
P000006823,2024-12-02,2025-12-02,Cobertura de robo,Toyota Corolla,2017,41105,700,Vencido,0,1
P000006824,2023-07-23,2024-07-22,Cobertura total,Volkswagen Jetta,2017,35601,700,Vencido,1,1
P000006825,2024-07-22,2025-07-22,Responsabilidad civil,Hyundai Elantra,2022,19110,600,Al día,0,1
P000006826,2020-05-18,2021-05-18,Cobertura de robo,Hyundai Elantra,2013,48420,600,Vencido,1,0
P000006827,2023-01-27,2024-01-27,Responsabilidad civil,Nissan Sentra,2019,26776,700,Al día,1,0
P000006828,2020-11-24,2021-11-24,Responsabilidad civil,Subaru Impreza,2014,12348,700,Vencido,0,0
P000006829,2025-07-06,2026-07-06,Cobertura de colisión,Ford Focus,2012,11101,600,Vencido,1,0
P000006830,2025-04-13,2026-04-13,Responsabilidad civil,Chevrolet Cruze,2022,32771,700,Al día,1,0
P000006831,2024-08-18,2025-08-18,Cobertura total,Chevrolet Cruze,2017,15055,600,Al día,1,0
P000006832,2023-09-24,2024-09-23,Cobertura amplia,Toyota Corolla,2020,28033,700,Al día,0,0
P000006833,2024-09-26,2025-09-26,Cobertura total,Hyundai Elantra,2018,30137,700,Vencido,0,0
P000006834,2021-02-15,2022-02-15,Cobertura de robo,Kia Forte,2011,15644,500,Vencido,0,1
P000006835,2021-10-18,2022-10-18,Cobertura amplia,Hyundai Elantra,2018,21219,700,Al día,0,0
P000006836,2022-12-04,2023-12-04,Cobertura total,Toyota Corolla,2015,47855,500,Vencido,0,1
P000006837,2025-09-04,2026-09-04,Responsabilidad civil,Honda Civic,2011,35489,600,Vencido,1,0
P000006838,2020-09-28,2021-09-28,Cobertura total,Honda Civic,2018,22921,600,Al día,0,1
P000006839,2023-12-12,2024-12-11,Cobertura amplia,Toyota Corolla,2012,36842,500,Al día,0,0
P000006840,2024-09-19,2025-09-19,Cobertura de robo,Toyota Corolla,2012,36972,600,Vencido,1,0
P000006841,2023-08-31,2024-08-30,Cobertura amplia,Subaru Impreza,2015,12117,600,Vencido,0,0
P000006842,2025-01-30,2026-01-30,Cobertura total,Hyundai Elantra,2012,34567,700,Al día,1,1
P000006843,2020-04-22,2021-04-22,Cobertura de robo,Toyota Corolla,2014,38580,700,Al día,0,1
P000006844,2020-08-01,2021-08-01,Cobertura amplia,Ford Focus,2022,30828,600,Al día,1,1
P000006845,2022-01-22,2023-01-22,Cobertura total,Chevrolet Cruze,2012,16064,500,Vencido,1,0
P000006846,2024-12-21,2025-12-21,Cobertura de robo,Chevrolet Cruze,2011,27020,500,Vencido,1,1
P000006847,2021-07-11,2022-07-11,Cobertura de robo,Honda Civic,2021,21708,500,Vencido,1,0
P000006848,2020-01-13,2021-01-12,Responsabilidad civil,Toyota Corolla,2014,11440,600,Vencido,1,1
P000006849,2024-06-29,2025-06-29,Cobertura de robo,Toyota Corolla,2011,20487,600,Vencido,0,1
P000006850,2022-03-30,2023-03-30,Cobertura de colisión,Ford Focus,2012,16204,500,Al día,0,0
P000006851,2023-06-05,2024-06-04,Cobertura de robo,Mazda 3,2021,35356,500,Vencido,1,0
P000006852,2023-07-09,2024-07-08,Cobertura de robo,Toyota Corolla,2019,28982,700,Al día,1,1
P000006853,2020-12-02,2021-12-02,Cobertura de colisión,Subaru Impreza,2015,31507,500,Vencido,0,0
P000006854,2021-03-29,2022-03-29,Responsabilidad civil,Honda Civic,2015,10217,600,Al día,1,1
P000006855,2021-10-08,2022-10-08,Cobertura de robo,Kia Forte,2014,21871,700,Vencido,1,0
P000006856,2022-10-19,2023-10-19,Cobertura de robo,Hyundai Elantra,2014,49159,700,Al día,0,0
P000006857,2025-10-16,2026-10-16,Cobertura de robo,Nissan Sentra,2010,39217,600,Al día,1,1
P000006858,2021-06-16,2022-06-16,Responsabilidad civil,Volkswagen Jetta,2013,21553,600,Al día,1,0
P000006859,2024-08-07,2025-08-07,Cobertura de robo,Ford Focus,2010,31212,600,Al día,0,0
P000006860,2023-08-01,2024-07-31,Cobertura total,Honda Civic,2020,36397,700,Vencido,1,1
P000006861,2025-01-23,2026-01-23,Cobertura de robo,Nissan Sentra,2020,38793,600,Al día,1,1
P000006862,2025-05-13,2026-05-13,Cobertura amplia,Toyota Corolla,2019,44124,500,Vencido,1,0
P000006863,2021-06-30,2022-06-30,Cobertura amplia,Toyota Corolla,2019,37348,500,Vencido,1,1
P000006864,2022-12-03,2023-12-03,Cobertura de robo,Ford Focus,2018,29048,700,Al día,0,0
P000006865,2021-12-11,2022-12-11,Cobertura de colisión,Volkswagen Jetta,2013,45669,700,Vencido,1,1
P000006866,2023-09-03,2024-09-02,Cobertura de colisión,Toyota Corolla,2022,25477,600,Vencido,1,1
P000006867,2023-02-28,2024-02-28,Responsabilidad civil,Volkswagen Jetta,2019,24852,500,Vencido,0,1
P000006868,2022-03-24,2023-03-24,Cobertura amplia,Ford Focus,2014,49296,600,Al día,1,0
P000006869,2020-12-11,2021-12-11,Responsabilidad civil,Volkswagen Jetta,2019,14592,700,Vencido,1,0
P000006870,2024-08-24,2025-08-24,Cobertura total,Toyota Corolla,2018,40310,700,Vencido,0,0
P000006871,2024-02-14,2025-02-13,Cobertura de colisión,Honda Civic,2016,25602,500,Al día,0,0
P000006872,2022-01-15,2023-01-15,Cobertura amplia,Volkswagen Jetta,2015,27751,700,Vencido,0,0
P000006873,2024-05-30,2025-05-30,Cobertura de robo,Chevrolet Cruze,2018,11977,600,Vencido,0,0
P000006874,2024-03-25,2025-03-25,Responsabilidad civil,Ford Focus,2017,20739,500,Al día,1,0
P000006875,2022-07-08,2023-07-08,Cobertura total,Honda Civic,2021,40991,700,Vencido,0,1
P000006876,2020-03-25,2021-03-25,Responsabilidad civil,Mazda 3,2015,20153,700,Vencido,0,0
P000006877,2020-04-04,2021-04-04,Cobertura de colisión,Toyota Corolla,2020,36672,600,Al día,1,1
P000006878,2022-07-25,2023-07-25,Cobertura amplia,Nissan Sentra,2010,10246,700,Al día,1,0
P000006879,2020-12-30,2021-12-30,Responsabilidad civil,Hyundai Elantra,2010,23550,500,Al día,1,0
P000006880,2025-03-09,2026-03-09,Cobertura total,Toyota Corolla,2014,44203,700,Vencido,0,1
P000006881,2022-03-23,2023-03-23,Responsabilidad civil,Nissan Sentra,2020,44583,500,Vencido,1,0
P000006882,2022-12-08,2023-12-08,Cobertura total,Honda Civic,2013,41293,700,Vencido,1,1
P000006883,2021-11-22,2022-11-22,Cobertura de robo,Toyota Corolla,2021,11585,600,Al día,1,1
P000006884,2020-07-22,2021-07-22,Cobertura amplia,Honda Civic,2019,49461,700,Al día,0,0
P000006885,2024-06-30,2025-06-30,Responsabilidad civil,Volkswagen Jetta,2021,36053,700,Al día,0,0
P000006886,2024-10-22,2025-10-22,Cobertura de robo,Honda Civic,2010,37199,700,Vencido,1,0
P000006887,2022-12-01,2023-12-01,Cobertura total,Honda Civic,2014,29686,500,Al día,0,1
P000006888,2021-09-03,2022-09-03,Cobertura amplia,Honda Civic,2013,40393,700,Al día,1,0
P000006889,2020-12-30,2021-12-30,Cobertura amplia,Volkswagen Jetta,2013,29401,600,Vencido,0,0
P000006890,2024-02-16,2025-02-15,Cobertura amplia,Volkswagen Jetta,2020,36332,700,Vencido,1,0
P000006891,2021-11-27,2022-11-27,Cobertura de colisión,Toyota Corolla,2019,46157,500,Al día,0,1
P000006892,2021-04-25,2022-04-25,Cobertura de robo,Ford Focus,2012,22255,700,Vencido,1,0
P000006893,2020-02-27,2021-02-26,Cobertura de colisión,Hyundai Elantra,2019,22438,500,Vencido,1,0
P000006894,2025-11-23,2026-11-23,Cobertura total,Toyota Corolla,2012,43554,700,Al día,0,0
P000006895,2024-11-17,2025-11-17,Cobertura de colisión,Toyota Corolla,2011,48440,600,Al día,1,0
P000006896,2025-02-01,2026-02-01,Responsabilidad civil,Toyota Corolla,2010,14167,700,Al día,0,0
P000006897,2025-07-17,2026-07-17,Cobertura total,Chevrolet Cruze,2018,10054,600,Vencido,1,0
P000006898,2021-04-30,2022-04-30,Cobertura de colisión,Kia Forte,2019,13327,500,Al día,0,1
P000006899,2022-07-08,2023-07-08,Cobertura amplia,Ford Focus,2014,13161,700,Vencido,1,1
P000006900,2022-04-12,2023-04-12,Cobertura total,Volkswagen Jetta,2022,43656,500,Vencido,1,1
P000006901,2022-02-19,2023-02-19,Cobertura total,Kia Forte,2015,49747,500,Al día,0,0
P000006902,2022-12-26,2023-12-26,Cobertura total,Ford Focus,2014,28963,600,Al día,0,0
P000006903,2023-03-25,2024-03-24,Responsabilidad civil,Kia Forte,2020,38981,600,Al día,0,0
P000006904,2025-07-17,2026-07-17,Responsabilidad civil,Toyota Corolla,2010,28411,600,Vencido,0,0
P000006905,2024-04-13,2025-04-13,Responsabilidad civil,Toyota Corolla,2016,49352,700,Vencido,0,1
P000006906,2021-06-17,2022-06-17,Cobertura de colisión,Ford Focus,2021,17724,600,Al día,0,1
P000006907,2024-11-01,2025-11-01,Responsabilidad civil,Toyota Corolla,2020,37139,700,Al día,1,0
P000006908,2022-04-26,2023-04-26,Cobertura total,Chevrolet Cruze,2014,45051,700,Vencido,0,0
P000006909,2022-06-01,2023-06-01,Cobertura total,Chevrolet Cruze,2019,30925,500,Al día,0,1
P000006910,2023-03-05,2024-03-04,Responsabilidad civil,Chevrolet Cruze,2016,11690,500,Al día,1,1
P000006911,2022-02-14,2023-02-14,Cobertura amplia,Subaru Impreza,2010,29921,700,Vencido,1,1
P000006912,2024-09-09,2025-09-09,Responsabilidad civil,Chevrolet Cruze,2012,18051,600,Vencido,1,1
P000006913,2022-01-08,2023-01-08,Cobertura de colisión,Chevrolet Cruze,2021,34169,500,Vencido,1,1
P000006914,2024-07-31,2025-07-31,Responsabilidad civil,Volkswagen Jetta,2013,29996,500,Vencido,0,1
P000006915,2021-08-20,2022-08-20,Cobertura total,Chevrolet Cruze,2012,11215,700,Al día,0,1
P000006916,2020-04-27,2021-04-27,Cobertura total,Chevrolet Cruze,2017,21147,600,Al día,0,1
P000006917,2023-04-03,2024-04-02,Cobertura amplia,Mazda 3,2020,39209,700,Al día,0,1
P000006918,2022-12-08,2023-12-08,Cobertura total,Ford Focus,2013,20119,700,Al día,0,1
P000006919,2022-08-22,2023-08-22,Responsabilidad civil,Honda Civic,2021,48867,700,Al día,0,0
P000006920,2025-01-21,2026-01-21,Responsabilidad civil,Mazda 3,2015,14401,500,Vencido,1,0
P000006921,2022-10-14,2023-10-14,Cobertura de colisión,Chevrolet Cruze,2019,25164,700,Al día,1,1
P000006922,2024-02-23,2025-02-22,Cobertura total,Mazda 3,2010,22210,700,Vencido,0,1
P000006923,2025-02-19,2026-02-19,Cobertura de robo,Volkswagen Jetta,2013,36634,600,Vencido,0,0
P000006924,2020-12-17,2021-12-17,Cobertura de robo,Volkswagen Jetta,2014,28825,700,Vencido,0,0
P000006925,2020-02-12,2021-02-11,Cobertura amplia,Mazda 3,2022,30687,600,Al día,0,1
P000006926,2025-04-04,2026-04-04,Cobertura total,Honda Civic,2012,40405,600,Al día,1,1
P000006927,2021-06-29,2022-06-29,Cobertura total,Toyota Corolla,2010,36321,700,Al día,0,0
P000006928,2023-08-17,2024-08-16,Cobertura de colisión,Honda Civic,2012,41656,700,Al día,0,0
P000006929,2024-06-16,2025-06-16,Responsabilidad civil,Hyundai Elantra,2019,26897,500,Al día,0,0
P000006930,2022-05-19,2023-05-19,Cobertura de colisión,Chevrolet Cruze,2017,17764,500,Al día,1,1
P000006931,2024-04-19,2025-04-19,Cobertura total,Hyundai Elantra,2019,38406,600,Vencido,0,1
P000006932,2024-09-29,2025-09-29,Responsabilidad civil,Hyundai Elantra,2017,44388,600,Vencido,0,0
P000006933,2022-11-15,2023-11-15,Cobertura amplia,Volkswagen Jetta,2016,42395,500,Vencido,0,1
P000006934,2020-10-26,2021-10-26,Cobertura total,Kia Forte,2017,28853,500,Vencido,0,0
P000006935,2021-01-25,2022-01-25,Cobertura amplia,Honda Civic,2017,49126,500,Al día,0,0
P000006936,2020-08-28,2021-08-28,Responsabilidad civil,Ford Focus,2021,28489,600,Vencido,1,0
P000006937,2020-08-01,2021-08-01,Cobertura total,Subaru Impreza,2021,36437,500,Al día,1,1
P000006938,2023-09-25,2024-09-24,Cobertura total,Kia Forte,2010,20434,700,Al día,1,1
P000006939,2022-08-19,2023-08-19,Cobertura de colisión,Ford Focus,2016,23365,500,Al día,1,0
P000006940,2025-04-12,2026-04-12,Responsabilidad civil,Ford Focus,2018,10682,700,Vencido,0,1
P000006941,2023-12-22,2024-12-21,Cobertura amplia,Mazda 3,2017,38663,700,Vencido,1,0
P000006942,2020-07-05,2021-07-05,Cobertura de colisión,Toyota Corolla,2012,28706,700,Vencido,0,1
P000006943,2020-01-22,2021-01-21,Responsabilidad civil,Honda Civic,2020,36861,700,Al día,0,1
P000006944,2022-11-04,2023-11-04,Cobertura amplia,Toyota Corolla,2015,31752,600,Al día,1,0
P000006945,2025-08-28,2026-08-28,Responsabilidad civil,Honda Civic,2012,22384,700,Al día,1,0
P000006946,2024-04-09,2025-04-09,Cobertura amplia,Chevrolet Cruze,2018,35095,600,Al día,1,1
P000006947,2023-05-24,2024-05-23,Responsabilidad civil,Volkswagen Jetta,2019,31752,700,Al día,1,1
P000006948,2024-06-04,2025-06-04,Cobertura de robo,Chevrolet Cruze,2022,19676,700,Al día,0,0
P000006949,2024-02-28,2025-02-27,Responsabilidad civil,Toyota Corolla,2016,23279,700,Vencido,1,0
P000006950,2021-06-25,2022-06-25,Cobertura total,Ford Focus,2010,44840,500,Al día,1,1
P000006951,2020-06-17,2021-06-17,Responsabilidad civil,Chevrolet Cruze,2016,22816,600,Al día,1,0
P000006952,2022-01-04,2023-01-04,Responsabilidad civil,Nissan Sentra,2019,25650,500,Al día,0,1
P000006953,2022-12-02,2023-12-02,Cobertura total,Volkswagen Jetta,2016,16544,500,Al día,1,0
P000006954,2021-11-26,2022-11-26,Cobertura de robo,Nissan Sentra,2022,16207,600,Vencido,1,1
P000006955,2025-08-25,2026-08-25,Cobertura de colisión,Honda Civic,2013,39145,700,Vencido,0,1
P000006956,2025-07-11,2026-07-11,Cobertura amplia,Toyota Corolla,2018,30648,500,Al día,1,0
P000006957,2023-10-21,2024-10-20,Cobertura de colisión,Hyundai Elantra,2015,12022,600,Al día,0,1
P000006958,2025-04-01,2026-04-01,Responsabilidad civil,Volkswagen Jetta,2010,45385,700,Vencido,1,0
P000006959,2021-06-24,2022-06-24,Cobertura de colisión,Mazda 3,2017,32426,700,Al día,1,1
P000006960,2021-01-02,2022-01-02,Cobertura amplia,Nissan Sentra,2012,15834,700,Al día,1,0
P000006961,2023-07-23,2024-07-22,Cobertura de colisión,Chevrolet Cruze,2019,18542,600,Vencido,1,1
P000006962,2025-12-12,2026-12-12,Cobertura total,Honda Civic,2011,40395,500,Al día,1,1
P000006963,2024-11-08,2025-11-08,Cobertura de colisión,Mazda 3,2012,43883,500,Vencido,1,0
P000006964,2021-08-03,2022-08-03,Cobertura de robo,Honda Civic,2017,26390,600,Al día,1,1
P000006965,2022-12-02,2023-12-02,Cobertura amplia,Hyundai Elantra,2022,35374,700,Al día,1,1
P000006966,2021-04-23,2022-04-23,Cobertura total,Honda Civic,2010,23075,500,Vencido,0,1
P000006967,2023-07-07,2024-07-06,Cobertura de robo,Hyundai Elantra,2019,26157,500,Al día,0,1
P000006968,2020-06-29,2021-06-29,Responsabilidad civil,Volkswagen Jetta,2017,45092,500,Al día,1,0
P000006969,2021-06-07,2022-06-07,Cobertura de robo,Toyota Corolla,2021,22859,600,Vencido,0,0
P000006970,2025-08-06,2026-08-06,Cobertura amplia,Kia Forte,2012,44406,500,Vencido,0,1
P000006971,2023-02-24,2024-02-24,Cobertura total,Hyundai Elantra,2013,48931,700,Vencido,1,1
P000006972,2024-01-16,2025-01-15,Cobertura amplia,Chevrolet Cruze,2016,22555,700,Al día,1,0
P000006973,2024-10-27,2025-10-27,Responsabilidad civil,Kia Forte,2012,18641,600,Al día,1,0
P000006974,2023-03-04,2024-03-03,Cobertura de colisión,Toyota Corolla,2015,23085,500,Vencido,1,1
P000006975,2022-12-14,2023-12-14,Cobertura de robo,Honda Civic,2013,18733,500,Al día,0,1
P000006976,2022-12-16,2023-12-16,Cobertura de colisión,Ford Focus,2016,48904,500,Al día,1,0
P000006977,2025-10-18,2026-10-18,Responsabilidad civil,Mazda 3,2015,41746,500,Al día,0,1
P000006978,2023-07-06,2024-07-05,Responsabilidad civil,Honda Civic,2014,17580,500,Al día,1,1
P000006979,2024-11-19,2025-11-19,Cobertura total,Kia Forte,2017,41045,600,Vencido,1,0
P000006980,2021-11-06,2022-11-06,Cobertura amplia,Honda Civic,2016,42155,500,Al día,1,0
P000006981,2023-07-16,2024-07-15,Cobertura de robo,Nissan Sentra,2017,31072,500,Vencido,1,0
P000006982,2025-07-05,2026-07-05,Cobertura amplia,Hyundai Elantra,2016,40271,500,Al día,1,0
P000006983,2021-09-11,2022-09-11,Cobertura total,Toyota Corolla,2013,45133,600,Vencido,1,1
P000006984,2024-12-07,2025-12-07,Cobertura total,Nissan Sentra,2021,18761,500,Al día,0,0
P000006985,2020-08-05,2021-08-05,Cobertura de robo,Mazda 3,2012,29768,700,Al día,0,0
P000006986,2022-02-12,2023-02-12,Cobertura total,Toyota Corolla,2016,12252,700,Al día,0,1
P000006987,2021-08-31,2022-08-31,Responsabilidad civil,Ford Focus,2022,35969,600,Al día,0,1
P000006988,2020-08-11,2021-08-11,Cobertura de colisión,Toyota Corolla,2016,19812,700,Al día,0,0
P000006989,2022-07-30,2023-07-30,Cobertura de colisión,Chevrolet Cruze,2010,18655,500,Al día,1,0
P000006990,2022-01-20,2023-01-20,Cobertura amplia,Ford Focus,2014,30619,500,Al día,1,0
P000006991,2020-05-26,2021-05-26,Cobertura de colisión,Volkswagen Jetta,2019,46510,500,Al día,0,1
P000006992,2025-04-10,2026-04-10,Cobertura amplia,Volkswagen Jetta,2011,42613,700,Al día,1,0
P000006993,2022-12-01,2023-12-01,Cobertura de colisión,Ford Focus,2016,25625,600,Al día,0,1
P000006994,2021-10-31,2022-10-31,Responsabilidad civil,Ford Focus,2012,32078,700,Vencido,1,1
P000006995,2025-03-28,2026-03-28,Responsabilidad civil,Honda Civic,2022,32783,700,Al día,1,1
P000006996,2024-11-22,2025-11-22,Cobertura de colisión,Honda Civic,2013,11328,700,Al día,0,0
P000006997,2021-04-20,2022-04-20,Cobertura amplia,Toyota Corolla,2022,24367,500,Al día,0,0
P000006998,2025-07-20,2026-07-20,Cobertura de robo,Hyundai Elantra,2021,10786,600,Al día,1,0
P000006999,2020-06-16,2021-06-16,Cobertura de robo,Hyundai Elantra,2021,18175,700,Al día,0,0
P000007000,2024-12-13,2025-12-13,Cobertura de robo,Toyota Corolla,2015,31235,600,Al día,1,0
P000007001,2023-12-31,2024-12-30,Cobertura de robo,Ford Focus,2013,30808,500,Al día,1,0
P000007002,2025-06-10,2026-06-10,Responsabilidad civil,Ford Focus,2015,26047,600,Al día,0,1
P000007003,2025-02-17,2026-02-17,Responsabilidad civil,Kia Forte,2013,13404,600,Vencido,0,0
P000007004,2025-07-12,2026-07-12,Cobertura de robo,Kia Forte,2016,11019,700,Vencido,0,1
P000007005,2021-04-05,2022-04-05,Responsabilidad civil,Mazda 3,2020,43933,500,Vencido,1,0
P000007006,2021-08-29,2022-08-29,Cobertura total,Toyota Corolla,2022,13252,600,Al día,1,1
P000007007,2021-05-21,2022-05-21,Cobertura de colisión,Honda Civic,2011,34982,500,Al día,1,0
P000007008,2023-12-02,2024-12-01,Responsabilidad civil,Toyota Corolla,2018,25680,500,Al día,0,1
P000007009,2021-01-18,2022-01-18,Cobertura total,Nissan Sentra,2021,27898,500,Vencido,0,0
P000007010,2022-04-14,2023-04-14,Cobertura de robo,Kia Forte,2011,13059,500,Al día,1,0
P000007011,2023-03-09,2024-03-08,Cobertura de robo,Chevrolet Cruze,2011,48299,600,Al día,1,0
P000007012,2022-01-09,2023-01-09,Cobertura de colisión,Toyota Corolla,2019,40018,600,Al día,0,0
P000007013,2021-11-20,2022-11-20,Cobertura amplia,Chevrolet Cruze,2017,17826,500,Vencido,1,1
P000007014,2025-09-14,2026-09-14,Cobertura de robo,Volkswagen Jetta,2022,14089,600,Al día,0,1
P000007015,2023-01-22,2024-01-22,Cobertura de colisión,Toyota Corolla,2010,33488,700,Vencido,0,1
P000007016,2022-05-19,2023-05-19,Responsabilidad civil,Toyota Corolla,2012,45680,500,Vencido,1,0
P000007017,2020-01-17,2021-01-16,Cobertura total,Mazda 3,2013,34709,700,Vencido,0,1
P000007018,2025-11-24,2026-11-24,Cobertura de robo,Hyundai Elantra,2014,34785,500,Vencido,1,0
P000007019,2022-01-09,2023-01-09,Responsabilidad civil,Nissan Sentra,2016,33933,700,Al día,0,0
P000007020,2024-09-01,2025-09-01,Responsabilidad civil,Toyota Corolla,2020,14665,500,Vencido,1,1
P000007021,2020-11-10,2021-11-10,Cobertura de robo,Mazda 3,2020,17747,500,Al día,1,0
P000007022,2022-10-05,2023-10-05,Cobertura de robo,Toyota Corolla,2020,45931,500,Al día,1,0
P000007023,2025-08-02,2026-08-02,Cobertura de robo,Toyota Corolla,2022,35031,600,Al día,0,1
P000007024,2021-01-21,2022-01-21,Responsabilidad civil,Mazda 3,2014,44423,500,Al día,1,0
P000007025,2023-09-08,2024-09-07,Cobertura de colisión,Honda Civic,2015,33311,600,Vencido,0,1
P000007026,2020-04-16,2021-04-16,Cobertura total,Toyota Corolla,2022,48640,700,Al día,1,0
P000007027,2023-03-10,2024-03-09,Cobertura amplia,Volkswagen Jetta,2018,37058,700,Al día,1,0
P000007028,2021-05-14,2022-05-14,Cobertura de robo,Mazda 3,2021,41584,600,Al día,1,0
P000007029,2024-06-02,2025-06-02,Cobertura amplia,Ford Focus,2020,14927,700,Vencido,0,1
P000007030,2024-03-10,2025-03-10,Cobertura de colisión,Chevrolet Cruze,2012,34484,700,Al día,0,1
P000007031,2021-03-10,2022-03-10,Cobertura total,Chevrolet Cruze,2020,30656,600,Al día,1,0
P000007032,2023-08-18,2024-08-17,Responsabilidad civil,Mazda 3,2015,27629,500,Al día,1,1
P000007033,2021-09-21,2022-09-21,Cobertura de robo,Volkswagen Jetta,2015,32634,700,Al día,1,0
P000007034,2020-04-28,2021-04-28,Cobertura de colisión,Ford Focus,2011,22007,600,Vencido,1,1
P000007035,2020-11-28,2021-11-28,Responsabilidad civil,Toyota Corolla,2011,43718,500,Vencido,0,0
P000007036,2025-02-28,2026-02-28,Responsabilidad civil,Chevrolet Cruze,2013,24369,500,Vencido,1,0
P000007037,2025-05-19,2026-05-19,Cobertura de colisión,Honda Civic,2017,22604,500,Vencido,0,1
P000007038,2025-02-02,2026-02-02,Responsabilidad civil,Nissan Sentra,2011,10263,500,Al día,0,1
P000007039,2023-01-08,2024-01-08,Cobertura total,Ford Focus,2016,41904,600,Vencido,0,0
P000007040,2020-01-24,2021-01-23,Cobertura total,Hyundai Elantra,2011,28553,500,Vencido,1,1
P000007041,2023-09-11,2024-09-10,Cobertura amplia,Nissan Sentra,2015,17491,700,Al día,1,0
P000007042,2020-06-28,2021-06-28,Cobertura de robo,Honda Civic,2013,40424,600,Al día,1,0
P000007043,2025-01-29,2026-01-29,Cobertura total,Honda Civic,2015,40443,700,Al día,1,1
P000007044,2023-08-23,2024-08-22,Cobertura de robo,Volkswagen Jetta,2016,18284,600,Al día,1,0
P000007045,2021-06-13,2022-06-13,Cobertura de colisión,Honda Civic,2012,12003,700,Vencido,0,1
P000007046,2022-05-15,2023-05-15,Cobertura de robo,Kia Forte,2013,14786,600,Al día,0,1
P000007047,2020-07-18,2021-07-18,Cobertura de robo,Subaru Impreza,2018,49335,500,Al día,1,0
P000007048,2023-03-04,2024-03-03,Responsabilidad civil,Hyundai Elantra,2018,43819,700,Vencido,1,0
P000007049,2023-08-16,2024-08-15,Cobertura de robo,Subaru Impreza,2016,43770,500,Vencido,0,1
P000007050,2020-08-15,2021-08-15,Cobertura de robo,Honda Civic,2021,48752,700,Al día,1,1
P000007051,2020-10-16,2021-10-16,Responsabilidad civil,Toyota Corolla,2011,31379,600,Vencido,1,1
P000007052,2024-04-11,2025-04-11,Cobertura de colisión,Toyota Corolla,2014,42262,700,Vencido,1,1
P000007053,2021-01-14,2022-01-14,Cobertura amplia,Mazda 3,2021,18547,600,Vencido,0,0
P000007054,2024-06-21,2025-06-21,Cobertura de colisión,Honda Civic,2017,20798,500,Al día,1,1
P000007055,2022-11-11,2023-11-11,Cobertura de colisión,Toyota Corolla,2011,44794,500,Vencido,1,0
P000007056,2021-12-30,2022-12-30,Cobertura de robo,Honda Civic,2013,20173,500,Vencido,1,1
P000007057,2022-09-10,2023-09-10,Cobertura total,Honda Civic,2017,25051,500,Al día,1,1
P000007058,2024-06-21,2025-06-21,Cobertura amplia,Mazda 3,2011,44031,700,Vencido,0,0
P000007059,2020-12-31,2021-12-31,Cobertura de colisión,Toyota Corolla,2012,42558,500,Al día,0,1
P000007060,2020-03-25,2021-03-25,Cobertura de colisión,Volkswagen Jetta,2022,43249,600,Vencido,1,1
P000007061,2022-05-02,2023-05-02,Cobertura de robo,Toyota Corolla,2021,41439,500,Al día,0,0
P000007062,2021-10-29,2022-10-29,Cobertura total,Volkswagen Jetta,2011,17617,600,Vencido,0,0
P000007063,2024-05-10,2025-05-10,Cobertura total,Toyota Corolla,2022,15250,600,Vencido,0,0
P000007064,2024-07-06,2025-07-06,Responsabilidad civil,Toyota Corolla,2015,27596,500,Al día,1,0
P000007065,2023-03-13,2024-03-12,Cobertura de robo,Hyundai Elantra,2022,48234,700,Vencido,1,0
P000007066,2021-09-23,2022-09-23,Responsabilidad civil,Toyota Corolla,2013,39516,700,Vencido,1,0
P000007067,2021-05-08,2022-05-08,Cobertura total,Toyota Corolla,2015,18143,600,Al día,1,0
P000007068,2023-05-07,2024-05-06,Cobertura de robo,Honda Civic,2022,43342,500,Al día,1,1
P000007069,2025-07-03,2026-07-03,Cobertura de robo,Ford Focus,2020,32327,700,Al día,1,0
P000007070,2024-11-05,2025-11-05,Cobertura de robo,Toyota Corolla,2018,43383,700,Vencido,0,1
P000007071,2023-06-24,2024-06-23,Cobertura amplia,Toyota Corolla,2021,49161,500,Al día,0,1
P000007072,2021-06-21,2022-06-21,Cobertura de colisión,Toyota Corolla,2016,13703,500,Al día,0,0
P000007073,2024-01-10,2025-01-09,Cobertura amplia,Hyundai Elantra,2010,48113,500,Vencido,0,0
P000007074,2021-01-28,2022-01-28,Cobertura amplia,Kia Forte,2016,36218,500,Vencido,0,0
P000007075,2024-02-14,2025-02-13,Cobertura amplia,Subaru Impreza,2021,17997,700,Vencido,1,1
P000007076,2025-09-30,2026-09-30,Responsabilidad civil,Hyundai Elantra,2016,30980,700,Al día,1,1
P000007077,2022-03-29,2023-03-29,Responsabilidad civil,Volkswagen Jetta,2019,37124,600,Vencido,0,1
P000007078,2025-06-28,2026-06-28,Cobertura amplia,Toyota Corolla,2016,46433,500,Al día,0,1
P000007079,2024-12-29,2025-12-29,Responsabilidad civil,Toyota Corolla,2021,14895,600,Al día,0,1
P000007080,2024-05-08,2025-05-08,Cobertura amplia,Nissan Sentra,2011,27140,700,Vencido,0,1
P000007081,2025-05-05,2026-05-05,Cobertura de robo,Volkswagen Jetta,2020,11549,500,Vencido,0,0
P000007082,2023-01-04,2024-01-04,Cobertura de colisión,Toyota Corolla,2011,24066,600,Vencido,1,1
P000007083,2024-09-28,2025-09-28,Cobertura de colisión,Chevrolet Cruze,2010,40197,500,Al día,0,1
P000007084,2021-01-04,2022-01-04,Cobertura de robo,Toyota Corolla,2011,28859,500,Al día,0,1
P000007085,2024-09-26,2025-09-26,Cobertura amplia,Nissan Sentra,2012,30839,700,Al día,1,1
P000007086,2024-02-17,2025-02-16,Cobertura total,Toyota Corolla,2022,30329,500,Vencido,1,0
P000007087,2022-02-02,2023-02-02,Cobertura de colisión,Nissan Sentra,2016,39327,600,Vencido,1,1
P000007088,2024-11-13,2025-11-13,Responsabilidad civil,Honda Civic,2022,10511,500,Al día,0,1
P000007089,2024-10-10,2025-10-10,Cobertura de colisión,Chevrolet Cruze,2015,22324,600,Al día,0,1
P000007090,2021-01-15,2022-01-15,Responsabilidad civil,Chevrolet Cruze,2010,20806,600,Vencido,1,1
P000007091,2020-06-14,2021-06-14,Cobertura de robo,Chevrolet Cruze,2015,35206,500,Al día,0,1
P000007092,2025-10-03,2026-10-03,Cobertura de robo,Nissan Sentra,2017,30208,600,Al día,1,1
P000007093,2023-10-31,2024-10-30,Cobertura amplia,Ford Focus,2014,27101,700,Al día,1,0
P000007094,2025-03-13,2026-03-13,Cobertura amplia,Ford Focus,2019,25539,600,Al día,1,0
P000007095,2022-07-07,2023-07-07,Cobertura total,Kia Forte,2013,25741,700,Vencido,0,0
P000007096,2021-09-27,2022-09-27,Responsabilidad civil,Kia Forte,2018,40284,700,Al día,0,0
P000007097,2025-07-21,2026-07-21,Cobertura total,Subaru Impreza,2017,20452,500,Al día,0,1
P000007098,2025-11-29,2026-11-29,Cobertura de colisión,Ford Focus,2011,13985,700,Al día,1,1
P000007099,2025-11-19,2026-11-19,Cobertura de robo,Hyundai Elantra,2020,14472,500,Vencido,0,1
P000007100,2020-12-09,2021-12-09,Cobertura amplia,Honda Civic,2016,44823,700,Vencido,0,1
P000007101,2023-04-05,2024-04-04,Cobertura total,Ford Focus,2017,42263,700,Al día,1,0
P000007102,2025-04-01,2026-04-01,Cobertura de robo,Toyota Corolla,2011,44776,600,Vencido,1,0
P000007103,2024-11-26,2025-11-26,Cobertura de robo,Chevrolet Cruze,2018,28643,600,Vencido,1,1
P000007104,2020-11-20,2021-11-20,Cobertura de robo,Honda Civic,2015,23554,600,Al día,0,1
P000007105,2025-05-10,2026-05-10,Cobertura amplia,Honda Civic,2020,37893,700,Al día,0,1
P000007106,2023-05-15,2024-05-14,Cobertura amplia,Ford Focus,2014,21694,500,Al día,1,0
P000007107,2021-08-31,2022-08-31,Cobertura de colisión,Honda Civic,2018,47515,500,Al día,1,0
P000007108,2021-06-07,2022-06-07,Cobertura de colisión,Subaru Impreza,2015,14834,600,Vencido,0,0
P000007109,2023-05-15,2024-05-14,Responsabilidad civil,Toyota Corolla,2013,14752,600,Al día,1,1
P000007110,2022-10-15,2023-10-15,Cobertura amplia,Ford Focus,2017,33113,600,Vencido,0,1
P000007111,2025-11-12,2026-11-12,Responsabilidad civil,Nissan Sentra,2019,15262,700,Al día,1,0
P000007112,2024-10-17,2025-10-17,Cobertura de robo,Toyota Corolla,2012,17705,500,Al día,0,0
P000007113,2023-04-25,2024-04-24,Cobertura total,Toyota Corolla,2022,11683,700,Vencido,0,1
P000007114,2020-07-14,2021-07-14,Cobertura total,Toyota Corolla,2012,10148,600,Vencido,1,1
P000007115,2020-11-09,2021-11-09,Cobertura total,Ford Focus,2015,39919,600,Al día,1,1
P000007116,2020-07-03,2021-07-03,Responsabilidad civil,Honda Civic,2021,19564,600,Vencido,1,1
P000007117,2025-10-03,2026-10-03,Cobertura amplia,Ford Focus,2021,19606,600,Vencido,0,0
P000007118,2021-03-16,2022-03-16,Cobertura de robo,Nissan Sentra,2014,39582,700,Vencido,0,0
P000007119,2025-09-22,2026-09-22,Cobertura total,Subaru Impreza,2017,24982,700,Vencido,1,0
P000007120,2024-10-06,2025-10-06,Cobertura amplia,Nissan Sentra,2017,36967,600,Vencido,1,1
P000007121,2024-08-18,2025-08-18,Cobertura amplia,Hyundai Elantra,2010,37134,700,Vencido,0,1
P000007122,2021-01-22,2022-01-22,Cobertura de robo,Kia Forte,2020,16172,500,Al día,1,1
P000007123,2025-03-18,2026-03-18,Responsabilidad civil,Kia Forte,2020,17042,600,Vencido,1,1
P000007124,2022-11-03,2023-11-03,Cobertura amplia,Chevrolet Cruze,2022,17112,700,Al día,0,0
P000007125,2023-12-26,2024-12-25,Cobertura total,Volkswagen Jetta,2018,32847,600,Vencido,1,1
P000007126,2022-11-09,2023-11-09,Cobertura total,Subaru Impreza,2012,33731,700,Al día,1,0
P000007127,2020-11-30,2021-11-30,Cobertura amplia,Ford Focus,2022,45510,600,Al día,0,1
P000007128,2025-08-24,2026-08-24,Responsabilidad civil,Volkswagen Jetta,2021,11464,700,Vencido,0,1
P000007129,2020-03-07,2021-03-07,Cobertura de colisión,Hyundai Elantra,2013,48243,500,Al día,0,0
P000007130,2021-04-11,2022-04-11,Cobertura de robo,Nissan Sentra,2010,48519,700,Al día,0,1
P000007131,2025-03-10,2026-03-10,Cobertura total,Chevrolet Cruze,2011,26961,600,Al día,0,0
P000007132,2022-01-05,2023-01-05,Cobertura total,Toyota Corolla,2016,47676,600,Al día,0,1
P000007133,2022-01-16,2023-01-16,Responsabilidad civil,Mazda 3,2013,10017,700,Vencido,1,1
P000007134,2024-05-28,2025-05-28,Cobertura de colisión,Subaru Impreza,2016,21786,700,Al día,1,1
P000007135,2020-07-04,2021-07-04,Cobertura total,Chevrolet Cruze,2022,35594,600,Al día,0,0
P000007136,2020-12-07,2021-12-07,Responsabilidad civil,Honda Civic,2022,16229,600,Vencido,1,1
P000007137,2024-08-31,2025-08-31,Cobertura total,Hyundai Elantra,2017,11776,500,Vencido,0,0
P000007138,2023-05-04,2024-05-03,Cobertura de robo,Hyundai Elantra,2018,27702,700,Vencido,1,1
P000007139,2023-07-09,2024-07-08,Responsabilidad civil,Hyundai Elantra,2012,38008,500,Al día,1,0
P000007140,2025-02-06,2026-02-06,Cobertura de robo,Honda Civic,2017,32332,700,Vencido,1,1
P000007141,2025-01-16,2026-01-16,Cobertura amplia,Volkswagen Jetta,2010,34487,700,Vencido,1,1
P000007142,2022-12-21,2023-12-21,Responsabilidad civil,Toyota Corolla,2013,18981,500,Al día,0,1
P000007143,2023-10-30,2024-10-29,Cobertura amplia,Subaru Impreza,2010,15189,500,Al día,1,1
P000007144,2022-02-05,2023-02-05,Responsabilidad civil,Hyundai Elantra,2010,26827,700,Al día,0,0
P000007145,2022-05-14,2023-05-14,Cobertura amplia,Honda Civic,2019,37053,600,Al día,1,1
P000007146,2022-01-28,2023-01-28,Responsabilidad civil,Kia Forte,2019,38334,500,Vencido,1,1
P000007147,2020-11-16,2021-11-16,Cobertura de robo,Subaru Impreza,2015,10754,700,Vencido,1,0
P000007148,2022-11-28,2023-11-28,Cobertura de robo,Toyota Corolla,2017,16031,600,Al día,1,1
P000007149,2021-03-11,2022-03-11,Cobertura de robo,Ford Focus,2020,45290,700,Vencido,0,1
P000007150,2024-11-11,2025-11-11,Responsabilidad civil,Chevrolet Cruze,2015,20450,500,Vencido,1,0
P000007151,2025-12-28,2026-12-28,Cobertura de robo,Toyota Corolla,2012,11571,500,Vencido,1,0
P000007152,2020-03-14,2021-03-14,Responsabilidad civil,Mazda 3,2017,37447,600,Vencido,0,1
P000007153,2020-01-24,2021-01-23,Cobertura amplia,Toyota Corolla,2013,39106,600,Al día,0,1
P000007154,2024-06-05,2025-06-05,Responsabilidad civil,Hyundai Elantra,2014,38388,500,Al día,0,1
P000007155,2021-04-22,2022-04-22,Responsabilidad civil,Ford Focus,2022,18064,500,Vencido,0,0
P000007156,2020-02-24,2021-02-23,Cobertura total,Toyota Corolla,2019,44720,600,Al día,0,0
P000007157,2021-12-04,2022-12-04,Cobertura de robo,Nissan Sentra,2020,36559,600,Vencido,0,1
P000007158,2025-05-08,2026-05-08,Cobertura de robo,Nissan Sentra,2013,26844,600,Al día,0,0
P000007159,2025-02-27,2026-02-27,Cobertura de robo,Nissan Sentra,2013,42922,600,Al día,0,0
P000007160,2024-07-17,2025-07-17,Cobertura de robo,Hyundai Elantra,2011,27052,600,Al día,0,1
P000007161,2025-06-16,2026-06-16,Cobertura de colisión,Honda Civic,2019,34575,600,Al día,0,0
P000007162,2023-05-25,2024-05-24,Responsabilidad civil,Volkswagen Jetta,2014,49416,700,Al día,0,1
P000007163,2024-01-17,2025-01-16,Responsabilidad civil,Chevrolet Cruze,2018,34210,700,Al día,0,1
P000007164,2024-06-05,2025-06-05,Cobertura de colisión,Ford Focus,2012,40608,600,Al día,1,1
P000007165,2023-05-24,2024-05-23,Cobertura de robo,Honda Civic,2020,15983,500,Vencido,0,1
P000007166,2020-12-24,2021-12-24,Cobertura amplia,Chevrolet Cruze,2019,44196,700,Al día,0,0
P000007167,2021-05-27,2022-05-27,Cobertura de robo,Chevrolet Cruze,2012,37188,600,Al día,0,0
P000007168,2021-07-07,2022-07-07,Cobertura amplia,Honda Civic,2018,33789,500,Al día,1,1
P000007169,2020-02-26,2021-02-25,Cobertura de colisión,Toyota Corolla,2010,18849,600,Al día,0,0
P000007170,2022-02-20,2023-02-20,Responsabilidad civil,Honda Civic,2020,16609,500,Al día,0,0
P000007171,2021-04-03,2022-04-03,Cobertura de robo,Toyota Corolla,2022,29342,600,Vencido,0,1
P000007172,2020-03-06,2021-03-06,Cobertura amplia,Chevrolet Cruze,2013,28579,500,Vencido,1,1
P000007173,2022-02-09,2023-02-09,Responsabilidad civil,Nissan Sentra,2022,20768,600,Al día,1,0
P000007174,2020-04-19,2021-04-19,Responsabilidad civil,Toyota Corolla,2013,13974,500,Al día,1,1
P000007175,2022-05-07,2023-05-07,Cobertura de colisión,Mazda 3,2021,28172,500,Vencido,0,1
P000007176,2025-05-24,2026-05-24,Responsabilidad civil,Honda Civic,2018,38297,600,Vencido,1,1
P000007177,2021-08-17,2022-08-17,Responsabilidad civil,Kia Forte,2016,20956,700,Al día,0,1
P000007178,2022-09-17,2023-09-17,Responsabilidad civil,Toyota Corolla,2012,38146,700,Al día,1,1
P000007179,2024-11-19,2025-11-19,Cobertura total,Honda Civic,2010,48432,500,Vencido,1,1
P000007180,2022-02-20,2023-02-20,Cobertura de colisión,Mazda 3,2022,15941,700,Al día,0,1
P000007181,2020-12-18,2021-12-18,Responsabilidad civil,Chevrolet Cruze,2016,27312,500,Vencido,0,0
P000007182,2023-05-17,2024-05-16,Cobertura de colisión,Toyota Corolla,2014,41703,600,Vencido,0,1
P000007183,2025-03-13,2026-03-13,Cobertura amplia,Nissan Sentra,2012,19531,600,Al día,0,0
P000007184,2021-08-29,2022-08-29,Cobertura amplia,Volkswagen Jetta,2014,14657,500,Vencido,0,0
P000007185,2025-04-25,2026-04-25,Cobertura amplia,Chevrolet Cruze,2016,42505,500,Vencido,0,0
P000007186,2024-09-24,2025-09-24,Cobertura de robo,Nissan Sentra,2016,23517,700,Vencido,0,1
P000007187,2020-03-30,2021-03-30,Cobertura de robo,Honda Civic,2019,29605,700,Vencido,1,0
P000007188,2021-04-22,2022-04-22,Responsabilidad civil,Nissan Sentra,2012,37004,700,Al día,0,0
P000007189,2021-11-11,2022-11-11,Cobertura amplia,Volkswagen Jetta,2016,49997,500,Al día,0,1
P000007190,2021-09-16,2022-09-16,Cobertura amplia,Kia Forte,2017,14051,700,Al día,0,1
P000007191,2024-12-28,2025-12-28,Cobertura de robo,Kia Forte,2022,31141,700,Vencido,1,0
P000007192,2025-06-09,2026-06-09,Cobertura de colisión,Honda Civic,2010,40037,500,Vencido,1,1
P000007193,2025-04-15,2026-04-15,Cobertura total,Chevrolet Cruze,2019,24361,500,Vencido,1,0
P000007194,2020-03-21,2021-03-21,Responsabilidad civil,Mazda 3,2014,16539,600,Al día,1,0
P000007195,2025-01-15,2026-01-15,Responsabilidad civil,Kia Forte,2022,41582,500,Vencido,1,0
P000007196,2022-09-20,2023-09-20,Cobertura de colisión,Honda Civic,2022,40345,500,Vencido,1,1
P000007197,2022-04-04,2023-04-04,Responsabilidad civil,Kia Forte,2011,24689,600,Vencido,1,0
P000007198,2023-04-22,2024-04-21,Responsabilidad civil,Toyota Corolla,2014,21250,500,Al día,0,1
P000007199,2024-05-23,2025-05-23,Responsabilidad civil,Nissan Sentra,2010,34824,500,Vencido,0,1
P000007200,2020-07-27,2021-07-27,Cobertura de robo,Nissan Sentra,2013,49839,500,Al día,1,0
P000007201,2023-09-29,2024-09-28,Cobertura de colisión,Ford Focus,2017,11303,500,Al día,1,1
P000007202,2020-02-02,2021-02-01,Cobertura total,Honda Civic,2016,47683,700,Vencido,0,1
P000007203,2021-02-24,2022-02-24,Cobertura de robo,Toyota Corolla,2017,44834,700,Vencido,0,0
P000007204,2024-11-03,2025-11-03,Responsabilidad civil,Chevrolet Cruze,2010,39450,700,Vencido,0,0
P000007205,2024-08-29,2025-08-29,Cobertura de colisión,Nissan Sentra,2015,20935,600,Vencido,1,0
P000007206,2025-07-23,2026-07-23,Cobertura de colisión,Subaru Impreza,2012,21230,600,Vencido,0,0
P000007207,2023-04-06,2024-04-05,Cobertura total,Chevrolet Cruze,2016,43228,500,Al día,1,1
P000007208,2020-05-31,2021-05-31,Cobertura de robo,Honda Civic,2010,46354,500,Al día,1,0
P000007209,2025-06-19,2026-06-19,Cobertura amplia,Honda Civic,2017,49322,700,Al día,1,1
P000007210,2024-06-25,2025-06-25,Cobertura de colisión,Ford Focus,2013,47909,700,Vencido,1,0
P000007211,2025-06-14,2026-06-14,Cobertura de robo,Toyota Corolla,2013,20361,700,Vencido,0,1
P000007212,2025-10-03,2026-10-03,Cobertura total,Honda Civic,2016,10949,700,Al día,0,1
P000007213,2025-06-21,2026-06-21,Cobertura total,Honda Civic,2017,26551,600,Vencido,0,0
P000007214,2022-08-07,2023-08-07,Cobertura total,Subaru Impreza,2015,46001,600,Al día,1,0
P000007215,2020-09-05,2021-09-05,Responsabilidad civil,Chevrolet Cruze,2012,36891,700,Al día,0,0
P000007216,2025-12-03,2026-12-03,Cobertura de colisión,Honda Civic,2011,23574,500,Al día,1,1
P000007217,2020-03-18,2021-03-18,Cobertura de colisión,Chevrolet Cruze,2019,16023,700,Al día,1,1
P000007218,2024-09-24,2025-09-24,Responsabilidad civil,Ford Focus,2021,11823,500,Vencido,0,1
P000007219,2023-07-17,2024-07-16,Cobertura total,Chevrolet Cruze,2014,45466,500,Vencido,1,0
P000007220,2020-09-17,2021-09-17,Cobertura de colisión,Hyundai Elantra,2019,38914,700,Al día,0,1
P000007221,2023-01-02,2024-01-02,Cobertura de robo,Hyundai Elantra,2010,14485,500,Vencido,1,0
P000007222,2024-09-04,2025-09-04,Cobertura amplia,Kia Forte,2022,44929,500,Vencido,0,1
P000007223,2025-04-22,2026-04-22,Cobertura amplia,Mazda 3,2015,42384,600,Al día,0,0
P000007224,2021-04-23,2022-04-23,Cobertura de colisión,Hyundai Elantra,2019,35989,500,Vencido,1,0
P000007225,2025-07-19,2026-07-19,Cobertura total,Toyota Corolla,2017,48233,500,Al día,0,0
P000007226,2023-11-21,2024-11-20,Cobertura total,Volkswagen Jetta,2020,37810,500,Al día,1,0
P000007227,2025-01-10,2026-01-10,Responsabilidad civil,Ford Focus,2013,19440,600,Al día,0,1
P000007228,2024-11-21,2025-11-21,Cobertura de robo,Honda Civic,2014,48710,700,Vencido,0,0
P000007229,2020-03-26,2021-03-26,Cobertura amplia,Hyundai Elantra,2022,26068,700,Al día,1,0
P000007230,2021-10-22,2022-10-22,Cobertura de colisión,Ford Focus,2022,24219,600,Al día,0,0
P000007231,2023-03-25,2024-03-24,Cobertura amplia,Honda Civic,2014,10567,500,Vencido,1,0
P000007232,2022-02-26,2023-02-26,Cobertura de robo,Kia Forte,2013,26581,600,Al día,0,0
P000007233,2025-04-06,2026-04-06,Cobertura total,Honda Civic,2021,42318,500,Vencido,0,1
P000007234,2023-11-09,2024-11-08,Cobertura de robo,Toyota Corolla,2020,13189,700,Vencido,0,0
P000007235,2024-11-29,2025-11-29,Cobertura total,Nissan Sentra,2022,49721,700,Al día,1,0
P000007236,2022-08-08,2023-08-08,Cobertura de colisión,Kia Forte,2011,40600,500,Vencido,1,0
P000007237,2025-09-10,2026-09-10,Cobertura de robo,Kia Forte,2018,24557,500,Vencido,0,0
P000007238,2022-06-18,2023-06-18,Responsabilidad civil,Toyota Corolla,2016,13031,500,Vencido,0,1
P000007239,2023-10-21,2024-10-20,Cobertura amplia,Chevrolet Cruze,2016,34091,700,Al día,0,0
P000007240,2025-04-02,2026-04-02,Cobertura de robo,Kia Forte,2019,12303,700,Al día,0,0
P000007241,2021-06-21,2022-06-21,Responsabilidad civil,Hyundai Elantra,2015,31535,500,Vencido,1,0
P000007242,2023-04-16,2024-04-15,Cobertura total,Chevrolet Cruze,2021,29227,600,Vencido,0,0
P000007243,2024-05-17,2025-05-17,Cobertura de robo,Toyota Corolla,2018,46976,500,Vencido,1,0
P000007244,2024-09-03,2025-09-03,Cobertura amplia,Toyota Corolla,2011,21606,600,Vencido,0,1
P000007245,2024-01-15,2025-01-14,Cobertura de colisión,Volkswagen Jetta,2017,18347,600,Al día,1,1
P000007246,2025-04-18,2026-04-18,Cobertura total,Toyota Corolla,2021,16094,500,Vencido,1,0
P000007247,2021-10-25,2022-10-25,Responsabilidad civil,Toyota Corolla,2019,12871,500,Vencido,1,0
P000007248,2022-04-28,2023-04-28,Cobertura de colisión,Kia Forte,2021,14293,600,Vencido,1,0
P000007249,2023-03-02,2024-03-01,Cobertura amplia,Toyota Corolla,2012,44388,600,Al día,0,0
P000007250,2020-12-19,2021-12-19,Cobertura total,Nissan Sentra,2018,12108,500,Vencido,0,0
P000007251,2025-05-31,2026-05-31,Responsabilidad civil,Mazda 3,2012,27048,500,Vencido,1,0
P000007252,2021-06-12,2022-06-12,Cobertura total,Chevrolet Cruze,2011,23830,600,Al día,0,0
P000007253,2021-12-10,2022-12-10,Cobertura de robo,Nissan Sentra,2017,26198,700,Vencido,1,0
P000007254,2022-03-28,2023-03-28,Cobertura de robo,Mazda 3,2014,42384,700,Vencido,1,0
P000007255,2021-10-02,2022-10-02,Cobertura total,Kia Forte,2022,46267,700,Al día,1,1
P000007256,2025-07-08,2026-07-08,Cobertura amplia,Volkswagen Jetta,2019,12534,700,Al día,1,1
P000007257,2021-02-17,2022-02-17,Responsabilidad civil,Honda Civic,2022,48900,600,Al día,0,1
P000007258,2024-08-30,2025-08-30,Cobertura amplia,Chevrolet Cruze,2015,20845,700,Vencido,0,1
P000007259,2025-07-15,2026-07-15,Responsabilidad civil,Mazda 3,2014,13479,700,Al día,0,1
P000007260,2023-05-28,2024-05-27,Cobertura de colisión,Volkswagen Jetta,2020,26418,600,Vencido,1,0
P000007261,2022-08-19,2023-08-19,Cobertura total,Hyundai Elantra,2016,30525,700,Vencido,1,1
P000007262,2022-05-07,2023-05-07,Cobertura de colisión,Chevrolet Cruze,2018,43364,600,Al día,0,1
P000007263,2020-07-11,2021-07-11,Cobertura de robo,Honda Civic,2012,43907,500,Al día,0,1
P000007264,2020-03-15,2021-03-15,Cobertura total,Ford Focus,2015,34451,500,Vencido,0,0
P000007265,2024-01-09,2025-01-08,Cobertura amplia,Ford Focus,2020,35314,500,Vencido,1,1
P000007266,2022-12-04,2023-12-04,Cobertura de colisión,Subaru Impreza,2010,10372,500,Al día,1,1
P000007267,2024-01-02,2025-01-01,Cobertura de robo,Chevrolet Cruze,2022,36820,500,Vencido,0,0
P000007268,2021-10-11,2022-10-11,Cobertura total,Kia Forte,2014,20556,700,Vencido,0,1
P000007269,2021-12-16,2022-12-16,Cobertura amplia,Honda Civic,2012,11490,600,Al día,0,1
P000007270,2025-08-24,2026-08-24,Cobertura de robo,Chevrolet Cruze,2022,46487,600,Al día,0,0
P000007271,2020-05-10,2021-05-10,Cobertura de robo,Ford Focus,2012,33079,700,Vencido,1,1
P000007272,2020-09-17,2021-09-17,Responsabilidad civil,Ford Focus,2010,47197,500,Al día,0,1
P000007273,2023-10-15,2024-10-14,Cobertura total,Toyota Corolla,2014,26370,500,Vencido,0,0
P000007274,2024-10-29,2025-10-29,Cobertura de colisión,Ford Focus,2013,31872,600,Al día,0,0
P000007275,2021-04-11,2022-04-11,Cobertura de robo,Nissan Sentra,2012,27999,600,Al día,0,0
P000007276,2022-07-17,2023-07-17,Responsabilidad civil,Hyundai Elantra,2012,38048,600,Vencido,0,1
P000007277,2021-05-09,2022-05-09,Responsabilidad civil,Toyota Corolla,2020,45425,700,Vencido,0,1
P000007278,2022-07-06,2023-07-06,Responsabilidad civil,Nissan Sentra,2020,41811,600,Al día,1,0
P000007279,2025-06-15,2026-06-15,Cobertura de colisión,Nissan Sentra,2012,34160,700,Vencido,0,1
P000007280,2022-11-22,2023-11-22,Cobertura total,Toyota Corolla,2018,13864,700,Al día,0,1
P000007281,2023-10-25,2024-10-24,Responsabilidad civil,Toyota Corolla,2011,36369,600,Vencido,1,0
P000007282,2023-12-26,2024-12-25,Cobertura de colisión,Nissan Sentra,2020,13771,700,Al día,0,1
P000007283,2020-07-10,2021-07-10,Cobertura total,Volkswagen Jetta,2014,11775,500,Vencido,1,1
P000007284,2022-12-31,2023-12-31,Cobertura de colisión,Ford Focus,2016,22998,700,Al día,1,1
P000007285,2021-09-11,2022-09-11,Responsabilidad civil,Honda Civic,2014,33382,600,Al día,1,0
P000007286,2025-10-12,2026-10-12,Cobertura de robo,Ford Focus,2017,41014,600,Vencido,0,1
P000007287,2021-03-02,2022-03-02,Cobertura de robo,Subaru Impreza,2018,45110,500,Vencido,0,1
P000007288,2020-07-25,2021-07-25,Cobertura de robo,Ford Focus,2021,37887,500,Vencido,1,1
P000007289,2024-11-28,2025-11-28,Cobertura de robo,Chevrolet Cruze,2017,17414,600,Vencido,0,1
P000007290,2025-02-15,2026-02-15,Cobertura amplia,Nissan Sentra,2012,28804,700,Vencido,1,0
P000007291,2021-03-30,2022-03-30,Cobertura total,Hyundai Elantra,2022,25566,600,Al día,0,1
P000007292,2021-03-09,2022-03-09,Cobertura amplia,Ford Focus,2020,28811,600,Al día,1,1
P000007293,2021-02-21,2022-02-21,Cobertura de colisión,Chevrolet Cruze,2018,21272,700,Al día,1,1
P000007294,2020-06-20,2021-06-20,Cobertura de robo,Hyundai Elantra,2022,46656,500,Vencido,1,1
P000007295,2025-09-08,2026-09-08,Cobertura total,Toyota Corolla,2018,42734,700,Vencido,1,0
P000007296,2021-03-07,2022-03-07,Cobertura de robo,Kia Forte,2021,29985,500,Al día,0,1
P000007297,2021-11-15,2022-11-15,Responsabilidad civil,Toyota Corolla,2019,45335,600,Al día,0,1
P000007298,2021-04-28,2022-04-28,Cobertura total,Honda Civic,2016,34070,600,Vencido,1,0
P000007299,2022-04-21,2023-04-21,Cobertura amplia,Honda Civic,2012,25516,600,Vencido,0,1
P000007300,2024-01-21,2025-01-20,Cobertura de robo,Subaru Impreza,2018,46644,700,Al día,0,0
P000007301,2021-10-05,2022-10-05,Cobertura total,Toyota Corolla,2015,10946,700,Al día,1,0
P000007302,2023-04-11,2024-04-10,Responsabilidad civil,Toyota Corolla,2015,48050,700,Al día,1,0
P000007303,2024-12-13,2025-12-13,Cobertura amplia,Toyota Corolla,2014,22536,500,Vencido,0,0
P000007304,2025-09-03,2026-09-03,Cobertura total,Chevrolet Cruze,2012,41461,700,Al día,0,1
P000007305,2025-08-03,2026-08-03,Cobertura de colisión,Subaru Impreza,2012,10602,700,Al día,1,1
P000007306,2021-02-10,2022-02-10,Cobertura de robo,Nissan Sentra,2020,14953,500,Vencido,0,0
P000007307,2021-09-23,2022-09-23,Cobertura amplia,Chevrolet Cruze,2013,35336,700,Al día,1,0
P000007308,2024-01-29,2025-01-28,Cobertura total,Mazda 3,2020,43151,600,Al día,0,1
P000007309,2023-10-02,2024-10-01,Cobertura de colisión,Toyota Corolla,2015,10490,700,Vencido,1,1
P000007310,2021-07-18,2022-07-18,Cobertura de colisión,Toyota Corolla,2014,25179,600,Al día,0,1
P000007311,2021-05-18,2022-05-18,Responsabilidad civil,Honda Civic,2022,31358,500,Vencido,1,1
P000007312,2022-04-06,2023-04-06,Responsabilidad civil,Kia Forte,2014,40003,500,Vencido,1,0
P000007313,2024-12-03,2025-12-03,Cobertura amplia,Honda Civic,2021,33029,500,Al día,1,1
P000007314,2024-08-29,2025-08-29,Cobertura de colisión,Honda Civic,2022,46226,600,Al día,1,0
P000007315,2020-01-27,2021-01-26,Cobertura de robo,Ford Focus,2013,13471,500,Al día,1,1
P000007316,2022-10-01,2023-10-01,Cobertura total,Chevrolet Cruze,2010,47192,500,Al día,0,0
P000007317,2025-04-24,2026-04-24,Cobertura amplia,Ford Focus,2022,28871,500,Al día,1,0
P000007318,2023-10-30,2024-10-29,Cobertura amplia,Kia Forte,2016,21336,500,Al día,1,1
P000007319,2023-03-20,2024-03-19,Responsabilidad civil,Ford Focus,2015,27582,500,Vencido,1,0
P000007320,2025-08-30,2026-08-30,Responsabilidad civil,Volkswagen Jetta,2018,47679,600,Vencido,0,0
P000007321,2021-12-02,2022-12-02,Cobertura total,Toyota Corolla,2015,16867,500,Al día,1,1
P000007322,2020-12-15,2021-12-15,Cobertura total,Ford Focus,2015,39526,700,Vencido,0,1
P000007323,2022-12-25,2023-12-25,Responsabilidad civil,Chevrolet Cruze,2015,21248,600,Vencido,1,1
P000007324,2024-03-05,2025-03-05,Cobertura total,Honda Civic,2013,24448,700,Al día,0,1
P000007325,2024-08-26,2025-08-26,Cobertura total,Chevrolet Cruze,2012,38381,500,Vencido,0,1
P000007326,2024-01-17,2025-01-16,Cobertura de colisión,Chevrolet Cruze,2017,11918,700,Al día,1,0
P000007327,2022-10-02,2023-10-02,Cobertura total,Mazda 3,2015,33795,500,Vencido,0,0
P000007328,2021-09-12,2022-09-12,Cobertura de colisión,Kia Forte,2020,30152,500,Vencido,0,1
P000007329,2025-12-09,2026-12-09,Cobertura de robo,Toyota Corolla,2010,10955,500,Al día,0,1
P000007330,2024-09-23,2025-09-23,Cobertura de colisión,Toyota Corolla,2014,43699,600,Al día,0,1
P000007331,2022-07-23,2023-07-23,Cobertura amplia,Honda Civic,2014,34905,600,Al día,0,1
P000007332,2021-07-19,2022-07-19,Cobertura de robo,Honda Civic,2021,43670,700,Vencido,0,1
P000007333,2024-10-22,2025-10-22,Cobertura de colisión,Mazda 3,2018,26588,500,Al día,1,0
P000007334,2024-08-20,2025-08-20,Cobertura amplia,Honda Civic,2016,41074,600,Vencido,1,0
P000007335,2024-08-03,2025-08-03,Cobertura total,Toyota Corolla,2018,42708,600,Vencido,1,0
P000007336,2025-02-22,2026-02-22,Cobertura amplia,Toyota Corolla,2013,45943,600,Al día,1,1
P000007337,2025-10-15,2026-10-15,Cobertura de robo,Mazda 3,2015,32109,500,Vencido,0,1
P000007338,2024-01-21,2025-01-20,Responsabilidad civil,Hyundai Elantra,2011,16868,600,Al día,0,1
P000007339,2020-05-01,2021-05-01,Cobertura total,Hyundai Elantra,2022,47165,500,Vencido,0,1
P000007340,2024-12-17,2025-12-17,Responsabilidad civil,Toyota Corolla,2020,46568,500,Al día,0,0
P000007341,2021-08-19,2022-08-19,Cobertura de colisión,Volkswagen Jetta,2010,16903,500,Vencido,1,1
P000007342,2020-02-10,2021-02-09,Responsabilidad civil,Hyundai Elantra,2011,29495,600,Vencido,0,1
P000007343,2025-10-20,2026-10-20,Cobertura amplia,Kia Forte,2022,46076,500,Vencido,1,0
P000007344,2020-10-12,2021-10-12,Cobertura de robo,Honda Civic,2022,17354,600,Vencido,0,1
P000007345,2020-12-13,2021-12-13,Cobertura amplia,Toyota Corolla,2019,37025,500,Al día,1,0
P000007346,2023-10-17,2024-10-16,Cobertura total,Honda Civic,2014,29964,500,Vencido,1,1
P000007347,2023-07-13,2024-07-12,Cobertura de colisión,Ford Focus,2020,45384,500,Al día,0,0
P000007348,2024-07-03,2025-07-03,Cobertura de robo,Honda Civic,2016,22586,700,Vencido,1,1
P000007349,2021-11-04,2022-11-04,Cobertura de colisión,Kia Forte,2018,16021,600,Vencido,1,0
P000007350,2024-11-12,2025-11-12,Cobertura amplia,Hyundai Elantra,2018,15770,600,Al día,0,1
P000007351,2020-09-08,2021-09-08,Cobertura amplia,Subaru Impreza,2011,11224,600,Vencido,1,0
P000007352,2024-05-29,2025-05-29,Cobertura de robo,Toyota Corolla,2019,14381,500,Vencido,1,0
P000007353,2020-05-31,2021-05-31,Responsabilidad civil,Honda Civic,2014,34661,600,Al día,0,0
P000007354,2021-09-10,2022-09-10,Cobertura total,Chevrolet Cruze,2011,28746,600,Vencido,0,0
P000007355,2020-08-24,2021-08-24,Cobertura de robo,Nissan Sentra,2022,35721,600,Al día,1,1
P000007356,2025-10-30,2026-10-30,Cobertura amplia,Kia Forte,2012,36936,600,Vencido,1,1
P000007357,2023-04-26,2024-04-25,Cobertura de colisión,Chevrolet Cruze,2012,32457,700,Vencido,0,0
P000007358,2024-09-13,2025-09-13,Cobertura total,Chevrolet Cruze,2012,34728,700,Vencido,1,1
P000007359,2024-07-04,2025-07-04,Cobertura de robo,Nissan Sentra,2013,46346,700,Al día,1,0
P000007360,2023-05-31,2024-05-30,Cobertura total,Chevrolet Cruze,2019,23200,500,Al día,0,1
P000007361,2023-07-08,2024-07-07,Responsabilidad civil,Volkswagen Jetta,2011,40883,700,Al día,1,1
P000007362,2023-11-10,2024-11-09,Cobertura total,Honda Civic,2010,43196,600,Vencido,0,0
P000007363,2020-02-02,2021-02-01,Cobertura amplia,Volkswagen Jetta,2010,44302,700,Al día,1,1
P000007364,2023-02-19,2024-02-19,Responsabilidad civil,Toyota Corolla,2013,24253,700,Vencido,0,0
P000007365,2025-12-01,2026-12-01,Cobertura de colisión,Hyundai Elantra,2012,33210,700,Vencido,1,1
P000007366,2021-08-24,2022-08-24,Cobertura de robo,Honda Civic,2013,43497,700,Vencido,1,1
P000007367,2024-07-12,2025-07-12,Responsabilidad civil,Kia Forte,2020,12172,600,Al día,1,0
P000007368,2025-01-01,2026-01-01,Responsabilidad civil,Nissan Sentra,2019,29395,700,Vencido,1,0
P000007369,2022-04-20,2023-04-20,Cobertura amplia,Kia Forte,2017,36117,600,Vencido,1,0
P000007370,2024-12-16,2025-12-16,Cobertura de colisión,Toyota Corolla,2013,21811,700,Al día,1,0
P000007371,2023-11-15,2024-11-14,Cobertura de colisión,Kia Forte,2011,25295,700,Vencido,1,0
P000007372,2024-07-14,2025-07-14,Responsabilidad civil,Toyota Corolla,2021,40057,700,Al día,1,1
P000007373,2022-03-19,2023-03-19,Cobertura de robo,Chevrolet Cruze,2014,14653,700,Al día,1,0
P000007374,2023-05-20,2024-05-19,Cobertura amplia,Kia Forte,2015,36605,600,Vencido,1,1
P000007375,2020-12-11,2021-12-11,Cobertura de robo,Hyundai Elantra,2019,18837,600,Vencido,1,1
P000007376,2020-05-31,2021-05-31,Responsabilidad civil,Honda Civic,2020,27807,700,Vencido,1,0
P000007377,2023-10-02,2024-10-01,Cobertura total,Kia Forte,2022,42507,500,Vencido,0,1
P000007378,2024-05-16,2025-05-16,Responsabilidad civil,Toyota Corolla,2022,47185,600,Al día,1,1
P000007379,2021-05-31,2022-05-31,Responsabilidad civil,Ford Focus,2011,46120,500,Vencido,1,1
P000007380,2025-11-01,2026-11-01,Cobertura amplia,Hyundai Elantra,2022,40870,700,Vencido,0,1
P000007381,2023-03-08,2024-03-07,Cobertura amplia,Toyota Corolla,2015,13811,600,Al día,0,0
P000007382,2022-05-25,2023-05-25,Cobertura de robo,Chevrolet Cruze,2021,44974,500,Al día,0,0
P000007383,2021-01-15,2022-01-15,Cobertura amplia,Kia Forte,2011,18303,500,Al día,0,0
P000007384,2025-09-26,2026-09-26,Cobertura total,Honda Civic,2010,40802,500,Al día,1,0
P000007385,2023-07-02,2024-07-01,Cobertura total,Mazda 3,2017,25889,500,Vencido,0,0
P000007386,2025-11-05,2026-11-05,Cobertura amplia,Toyota Corolla,2013,39831,600,Vencido,1,0
P000007387,2023-10-27,2024-10-26,Cobertura de robo,Toyota Corolla,2015,25451,700,Al día,1,1
P000007388,2021-10-17,2022-10-17,Cobertura de colisión,Chevrolet Cruze,2010,27408,700,Vencido,1,1
P000007389,2020-04-05,2021-04-05,Cobertura total,Nissan Sentra,2017,14421,600,Al día,0,1
P000007390,2020-04-24,2021-04-24,Responsabilidad civil,Nissan Sentra,2017,22191,700,Vencido,1,1
P000007391,2022-11-25,2023-11-25,Cobertura de robo,Volkswagen Jetta,2022,24185,700,Vencido,0,0
P000007392,2022-09-15,2023-09-15,Cobertura de robo,Honda Civic,2017,42417,500,Vencido,0,0
P000007393,2023-05-29,2024-05-28,Cobertura amplia,Ford Focus,2020,14254,500,Vencido,0,1
P000007394,2024-09-27,2025-09-27,Responsabilidad civil,Honda Civic,2022,21267,600,Al día,0,1
P000007395,2025-08-31,2026-08-31,Responsabilidad civil,Subaru Impreza,2021,19889,700,Vencido,0,0
P000007396,2021-03-28,2022-03-28,Cobertura de colisión,Honda Civic,2015,41618,700,Vencido,1,1
P000007397,2020-09-02,2021-09-02,Responsabilidad civil,Kia Forte,2020,28101,500,Al día,0,1
P000007398,2024-03-07,2025-03-07,Cobertura total,Honda Civic,2010,31408,600,Vencido,0,1
P000007399,2022-11-29,2023-11-29,Cobertura total,Ford Focus,2010,39596,600,Al día,0,1
P000007400,2025-09-09,2026-09-09,Responsabilidad civil,Kia Forte,2013,45838,700,Al día,1,1
P000007401,2023-12-22,2024-12-21,Responsabilidad civil,Toyota Corolla,2017,19597,700,Al día,0,1
P000007402,2021-05-22,2022-05-22,Responsabilidad civil,Volkswagen Jetta,2022,14255,700,Al día,0,1
P000007403,2020-07-14,2021-07-14,Responsabilidad civil,Hyundai Elantra,2015,19737,700,Vencido,1,0
P000007404,2021-05-25,2022-05-25,Responsabilidad civil,Nissan Sentra,2022,20440,500,Al día,1,1
P000007405,2025-01-12,2026-01-12,Cobertura de colisión,Nissan Sentra,2021,37672,700,Al día,1,0
P000007406,2023-05-05,2024-05-04,Cobertura amplia,Ford Focus,2019,25589,700,Vencido,0,1
P000007407,2020-01-22,2021-01-21,Cobertura amplia,Volkswagen Jetta,2011,34086,500,Vencido,1,1
P000007408,2025-01-30,2026-01-30,Responsabilidad civil,Chevrolet Cruze,2013,11418,600,Al día,0,1
P000007409,2023-10-20,2024-10-19,Cobertura amplia,Chevrolet Cruze,2011,21255,600,Al día,0,0
P000007410,2022-08-25,2023-08-25,Responsabilidad civil,Chevrolet Cruze,2014,43254,500,Al día,0,1
P000007411,2025-12-24,2026-12-24,Cobertura de colisión,Mazda 3,2021,46818,600,Vencido,1,0
P000007412,2022-08-15,2023-08-15,Cobertura de colisión,Toyota Corolla,2014,30477,700,Al día,1,1
P000007413,2023-12-05,2024-12-04,Responsabilidad civil,Nissan Sentra,2015,29805,700,Vencido,1,0
P000007414,2023-05-10,2024-05-09,Responsabilidad civil,Toyota Corolla,2018,27297,500,Vencido,0,0
P000007415,2023-03-11,2024-03-10,Cobertura de robo,Subaru Impreza,2012,44214,600,Al día,0,1
P000007416,2021-07-27,2022-07-27,Cobertura de colisión,Honda Civic,2016,42037,600,Vencido,1,1
P000007417,2024-03-26,2025-03-26,Cobertura de robo,Nissan Sentra,2011,47296,600,Al día,1,1
P000007418,2025-10-29,2026-10-29,Cobertura de colisión,Ford Focus,2011,16211,700,Vencido,0,1
P000007419,2022-10-11,2023-10-11,Cobertura de colisión,Hyundai Elantra,2013,34889,500,Al día,1,0
P000007420,2021-03-07,2022-03-07,Cobertura de robo,Honda Civic,2020,16174,500,Vencido,1,0
P000007421,2023-09-04,2024-09-03,Cobertura de colisión,Ford Focus,2013,39443,600,Vencido,1,0
P000007422,2025-10-16,2026-10-16,Cobertura amplia,Nissan Sentra,2014,23476,700,Vencido,1,0
P000007423,2022-02-27,2023-02-27,Cobertura amplia,Ford Focus,2016,48635,500,Al día,1,1
P000007424,2024-01-19,2025-01-18,Cobertura total,Toyota Corolla,2012,25450,500,Al día,0,0
P000007425,2025-02-03,2026-02-03,Cobertura amplia,Toyota Corolla,2016,20088,500,Al día,0,0
P000007426,2021-02-05,2022-02-05,Cobertura total,Mazda 3,2022,47372,500,Al día,1,1
P000007427,2021-08-23,2022-08-23,Cobertura amplia,Ford Focus,2012,36500,700,Al día,1,1
P000007428,2024-10-09,2025-10-09,Responsabilidad civil,Chevrolet Cruze,2021,29031,500,Al día,0,1
P000007429,2024-08-14,2025-08-14,Cobertura amplia,Volkswagen Jetta,2011,17411,600,Vencido,1,0
P000007430,2020-12-01,2021-12-01,Cobertura total,Toyota Corolla,2020,47934,600,Al día,0,0
P000007431,2021-01-12,2022-01-12,Cobertura de colisión,Ford Focus,2016,21293,600,Al día,0,0
P000007432,2020-09-11,2021-09-11,Cobertura de colisión,Nissan Sentra,2010,39470,500,Vencido,0,0
P000007433,2024-10-06,2025-10-06,Cobertura de robo,Honda Civic,2019,24157,700,Vencido,0,1
P000007434,2021-06-16,2022-06-16,Cobertura amplia,Honda Civic,2015,35947,500,Al día,1,0
P000007435,2025-05-04,2026-05-04,Cobertura total,Nissan Sentra,2014,14917,700,Vencido,1,1
P000007436,2022-05-29,2023-05-29,Cobertura de robo,Honda Civic,2016,32865,600,Vencido,1,1
P000007437,2025-01-01,2026-01-01,Cobertura de robo,Chevrolet Cruze,2010,38516,600,Al día,1,1
P000007438,2020-11-15,2021-11-15,Cobertura amplia,Volkswagen Jetta,2020,32864,500,Vencido,1,0
P000007439,2024-02-21,2025-02-20,Cobertura amplia,Kia Forte,2010,32054,700,Vencido,0,1
P000007440,2025-11-25,2026-11-25,Responsabilidad civil,Chevrolet Cruze,2022,17153,600,Vencido,1,0
P000007441,2024-07-07,2025-07-07,Cobertura amplia,Ford Focus,2010,19383,600,Vencido,1,1
P000007442,2025-10-26,2026-10-26,Cobertura total,Nissan Sentra,2019,46847,500,Al día,1,1
P000007443,2024-06-05,2025-06-05,Cobertura amplia,Hyundai Elantra,2010,39750,700,Al día,1,1
P000007444,2022-12-16,2023-12-16,Responsabilidad civil,Volkswagen Jetta,2018,30633,600,Vencido,1,0
P000007445,2025-08-05,2026-08-05,Cobertura total,Toyota Corolla,2012,14644,600,Vencido,0,1
P000007446,2024-09-30,2025-09-30,Cobertura total,Honda Civic,2019,33275,500,Vencido,0,1
P000007447,2024-12-07,2025-12-07,Cobertura amplia,Volkswagen Jetta,2015,18729,700,Vencido,1,1
P000007448,2025-06-28,2026-06-28,Cobertura de robo,Chevrolet Cruze,2016,45550,600,Vencido,0,1
P000007449,2024-09-03,2025-09-03,Cobertura de colisión,Toyota Corolla,2012,10976,500,Al día,0,0
P000007450,2021-10-29,2022-10-29,Cobertura amplia,Honda Civic,2021,49639,500,Al día,1,0
P000007451,2021-08-14,2022-08-14,Cobertura total,Toyota Corolla,2020,37715,600,Vencido,0,0
P000007452,2025-09-02,2026-09-02,Responsabilidad civil,Chevrolet Cruze,2020,46846,500,Al día,0,1
P000007453,2021-06-04,2022-06-04,Cobertura de colisión,Hyundai Elantra,2021,28813,500,Al día,1,0
P000007454,2025-06-08,2026-06-08,Cobertura amplia,Honda Civic,2010,10944,500,Vencido,1,0
P000007455,2025-02-17,2026-02-17,Cobertura de robo,Nissan Sentra,2014,11057,600,Al día,0,0
P000007456,2021-06-13,2022-06-13,Cobertura de colisión,Nissan Sentra,2014,18757,500,Al día,1,0
P000007457,2025-10-03,2026-10-03,Cobertura de robo,Subaru Impreza,2010,15821,700,Vencido,1,0
P000007458,2025-12-07,2026-12-07,Cobertura total,Ford Focus,2017,16199,500,Al día,1,0
P000007459,2021-04-28,2022-04-28,Cobertura total,Chevrolet Cruze,2010,22820,700,Vencido,0,0
P000007460,2022-05-20,2023-05-20,Cobertura de colisión,Honda Civic,2021,17768,600,Al día,1,1
P000007461,2025-02-08,2026-02-08,Cobertura total,Honda Civic,2020,47421,600,Al día,1,1
P000007462,2025-04-22,2026-04-22,Responsabilidad civil,Kia Forte,2016,31043,700,Al día,1,1
P000007463,2020-05-13,2021-05-13,Responsabilidad civil,Volkswagen Jetta,2019,21142,700,Al día,1,0
P000007464,2021-10-04,2022-10-04,Cobertura de robo,Toyota Corolla,2018,21637,600,Vencido,0,1
P000007465,2024-02-21,2025-02-20,Cobertura de robo,Hyundai Elantra,2011,42035,500,Vencido,0,0
P000007466,2021-05-01,2022-05-01,Cobertura total,Mazda 3,2010,40963,700,Al día,0,0
P000007467,2024-07-31,2025-07-31,Cobertura total,Hyundai Elantra,2011,45755,500,Al día,1,1
P000007468,2021-03-27,2022-03-27,Cobertura total,Hyundai Elantra,2020,16002,500,Vencido,0,1
P000007469,2021-05-10,2022-05-10,Responsabilidad civil,Honda Civic,2014,48711,600,Vencido,1,0
P000007470,2024-02-22,2025-02-21,Cobertura de colisión,Mazda 3,2013,15671,700,Al día,0,1
P000007471,2023-04-01,2024-03-31,Responsabilidad civil,Toyota Corolla,2021,43068,500,Al día,1,1
P000007472,2020-06-13,2021-06-13,Cobertura de colisión,Subaru Impreza,2017,45999,500,Al día,0,0
P000007473,2025-11-11,2026-11-11,Cobertura amplia,Ford Focus,2014,30933,700,Al día,1,0
P000007474,2021-09-19,2022-09-19,Cobertura amplia,Honda Civic,2010,18130,600,Vencido,1,1
P000007475,2021-04-27,2022-04-27,Responsabilidad civil,Toyota Corolla,2010,49803,700,Al día,0,1
P000007476,2024-03-01,2025-03-01,Responsabilidad civil,Nissan Sentra,2018,23929,700,Vencido,0,1
P000007477,2023-06-02,2024-06-01,Responsabilidad civil,Toyota Corolla,2020,20018,600,Vencido,0,0
P000007478,2024-03-13,2025-03-13,Cobertura total,Hyundai Elantra,2012,13908,600,Vencido,1,1
P000007479,2023-05-27,2024-05-26,Cobertura de colisión,Chevrolet Cruze,2010,45490,600,Vencido,1,0
P000007480,2023-04-19,2024-04-18,Cobertura de robo,Mazda 3,2010,22910,600,Vencido,0,0
P000007481,2025-06-13,2026-06-13,Cobertura de robo,Nissan Sentra,2020,26501,600,Vencido,1,0
P000007482,2020-04-24,2021-04-24,Cobertura amplia,Volkswagen Jetta,2020,25792,500,Al día,0,0
P000007483,2021-08-08,2022-08-08,Cobertura de robo,Nissan Sentra,2013,43391,600,Al día,0,0
P000007484,2021-08-05,2022-08-05,Responsabilidad civil,Chevrolet Cruze,2016,16516,700,Vencido,1,0
P000007485,2024-09-23,2025-09-23,Cobertura total,Toyota Corolla,2014,32470,600,Al día,0,1
P000007486,2020-07-18,2021-07-18,Cobertura total,Chevrolet Cruze,2015,49704,700,Vencido,1,1
P000007487,2023-06-03,2024-06-02,Cobertura amplia,Ford Focus,2011,43415,600,Al día,1,1
P000007488,2023-03-07,2024-03-06,Cobertura total,Subaru Impreza,2022,47224,500,Vencido,0,0
P000007489,2022-06-02,2023-06-02,Cobertura amplia,Honda Civic,2013,27374,600,Vencido,0,1
P000007490,2022-01-19,2023-01-19,Cobertura amplia,Subaru Impreza,2010,27780,500,Al día,1,1
P000007491,2025-06-25,2026-06-25,Cobertura de robo,Toyota Corolla,2014,21326,500,Al día,0,1
P000007492,2020-01-09,2021-01-08,Cobertura total,Honda Civic,2017,25766,700,Vencido,0,1
P000007493,2021-05-16,2022-05-16,Cobertura de colisión,Kia Forte,2012,39622,600,Vencido,1,1
P000007494,2023-11-29,2024-11-28,Cobertura total,Ford Focus,2016,14344,600,Vencido,0,0
P000007495,2020-10-03,2021-10-03,Responsabilidad civil,Subaru Impreza,2012,22972,600,Al día,1,0
P000007496,2020-07-02,2021-07-02,Cobertura amplia,Subaru Impreza,2022,28909,600,Al día,0,0
P000007497,2024-09-06,2025-09-06,Cobertura de colisión,Kia Forte,2015,46676,500,Al día,0,1
P000007498,2025-05-24,2026-05-24,Cobertura de colisión,Ford Focus,2020,22652,700,Vencido,1,0
P000007499,2023-06-22,2024-06-21,Responsabilidad civil,Chevrolet Cruze,2018,41057,600,Vencido,1,0
P000007500,2025-01-26,2026-01-26,Cobertura de colisión,Toyota Corolla,2021,32965,500,Al día,1,1
P000007501,2023-10-15,2024-10-14,Cobertura de robo,Toyota Corolla,2010,36377,600,Vencido,0,0
P000007502,2024-03-25,2025-03-25,Responsabilidad civil,Volkswagen Jetta,2010,21130,500,Vencido,1,0
P000007503,2025-04-30,2026-04-30,Responsabilidad civil,Honda Civic,2012,44871,600,Vencido,1,0
P000007504,2021-06-27,2022-06-27,Cobertura amplia,Hyundai Elantra,2021,20570,600,Al día,1,0
P000007505,2021-07-21,2022-07-21,Cobertura total,Mazda 3,2014,16882,700,Vencido,0,0
P000007506,2025-08-29,2026-08-29,Cobertura de robo,Chevrolet Cruze,2022,27694,500,Vencido,0,0
P000007507,2025-03-02,2026-03-02,Responsabilidad civil,Honda Civic,2020,28334,700,Vencido,1,1
P000007508,2025-01-16,2026-01-16,Cobertura total,Kia Forte,2017,23232,700,Al día,1,1
P000007509,2025-01-13,2026-01-13,Responsabilidad civil,Mazda 3,2018,26470,700,Al día,0,0
P000007510,2021-09-02,2022-09-02,Cobertura de colisión,Ford Focus,2021,27771,600,Al día,1,1
P000007511,2023-08-25,2024-08-24,Cobertura amplia,Toyota Corolla,2015,21997,700,Vencido,1,1
P000007512,2020-12-31,2021-12-31,Cobertura de colisión,Volkswagen Jetta,2014,39354,500,Al día,1,1
P000007513,2024-08-04,2025-08-04,Cobertura amplia,Chevrolet Cruze,2016,33676,600,Al día,0,1
P000007514,2024-05-05,2025-05-05,Responsabilidad civil,Toyota Corolla,2011,49958,500,Al día,1,0
P000007515,2022-08-11,2023-08-11,Responsabilidad civil,Nissan Sentra,2017,29374,700,Al día,0,0
P000007516,2024-06-07,2025-06-07,Responsabilidad civil,Hyundai Elantra,2019,25991,500,Al día,1,1
P000007517,2023-10-20,2024-10-19,Responsabilidad civil,Hyundai Elantra,2015,15750,700,Vencido,1,1
P000007518,2020-07-06,2021-07-06,Cobertura de colisión,Toyota Corolla,2017,39679,700,Vencido,0,0
P000007519,2024-12-19,2025-12-19,Cobertura amplia,Mazda 3,2021,45005,700,Al día,1,0
P000007520,2023-02-10,2024-02-10,Responsabilidad civil,Toyota Corolla,2011,27035,500,Vencido,1,1
P000007521,2020-12-28,2021-12-28,Cobertura total,Toyota Corolla,2010,25025,500,Al día,1,0
P000007522,2021-11-09,2022-11-09,Responsabilidad civil,Hyundai Elantra,2016,13602,700,Vencido,0,1
P000007523,2020-04-11,2021-04-11,Cobertura de colisión,Nissan Sentra,2019,45496,700,Vencido,1,1
P000007524,2023-06-19,2024-06-18,Responsabilidad civil,Kia Forte,2021,33618,700,Vencido,0,1
P000007525,2021-05-22,2022-05-22,Cobertura total,Ford Focus,2010,41818,700,Al día,1,1
P000007526,2020-12-14,2021-12-14,Responsabilidad civil,Subaru Impreza,2018,33294,700,Al día,1,1
P000007527,2022-02-27,2023-02-27,Cobertura amplia,Nissan Sentra,2010,42809,700,Vencido,0,0
P000007528,2020-08-04,2021-08-04,Cobertura amplia,Mazda 3,2014,48423,600,Vencido,1,1
P000007529,2025-11-07,2026-11-07,Cobertura total,Volkswagen Jetta,2017,20064,700,Al día,1,0
P000007530,2022-02-14,2023-02-14,Responsabilidad civil,Kia Forte,2017,21036,600,Vencido,1,0
P000007531,2025-05-03,2026-05-03,Cobertura amplia,Toyota Corolla,2018,34018,700,Vencido,0,0
P000007532,2025-08-20,2026-08-20,Responsabilidad civil,Toyota Corolla,2010,19230,600,Vencido,1,1
P000007533,2020-03-17,2021-03-17,Cobertura de colisión,Chevrolet Cruze,2011,39648,600,Vencido,0,1
P000007534,2021-05-07,2022-05-07,Cobertura de robo,Toyota Corolla,2020,15245,700,Al día,0,1
P000007535,2025-12-18,2026-12-18,Responsabilidad civil,Nissan Sentra,2020,23605,500,Vencido,0,0
P000007536,2022-01-06,2023-01-06,Cobertura total,Toyota Corolla,2019,49330,700,Al día,0,1
P000007537,2020-03-18,2021-03-18,Cobertura de colisión,Toyota Corolla,2020,42667,700,Vencido,0,1
P000007538,2023-01-31,2024-01-31,Responsabilidad civil,Hyundai Elantra,2014,40462,500,Vencido,0,1
P000007539,2022-04-22,2023-04-22,Cobertura de colisión,Honda Civic,2018,46546,700,Al día,1,1
P000007540,2022-10-01,2023-10-01,Cobertura amplia,Honda Civic,2016,11016,700,Al día,1,1
P000007541,2024-12-24,2025-12-24,Cobertura total,Toyota Corolla,2020,43329,700,Al día,1,0
P000007542,2020-12-12,2021-12-12,Cobertura amplia,Volkswagen Jetta,2018,37601,700,Al día,0,1
P000007543,2025-12-25,2026-12-25,Cobertura amplia,Volkswagen Jetta,2019,42734,500,Vencido,0,0
P000007544,2023-08-05,2024-08-04,Responsabilidad civil,Nissan Sentra,2011,16001,600,Vencido,0,1
P000007545,2024-07-03,2025-07-03,Cobertura total,Volkswagen Jetta,2018,33006,500,Vencido,1,1
P000007546,2020-07-03,2021-07-03,Cobertura amplia,Ford Focus,2010,36682,600,Vencido,0,1
P000007547,2025-07-06,2026-07-06,Cobertura de robo,Toyota Corolla,2020,26559,700,Vencido,1,0
P000007548,2020-04-05,2021-04-05,Cobertura total,Hyundai Elantra,2013,20270,600,Al día,0,0
P000007549,2023-10-24,2024-10-23,Cobertura total,Chevrolet Cruze,2018,11340,700,Vencido,1,0
P000007550,2024-11-25,2025-11-25,Cobertura amplia,Kia Forte,2018,15271,600,Al día,1,1
P000007551,2022-01-09,2023-01-09,Cobertura total,Toyota Corolla,2018,41836,700,Vencido,0,0
P000007552,2024-08-26,2025-08-26,Responsabilidad civil,Toyota Corolla,2021,44601,700,Al día,0,1
P000007553,2020-04-08,2021-04-08,Cobertura de robo,Honda Civic,2020,11539,600,Al día,0,1
P000007554,2025-12-02,2026-12-02,Cobertura total,Toyota Corolla,2010,38525,600,Al día,1,0
P000007555,2023-07-23,2024-07-22,Cobertura total,Nissan Sentra,2019,43922,500,Vencido,1,1
P000007556,2024-04-13,2025-04-13,Cobertura total,Chevrolet Cruze,2019,39581,700,Vencido,1,1
P000007557,2022-11-19,2023-11-19,Cobertura total,Toyota Corolla,2012,28465,700,Al día,0,1
P000007558,2021-01-07,2022-01-07,Cobertura total,Ford Focus,2020,41694,600,Al día,0,1
P000007559,2021-04-14,2022-04-14,Cobertura amplia,Honda Civic,2012,32281,500,Al día,0,1
P000007560,2021-02-10,2022-02-10,Cobertura amplia,Nissan Sentra,2016,30353,700,Vencido,0,0
P000007561,2021-11-19,2022-11-19,Cobertura de robo,Mazda 3,2014,34293,600,Vencido,0,0
P000007562,2023-03-14,2024-03-13,Cobertura total,Mazda 3,2010,38725,500,Vencido,0,1
P000007563,2021-08-12,2022-08-12,Responsabilidad civil,Volkswagen Jetta,2012,12906,600,Al día,1,1
P000007564,2022-01-18,2023-01-18,Cobertura total,Kia Forte,2018,19204,600,Al día,0,0
P000007565,2022-11-12,2023-11-12,Cobertura de colisión,Hyundai Elantra,2010,35972,500,Al día,0,0
P000007566,2021-01-02,2022-01-02,Cobertura amplia,Honda Civic,2022,27837,700,Vencido,1,0
P000007567,2021-09-23,2022-09-23,Cobertura de robo,Kia Forte,2012,18709,500,Vencido,1,1
P000007568,2023-06-10,2024-06-09,Cobertura total,Ford Focus,2019,10271,700,Al día,1,1
P000007569,2024-07-26,2025-07-26,Cobertura total,Toyota Corolla,2015,41251,500,Al día,0,1
P000007570,2021-11-24,2022-11-24,Cobertura de colisión,Honda Civic,2020,23518,600,Vencido,1,1
P000007571,2020-08-29,2021-08-29,Cobertura de colisión,Mazda 3,2022,21452,500,Al día,0,0
P000007572,2023-08-25,2024-08-24,Cobertura de robo,Volkswagen Jetta,2020,49631,500,Al día,1,1
P000007573,2022-01-13,2023-01-13,Cobertura de robo,Ford Focus,2019,13652,700,Al día,1,1
P000007574,2020-04-21,2021-04-21,Cobertura de colisión,Mazda 3,2017,27721,600,Vencido,1,1
P000007575,2020-08-27,2021-08-27,Cobertura de robo,Toyota Corolla,2011,27513,700,Vencido,0,1
P000007576,2023-05-05,2024-05-04,Responsabilidad civil,Toyota Corolla,2012,38252,500,Al día,0,0
P000007577,2024-05-16,2025-05-16,Responsabilidad civil,Mazda 3,2021,17678,600,Vencido,1,1
P000007578,2021-02-08,2022-02-08,Responsabilidad civil,Honda Civic,2020,40966,600,Al día,1,1
P000007579,2023-08-03,2024-08-02,Responsabilidad civil,Hyundai Elantra,2014,43682,500,Al día,0,0
P000007580,2021-08-06,2022-08-06,Responsabilidad civil,Toyota Corolla,2010,23269,600,Al día,1,0
P000007581,2024-08-17,2025-08-17,Responsabilidad civil,Kia Forte,2019,22696,700,Al día,0,0
P000007582,2023-08-20,2024-08-19,Cobertura amplia,Volkswagen Jetta,2012,33101,500,Al día,1,1
P000007583,2022-11-22,2023-11-22,Responsabilidad civil,Chevrolet Cruze,2016,21918,600,Vencido,1,0
P000007584,2024-03-18,2025-03-18,Responsabilidad civil,Hyundai Elantra,2016,30068,700,Al día,0,1
P000007585,2021-05-10,2022-05-10,Cobertura de robo,Nissan Sentra,2015,16160,600,Vencido,0,0
P000007586,2020-07-31,2021-07-31,Cobertura de robo,Nissan Sentra,2020,12570,600,Al día,0,1
P000007587,2022-04-09,2023-04-09,Cobertura amplia,Nissan Sentra,2013,45750,600,Al día,0,0
P000007588,2022-09-08,2023-09-08,Responsabilidad civil,Honda Civic,2019,28955,600,Al día,1,0
P000007589,2022-08-26,2023-08-26,Cobertura amplia,Ford Focus,2019,32552,700,Al día,0,1
P000007590,2025-07-12,2026-07-12,Cobertura total,Honda Civic,2018,20243,700,Vencido,1,0
P000007591,2025-09-14,2026-09-14,Cobertura de robo,Kia Forte,2011,39970,600,Al día,0,1
P000007592,2025-08-28,2026-08-28,Cobertura amplia,Hyundai Elantra,2022,16962,500,Vencido,1,1
P000007593,2024-04-26,2025-04-26,Responsabilidad civil,Ford Focus,2020,17859,500,Al día,0,1
P000007594,2021-04-16,2022-04-16,Cobertura amplia,Honda Civic,2011,44755,700,Al día,1,1
P000007595,2023-01-08,2024-01-08,Cobertura de colisión,Chevrolet Cruze,2014,42915,500,Al día,1,1
P000007596,2020-09-05,2021-09-05,Cobertura de colisión,Kia Forte,2012,13737,600,Al día,0,0
P000007597,2023-07-27,2024-07-26,Cobertura de colisión,Volkswagen Jetta,2017,26569,600,Vencido,0,0
P000007598,2025-03-18,2026-03-18,Cobertura de colisión,Ford Focus,2022,33528,700,Vencido,0,1
P000007599,2024-07-25,2025-07-25,Cobertura total,Nissan Sentra,2022,48616,600,Vencido,0,0
P000007600,2020-09-25,2021-09-25,Responsabilidad civil,Toyota Corolla,2021,41694,500,Vencido,0,1
P000007601,2025-06-06,2026-06-06,Responsabilidad civil,Chevrolet Cruze,2010,35844,700,Al día,1,1
P000007602,2020-04-28,2021-04-28,Cobertura de colisión,Kia Forte,2014,42744,700,Vencido,0,0
P000007603,2024-07-27,2025-07-27,Cobertura amplia,Nissan Sentra,2015,15300,700,Al día,1,1
P000007604,2022-08-15,2023-08-15,Cobertura total,Hyundai Elantra,2017,26525,600,Vencido,0,1
P000007605,2020-03-17,2021-03-17,Cobertura de robo,Ford Focus,2012,38983,600,Al día,0,1
P000007606,2023-01-07,2024-01-07,Cobertura de robo,Nissan Sentra,2013,47453,500,Vencido,0,0
P000007607,2021-02-19,2022-02-19,Cobertura total,Ford Focus,2014,42893,600,Al día,1,0
P000007608,2022-10-05,2023-10-05,Responsabilidad civil,Ford Focus,2017,15477,500,Al día,0,1
P000007609,2021-05-29,2022-05-29,Responsabilidad civil,Honda Civic,2022,47123,600,Al día,1,0
P000007610,2023-06-01,2024-05-31,Cobertura amplia,Volkswagen Jetta,2019,42766,700,Al día,1,0
P000007611,2024-07-24,2025-07-24,Cobertura de colisión,Hyundai Elantra,2011,16843,700,Al día,1,0
P000007612,2024-12-31,2025-12-31,Responsabilidad civil,Honda Civic,2014,14741,600,Al día,1,1
P000007613,2020-12-09,2021-12-09,Cobertura total,Toyota Corolla,2022,22641,500,Al día,0,1
P000007614,2025-08-11,2026-08-11,Cobertura total,Hyundai Elantra,2012,29243,500,Vencido,0,0
P000007615,2022-04-13,2023-04-13,Responsabilidad civil,Honda Civic,2014,23311,600,Al día,0,0
P000007616,2021-08-06,2022-08-06,Cobertura amplia,Toyota Corolla,2022,44118,700,Vencido,0,1
P000007617,2024-03-09,2025-03-09,Cobertura total,Hyundai Elantra,2015,19652,700,Vencido,0,1
P000007618,2021-11-19,2022-11-19,Responsabilidad civil,Ford Focus,2012,22143,700,Al día,1,1
P000007619,2022-10-01,2023-10-01,Cobertura total,Toyota Corolla,2021,20371,700,Vencido,1,1
P000007620,2024-10-01,2025-10-01,Cobertura de colisión,Ford Focus,2020,24144,500,Vencido,1,1
P000007621,2025-01-24,2026-01-24,Cobertura amplia,Honda Civic,2013,31364,700,Al día,1,0
P000007622,2020-06-20,2021-06-20,Cobertura total,Nissan Sentra,2020,22475,700,Vencido,0,1
P000007623,2020-01-05,2021-01-04,Cobertura de colisión,Hyundai Elantra,2014,44031,500,Vencido,0,1
P000007624,2025-03-18,2026-03-18,Cobertura de robo,Toyota Corolla,2014,44806,600,Al día,0,0
P000007625,2023-03-30,2024-03-29,Cobertura de robo,Ford Focus,2010,16698,500,Vencido,0,0
P000007626,2021-11-16,2022-11-16,Cobertura de robo,Toyota Corolla,2021,25277,600,Vencido,0,1
P000007627,2020-01-03,2021-01-02,Cobertura total,Toyota Corolla,2011,13251,700,Al día,0,1
P000007628,2020-09-03,2021-09-03,Cobertura total,Subaru Impreza,2010,11969,700,Vencido,0,0
P000007629,2025-05-29,2026-05-29,Cobertura amplia,Honda Civic,2010,41435,500,Al día,0,0
P000007630,2023-01-24,2024-01-24,Cobertura de robo,Volkswagen Jetta,2014,40382,700,Al día,1,0
P000007631,2022-10-24,2023-10-24,Cobertura de robo,Kia Forte,2012,36390,700,Vencido,0,1
P000007632,2024-04-06,2025-04-06,Cobertura total,Honda Civic,2013,12113,500,Al día,0,1
P000007633,2023-12-10,2024-12-09,Cobertura total,Mazda 3,2022,22506,600,Al día,0,0
P000007634,2022-05-21,2023-05-21,Responsabilidad civil,Hyundai Elantra,2016,14900,500,Al día,1,1
P000007635,2025-09-21,2026-09-21,Cobertura de colisión,Mazda 3,2013,28089,700,Vencido,0,0
P000007636,2023-02-26,2024-02-26,Cobertura de colisión,Toyota Corolla,2015,15542,700,Al día,0,0
P000007637,2020-07-05,2021-07-05,Responsabilidad civil,Hyundai Elantra,2013,45728,700,Vencido,1,0
P000007638,2021-10-23,2022-10-23,Cobertura total,Nissan Sentra,2011,34027,600,Al día,1,1
P000007639,2025-12-27,2026-12-27,Cobertura total,Kia Forte,2019,40651,500,Al día,0,1
P000007640,2020-10-13,2021-10-13,Cobertura total,Nissan Sentra,2010,36713,500,Al día,0,1
P000007641,2023-05-16,2024-05-15,Responsabilidad civil,Nissan Sentra,2019,27487,700,Vencido,0,0
P000007642,2021-01-02,2022-01-02,Cobertura amplia,Chevrolet Cruze,2018,34016,600,Al día,1,1
P000007643,2024-06-07,2025-06-07,Cobertura de colisión,Volkswagen Jetta,2010,13038,700,Al día,0,1
P000007644,2021-05-18,2022-05-18,Cobertura de robo,Honda Civic,2017,46130,600,Vencido,0,0
P000007645,2021-07-26,2022-07-26,Responsabilidad civil,Ford Focus,2012,33554,600,Vencido,1,0
P000007646,2023-02-18,2024-02-18,Cobertura de colisión,Toyota Corolla,2021,43822,500,Al día,0,1
P000007647,2024-11-04,2025-11-04,Cobertura de colisión,Toyota Corolla,2010,24583,500,Al día,1,1
P000007648,2022-05-13,2023-05-13,Cobertura amplia,Kia Forte,2013,36896,500,Al día,1,1
P000007649,2025-08-29,2026-08-29,Cobertura total,Honda Civic,2021,17802,600,Al día,0,0
P000007650,2023-07-27,2024-07-26,Responsabilidad civil,Kia Forte,2018,46752,700,Al día,0,0
P000007651,2023-11-04,2024-11-03,Cobertura total,Hyundai Elantra,2015,32804,500,Al día,1,0
P000007652,2022-12-06,2023-12-06,Cobertura de robo,Honda Civic,2014,39767,600,Vencido,0,0
P000007653,2025-01-28,2026-01-28,Cobertura total,Volkswagen Jetta,2020,24927,600,Vencido,0,0
P000007654,2023-01-23,2024-01-23,Cobertura de colisión,Volkswagen Jetta,2013,36231,500,Al día,0,1
P000007655,2022-10-04,2023-10-04,Cobertura amplia,Hyundai Elantra,2018,13387,500,Al día,0,0
P000007656,2023-08-10,2024-08-09,Cobertura amplia,Hyundai Elantra,2017,24227,700,Al día,0,1
P000007657,2023-10-31,2024-10-30,Cobertura amplia,Toyota Corolla,2017,33531,500,Al día,0,0
P000007658,2022-05-12,2023-05-12,Cobertura amplia,Ford Focus,2019,37638,700,Vencido,0,1
P000007659,2025-02-26,2026-02-26,Cobertura total,Toyota Corolla,2019,14417,600,Al día,0,1
P000007660,2023-09-07,2024-09-06,Cobertura total,Subaru Impreza,2010,10436,700,Al día,1,1
P000007661,2020-03-06,2021-03-06,Cobertura de colisión,Nissan Sentra,2017,33484,500,Vencido,1,0
P000007662,2021-07-01,2022-07-01,Cobertura amplia,Kia Forte,2014,16763,700,Vencido,0,0
P000007663,2020-01-09,2021-01-08,Cobertura total,Subaru Impreza,2012,26542,500,Vencido,1,0
P000007664,2025-05-05,2026-05-05,Cobertura de robo,Volkswagen Jetta,2019,30214,500,Vencido,1,0
P000007665,2020-01-18,2021-01-17,Cobertura de robo,Honda Civic,2014,45548,700,Vencido,1,1
P000007666,2020-02-09,2021-02-08,Cobertura de colisión,Hyundai Elantra,2019,49559,700,Al día,1,0
P000007667,2021-12-11,2022-12-11,Cobertura amplia,Toyota Corolla,2011,37577,600,Al día,1,0
P000007668,2024-08-19,2025-08-19,Cobertura total,Honda Civic,2013,30013,500,Al día,0,1
P000007669,2025-06-25,2026-06-25,Cobertura de robo,Volkswagen Jetta,2015,48834,600,Vencido,0,1
P000007670,2024-05-27,2025-05-27,Responsabilidad civil,Toyota Corolla,2018,17711,600,Vencido,1,0
P000007671,2020-11-28,2021-11-28,Cobertura de robo,Toyota Corolla,2013,35095,500,Vencido,0,0
P000007672,2020-11-13,2021-11-13,Cobertura amplia,Chevrolet Cruze,2014,32359,500,Al día,1,0
P000007673,2020-05-06,2021-05-06,Cobertura de colisión,Toyota Corolla,2013,34423,600,Al día,0,0
P000007674,2024-12-28,2025-12-28,Cobertura de colisión,Hyundai Elantra,2010,36845,500,Vencido,0,1
P000007675,2021-05-20,2022-05-20,Cobertura amplia,Kia Forte,2017,31584,500,Vencido,0,0
P000007676,2023-12-16,2024-12-15,Responsabilidad civil,Hyundai Elantra,2012,37735,700,Al día,0,1
P000007677,2024-03-21,2025-03-21,Cobertura amplia,Hyundai Elantra,2011,22266,500,Vencido,0,0
P000007678,2024-01-06,2025-01-05,Cobertura total,Honda Civic,2017,18136,600,Al día,0,1
P000007679,2024-05-03,2025-05-03,Responsabilidad civil,Volkswagen Jetta,2019,31031,500,Al día,0,0
P000007680,2021-12-26,2022-12-26,Responsabilidad civil,Subaru Impreza,2013,19018,700,Vencido,1,1
P000007681,2020-02-04,2021-02-03,Cobertura total,Toyota Corolla,2020,38111,500,Vencido,0,1
P000007682,2021-05-26,2022-05-26,Responsabilidad civil,Kia Forte,2022,42059,600,Al día,1,0
P000007683,2025-03-10,2026-03-10,Cobertura de robo,Ford Focus,2017,42919,500,Al día,1,0
P000007684,2024-02-26,2025-02-25,Cobertura de robo,Toyota Corolla,2012,29405,700,Al día,0,0
P000007685,2022-03-01,2023-03-01,Cobertura de colisión,Toyota Corolla,2021,48819,600,Vencido,1,0
P000007686,2024-12-25,2025-12-25,Responsabilidad civil,Nissan Sentra,2015,32715,600,Al día,1,0
P000007687,2020-02-08,2021-02-07,Responsabilidad civil,Kia Forte,2020,30832,600,Al día,1,0
P000007688,2022-06-26,2023-06-26,Cobertura de colisión,Ford Focus,2012,10903,600,Vencido,0,1
P000007689,2020-03-22,2021-03-22,Cobertura total,Chevrolet Cruze,2021,36943,500,Vencido,0,1
P000007690,2023-02-25,2024-02-25,Cobertura de robo,Hyundai Elantra,2010,14105,700,Al día,0,1
P000007691,2024-01-05,2025-01-04,Cobertura total,Mazda 3,2011,48473,700,Al día,0,0
P000007692,2022-02-23,2023-02-23,Cobertura amplia,Nissan Sentra,2013,16209,700,Vencido,1,0
P000007693,2021-01-03,2022-01-03,Cobertura amplia,Toyota Corolla,2012,35388,600,Al día,1,0
P000007694,2023-05-26,2024-05-25,Cobertura amplia,Chevrolet Cruze,2016,37062,600,Al día,1,0
P000007695,2022-06-24,2023-06-24,Cobertura de colisión,Toyota Corolla,2016,27356,500,Vencido,0,0
P000007696,2022-08-17,2023-08-17,Cobertura de colisión,Kia Forte,2016,30111,500,Vencido,0,1
P000007697,2025-07-15,2026-07-15,Cobertura de robo,Chevrolet Cruze,2011,16979,700,Al día,1,0
P000007698,2024-01-26,2025-01-25,Cobertura de robo,Toyota Corolla,2020,22974,600,Vencido,0,1
P000007699,2020-05-30,2021-05-30,Cobertura total,Toyota Corolla,2017,38376,700,Al día,1,1
P000007700,2023-02-23,2024-02-23,Cobertura total,Hyundai Elantra,2015,11400,600,Vencido,0,0
P000007701,2025-07-11,2026-07-11,Cobertura amplia,Hyundai Elantra,2018,43136,500,Vencido,1,0
P000007702,2022-05-06,2023-05-06,Responsabilidad civil,Volkswagen Jetta,2015,23088,700,Vencido,0,0
P000007703,2020-01-30,2021-01-29,Cobertura de robo,Hyundai Elantra,2017,28960,600,Vencido,0,1
P000007704,2022-03-14,2023-03-14,Cobertura de robo,Toyota Corolla,2019,14216,700,Vencido,0,0
P000007705,2024-06-10,2025-06-10,Cobertura de robo,Nissan Sentra,2018,33212,700,Vencido,0,0
P000007706,2021-03-30,2022-03-30,Cobertura de robo,Mazda 3,2016,28827,600,Vencido,1,1
P000007707,2023-02-10,2024-02-10,Cobertura de robo,Chevrolet Cruze,2015,29933,500,Vencido,0,1
P000007708,2025-08-11,2026-08-11,Cobertura de colisión,Volkswagen Jetta,2014,22729,500,Vencido,0,1
P000007709,2025-07-16,2026-07-16,Cobertura de colisión,Hyundai Elantra,2017,20733,600,Vencido,1,1
P000007710,2021-11-29,2022-11-29,Cobertura amplia,Ford Focus,2010,39567,700,Al día,1,0
P000007711,2022-03-04,2023-03-04,Cobertura de robo,Chevrolet Cruze,2014,29900,700,Vencido,1,1
P000007712,2021-12-19,2022-12-19,Cobertura total,Subaru Impreza,2017,16618,500,Al día,1,1
P000007713,2020-09-24,2021-09-24,Cobertura de colisión,Mazda 3,2020,23616,600,Vencido,0,1
P000007714,2021-06-09,2022-06-09,Cobertura total,Ford Focus,2018,45844,500,Vencido,0,1
P000007715,2020-09-23,2021-09-23,Responsabilidad civil,Chevrolet Cruze,2016,45229,500,Vencido,0,1
P000007716,2021-06-05,2022-06-05,Responsabilidad civil,Volkswagen Jetta,2019,23788,600,Al día,0,1
P000007717,2022-11-29,2023-11-29,Cobertura de robo,Nissan Sentra,2016,41912,700,Al día,1,0
P000007718,2022-07-22,2023-07-22,Responsabilidad civil,Chevrolet Cruze,2022,33246,700,Al día,1,1
P000007719,2025-11-12,2026-11-12,Cobertura de robo,Chevrolet Cruze,2011,48004,500,Al día,0,0
P000007720,2023-01-28,2024-01-28,Cobertura total,Toyota Corolla,2010,14651,500,Al día,1,0
P000007721,2022-02-24,2023-02-24,Cobertura amplia,Toyota Corolla,2018,26511,600,Vencido,1,0
P000007722,2020-04-04,2021-04-04,Cobertura amplia,Honda Civic,2017,11429,600,Al día,0,0
P000007723,2025-12-22,2026-12-22,Cobertura total,Honda Civic,2019,11060,600,Al día,1,1
P000007724,2022-11-01,2023-11-01,Cobertura de colisión,Toyota Corolla,2019,33590,700,Vencido,1,0
P000007725,2025-02-02,2026-02-02,Cobertura de robo,Kia Forte,2017,18486,600,Vencido,0,0
P000007726,2020-01-09,2021-01-08,Responsabilidad civil,Honda Civic,2020,16703,600,Vencido,0,1
P000007727,2024-10-15,2025-10-15,Responsabilidad civil,Honda Civic,2018,16864,500,Vencido,1,0
P000007728,2020-07-31,2021-07-31,Cobertura amplia,Toyota Corolla,2022,24672,500,Al día,0,1
P000007729,2023-08-16,2024-08-15,Responsabilidad civil,Kia Forte,2015,17441,500,Al día,0,1
P000007730,2024-11-06,2025-11-06,Cobertura amplia,Nissan Sentra,2016,34209,500,Al día,0,0
P000007731,2024-07-24,2025-07-24,Responsabilidad civil,Kia Forte,2015,16940,600,Al día,0,1
P000007732,2023-01-27,2024-01-27,Responsabilidad civil,Toyota Corolla,2015,43439,700,Vencido,1,0
P000007733,2021-05-13,2022-05-13,Cobertura amplia,Nissan Sentra,2021,31007,600,Vencido,0,0
P000007734,2025-10-23,2026-10-23,Cobertura total,Toyota Corolla,2016,11565,500,Vencido,1,1
P000007735,2025-03-26,2026-03-26,Cobertura amplia,Nissan Sentra,2011,17565,700,Al día,0,1
P000007736,2025-07-22,2026-07-22,Cobertura de robo,Hyundai Elantra,2011,26428,700,Al día,0,0
P000007737,2024-01-20,2025-01-19,Cobertura de robo,Volkswagen Jetta,2011,23477,500,Vencido,0,1
P000007738,2025-10-19,2026-10-19,Responsabilidad civil,Hyundai Elantra,2019,10492,600,Al día,1,0
P000007739,2020-06-27,2021-06-27,Responsabilidad civil,Volkswagen Jetta,2016,29966,600,Vencido,1,0
P000007740,2022-07-08,2023-07-08,Cobertura total,Volkswagen Jetta,2013,18652,700,Al día,1,1
P000007741,2020-07-11,2021-07-11,Cobertura de robo,Honda Civic,2016,23471,600,Al día,0,1
P000007742,2023-02-12,2024-02-12,Responsabilidad civil,Hyundai Elantra,2017,43517,700,Al día,0,0
P000007743,2024-09-16,2025-09-16,Cobertura total,Toyota Corolla,2022,46100,500,Al día,0,1
P000007744,2025-12-20,2026-12-20,Responsabilidad civil,Honda Civic,2014,40344,500,Al día,1,1
P000007745,2025-01-12,2026-01-12,Cobertura de robo,Toyota Corolla,2014,39927,600,Vencido,0,0
P000007746,2023-07-19,2024-07-18,Cobertura amplia,Volkswagen Jetta,2014,30750,600,Al día,0,1
P000007747,2020-01-22,2021-01-21,Cobertura de colisión,Honda Civic,2013,32746,500,Al día,1,0
P000007748,2024-05-24,2025-05-24,Cobertura amplia,Volkswagen Jetta,2012,34849,500,Vencido,0,0
P000007749,2022-03-08,2023-03-08,Cobertura amplia,Mazda 3,2021,37765,500,Al día,0,1
P000007750,2023-10-02,2024-10-01,Responsabilidad civil,Kia Forte,2012,27215,500,Vencido,0,1
P000007751,2020-12-01,2021-12-01,Cobertura total,Toyota Corolla,2019,15080,600,Vencido,1,1
P000007752,2020-04-13,2021-04-13,Cobertura amplia,Ford Focus,2022,38293,700,Vencido,1,0
P000007753,2022-07-13,2023-07-13,Responsabilidad civil,Ford Focus,2018,37135,700,Vencido,1,0
P000007754,2024-10-01,2025-10-01,Cobertura de robo,Chevrolet Cruze,2013,34467,700,Vencido,1,0
P000007755,2020-10-31,2021-10-31,Cobertura de robo,Ford Focus,2013,46259,700,Al día,1,1
P000007756,2022-10-20,2023-10-20,Cobertura total,Hyundai Elantra,2014,35616,700,Al día,0,1
P000007757,2022-03-17,2023-03-17,Cobertura de robo,Chevrolet Cruze,2020,48247,500,Vencido,1,0
P000007758,2021-11-04,2022-11-04,Cobertura de colisión,Chevrolet Cruze,2020,14787,500,Vencido,0,1
P000007759,2023-09-10,2024-09-09,Cobertura amplia,Toyota Corolla,2022,45651,600,Vencido,0,0
P000007760,2023-06-27,2024-06-26,Cobertura amplia,Subaru Impreza,2016,49304,700,Al día,0,1
P000007761,2020-09-14,2021-09-14,Cobertura de robo,Volkswagen Jetta,2011,24083,500,Al día,0,1
P000007762,2021-01-31,2022-01-31,Cobertura total,Honda Civic,2010,23850,600,Vencido,0,0
P000007763,2020-04-24,2021-04-24,Cobertura total,Ford Focus,2011,10852,500,Al día,1,0
P000007764,2025-05-19,2026-05-19,Cobertura de colisión,Chevrolet Cruze,2010,47957,600,Al día,0,1
P000007765,2024-11-04,2025-11-04,Cobertura amplia,Honda Civic,2012,43379,700,Vencido,1,1
P000007766,2020-04-08,2021-04-08,Cobertura de robo,Kia Forte,2017,29310,700,Vencido,0,1
P000007767,2023-10-01,2024-09-30,Cobertura de colisión,Subaru Impreza,2014,27640,700,Vencido,0,1
P000007768,2022-10-22,2023-10-22,Responsabilidad civil,Nissan Sentra,2018,32714,600,Vencido,0,0
P000007769,2022-10-09,2023-10-09,Responsabilidad civil,Honda Civic,2021,39790,500,Vencido,0,1
P000007770,2021-03-17,2022-03-17,Cobertura amplia,Honda Civic,2011,16702,500,Vencido,0,0
P000007771,2025-04-23,2026-04-23,Cobertura total,Kia Forte,2018,11045,500,Al día,1,0
P000007772,2022-09-03,2023-09-03,Cobertura de colisión,Honda Civic,2013,23618,600,Al día,1,0
P000007773,2023-10-27,2024-10-26,Responsabilidad civil,Hyundai Elantra,2018,23988,600,Vencido,0,0
P000007774,2020-08-10,2021-08-10,Responsabilidad civil,Hyundai Elantra,2022,31886,700,Vencido,1,0
P000007775,2023-09-28,2024-09-27,Responsabilidad civil,Honda Civic,2020,39966,500,Vencido,0,1
P000007776,2025-10-29,2026-10-29,Responsabilidad civil,Toyota Corolla,2010,29650,500,Al día,1,0
P000007777,2022-08-27,2023-08-27,Cobertura total,Ford Focus,2017,19514,500,Vencido,0,0
P000007778,2020-10-25,2021-10-25,Cobertura de robo,Honda Civic,2018,31146,700,Vencido,1,1
P000007779,2024-12-01,2025-12-01,Cobertura amplia,Ford Focus,2014,11565,700,Vencido,0,0
P000007780,2021-01-26,2022-01-26,Cobertura amplia,Chevrolet Cruze,2016,40550,600,Vencido,1,1
P000007781,2025-01-02,2026-01-02,Cobertura de colisión,Toyota Corolla,2010,28751,500,Al día,1,1
P000007782,2021-05-26,2022-05-26,Responsabilidad civil,Nissan Sentra,2013,13588,700,Al día,1,1
P000007783,2020-12-16,2021-12-16,Cobertura de colisión,Ford Focus,2019,13132,500,Vencido,1,0
P000007784,2020-09-05,2021-09-05,Cobertura total,Subaru Impreza,2018,47067,700,Al día,1,0
P000007785,2020-05-16,2021-05-16,Cobertura total,Kia Forte,2014,13457,500,Vencido,0,0
P000007786,2024-03-25,2025-03-25,Cobertura amplia,Toyota Corolla,2015,30092,600,Al día,0,1
P000007787,2023-07-07,2024-07-06,Cobertura de robo,Honda Civic,2015,18987,500,Vencido,0,0
P000007788,2020-09-23,2021-09-23,Cobertura de robo,Kia Forte,2011,27695,600,Vencido,1,0
P000007789,2021-06-06,2022-06-06,Cobertura de colisión,Toyota Corolla,2022,42361,500,Vencido,1,1
P000007790,2020-09-10,2021-09-10,Cobertura de colisión,Toyota Corolla,2011,10199,600,Vencido,1,1
P000007791,2024-12-15,2025-12-15,Cobertura de robo,Mazda 3,2010,33094,500,Al día,0,0
P000007792,2020-08-12,2021-08-12,Cobertura de robo,Toyota Corolla,2012,11592,700,Vencido,0,1
P000007793,2023-05-19,2024-05-18,Cobertura total,Honda Civic,2017,34354,700,Vencido,0,1
P000007794,2024-11-03,2025-11-03,Responsabilidad civil,Ford Focus,2010,35529,500,Vencido,1,0
P000007795,2020-09-26,2021-09-26,Cobertura total,Volkswagen Jetta,2018,44499,700,Vencido,1,1
P000007796,2021-02-21,2022-02-21,Cobertura de robo,Honda Civic,2010,37859,600,Al día,1,0
P000007797,2020-08-16,2021-08-16,Cobertura amplia,Toyota Corolla,2010,29577,600,Al día,1,1
P000007798,2020-08-01,2021-08-01,Cobertura amplia,Toyota Corolla,2022,34600,600,Vencido,0,0
P000007799,2023-04-22,2024-04-21,Cobertura de robo,Nissan Sentra,2011,48955,500,Vencido,0,0
P000007800,2024-04-11,2025-04-11,Responsabilidad civil,Volkswagen Jetta,2021,36947,500,Al día,1,0
P000007801,2024-07-03,2025-07-03,Cobertura de colisión,Subaru Impreza,2019,41989,700,Vencido,1,0
P000007802,2021-01-27,2022-01-27,Cobertura de colisión,Nissan Sentra,2015,40946,700,Vencido,0,0
P000007803,2024-08-10,2025-08-10,Cobertura amplia,Kia Forte,2020,41354,500,Vencido,1,0
P000007804,2022-08-12,2023-08-12,Cobertura total,Chevrolet Cruze,2020,31141,700,Al día,1,0
P000007805,2020-02-13,2021-02-12,Cobertura de robo,Volkswagen Jetta,2011,48036,500,Vencido,1,1
P000007806,2025-01-31,2026-01-31,Cobertura total,Toyota Corolla,2010,20330,600,Al día,1,0
P000007807,2024-04-21,2025-04-21,Responsabilidad civil,Ford Focus,2015,20772,700,Vencido,0,1
P000007808,2025-03-16,2026-03-16,Cobertura amplia,Volkswagen Jetta,2017,17508,500,Al día,1,0
P000007809,2024-10-19,2025-10-19,Cobertura de robo,Nissan Sentra,2018,40810,600,Al día,0,1
P000007810,2021-02-18,2022-02-18,Cobertura de robo,Toyota Corolla,2012,35381,700,Al día,0,0
P000007811,2023-10-23,2024-10-22,Responsabilidad civil,Nissan Sentra,2011,36852,500,Vencido,1,1
P000007812,2020-04-16,2021-04-16,Cobertura de robo,Toyota Corolla,2011,13511,600,Al día,1,1
P000007813,2025-02-02,2026-02-02,Cobertura amplia,Honda Civic,2015,14482,500,Al día,1,1
P000007814,2025-10-19,2026-10-19,Cobertura amplia,Subaru Impreza,2011,29202,700,Al día,1,0
P000007815,2023-09-06,2024-09-05,Cobertura de robo,Ford Focus,2015,18617,500,Vencido,1,0
P000007816,2022-02-27,2023-02-27,Cobertura amplia,Hyundai Elantra,2020,14261,500,Vencido,1,1
P000007817,2021-03-18,2022-03-18,Cobertura amplia,Chevrolet Cruze,2019,46589,600,Vencido,0,0
P000007818,2021-02-24,2022-02-24,Cobertura de robo,Chevrolet Cruze,2022,25529,600,Vencido,0,0
P000007819,2020-02-20,2021-02-19,Cobertura total,Hyundai Elantra,2012,24090,700,Vencido,0,0
P000007820,2020-10-03,2021-10-03,Cobertura de robo,Nissan Sentra,2012,14830,600,Al día,0,1
P000007821,2022-03-04,2023-03-04,Cobertura de colisión,Honda Civic,2018,24535,600,Vencido,0,1
P000007822,2021-05-31,2022-05-31,Cobertura de colisión,Toyota Corolla,2019,42130,700,Al día,1,0
P000007823,2025-09-15,2026-09-15,Cobertura de colisión,Volkswagen Jetta,2011,27506,600,Al día,0,0
P000007824,2022-11-15,2023-11-15,Cobertura de colisión,Volkswagen Jetta,2011,20970,700,Vencido,1,1
P000007825,2023-12-26,2024-12-25,Cobertura de colisión,Honda Civic,2011,31542,600,Al día,0,1
P000007826,2024-09-20,2025-09-20,Cobertura de robo,Mazda 3,2011,11568,500,Al día,0,1
P000007827,2025-05-25,2026-05-25,Cobertura amplia,Nissan Sentra,2018,43177,500,Al día,1,1
P000007828,2024-12-26,2025-12-26,Responsabilidad civil,Mazda 3,2020,49680,600,Vencido,0,0
P000007829,2022-01-31,2023-01-31,Responsabilidad civil,Ford Focus,2022,17598,600,Al día,1,1
P000007830,2022-09-22,2023-09-22,Cobertura total,Toyota Corolla,2010,26050,500,Al día,0,1
P000007831,2021-07-17,2022-07-17,Cobertura de colisión,Chevrolet Cruze,2015,23840,700,Al día,0,1
P000007832,2020-06-29,2021-06-29,Cobertura de colisión,Honda Civic,2016,37495,500,Vencido,0,0
P000007833,2020-09-04,2021-09-04,Cobertura total,Toyota Corolla,2020,44315,500,Vencido,0,0
P000007834,2021-06-06,2022-06-06,Cobertura de robo,Volkswagen Jetta,2019,39203,500,Al día,0,1
P000007835,2023-06-30,2024-06-29,Cobertura total,Toyota Corolla,2019,16653,600,Al día,1,0
P000007836,2024-11-20,2025-11-20,Cobertura de colisión,Hyundai Elantra,2010,15255,500,Vencido,1,1
P000007837,2025-10-02,2026-10-02,Responsabilidad civil,Honda Civic,2012,14275,500,Vencido,0,1
P000007838,2024-01-05,2025-01-04,Cobertura de robo,Toyota Corolla,2021,28093,700,Vencido,1,1
P000007839,2023-06-28,2024-06-27,Cobertura total,Hyundai Elantra,2011,44187,700,Vencido,0,1
P000007840,2021-08-19,2022-08-19,Responsabilidad civil,Mazda 3,2011,49409,700,Vencido,0,0
P000007841,2021-08-26,2022-08-26,Cobertura de colisión,Chevrolet Cruze,2013,13894,500,Al día,0,0
P000007842,2025-04-07,2026-04-07,Responsabilidad civil,Honda Civic,2018,28503,700,Vencido,0,1
P000007843,2023-06-18,2024-06-17,Cobertura amplia,Toyota Corolla,2020,39628,500,Vencido,1,0
P000007844,2023-11-05,2024-11-04,Cobertura de colisión,Nissan Sentra,2014,31019,500,Al día,0,1
P000007845,2023-04-07,2024-04-06,Responsabilidad civil,Nissan Sentra,2020,25668,500,Vencido,1,0
P000007846,2024-02-19,2025-02-18,Cobertura de colisión,Ford Focus,2018,10320,500,Al día,1,1
P000007847,2020-02-03,2021-02-02,Cobertura de colisión,Honda Civic,2017,34621,600,Al día,1,1
P000007848,2025-10-21,2026-10-21,Cobertura amplia,Toyota Corolla,2011,30588,500,Vencido,0,0
P000007849,2021-08-15,2022-08-15,Cobertura de colisión,Nissan Sentra,2017,28198,700,Vencido,0,1
P000007850,2020-08-22,2021-08-22,Responsabilidad civil,Honda Civic,2014,45301,700,Vencido,0,0
P000007851,2022-08-30,2023-08-30,Cobertura de robo,Toyota Corolla,2018,26597,700,Al día,1,0
P000007852,2025-09-08,2026-09-08,Cobertura de colisión,Ford Focus,2021,20064,700,Al día,0,0
P000007853,2020-08-11,2021-08-11,Cobertura de robo,Toyota Corolla,2010,16948,500,Al día,1,1
P000007854,2024-09-24,2025-09-24,Cobertura amplia,Volkswagen Jetta,2010,10712,600,Vencido,1,0
P000007855,2023-11-09,2024-11-08,Cobertura total,Kia Forte,2014,43909,600,Al día,0,0
P000007856,2022-03-11,2023-03-11,Responsabilidad civil,Toyota Corolla,2021,47489,500,Vencido,0,0
P000007857,2022-03-31,2023-03-31,Cobertura de robo,Kia Forte,2019,19187,600,Al día,0,1
P000007858,2022-04-04,2023-04-04,Cobertura de colisión,Toyota Corolla,2019,13035,600,Al día,1,1
P000007859,2020-10-07,2021-10-07,Cobertura total,Volkswagen Jetta,2015,49601,500,Al día,0,1
P000007860,2023-10-30,2024-10-29,Cobertura de robo,Kia Forte,2019,48320,500,Al día,1,1
P000007861,2022-02-14,2023-02-14,Cobertura amplia,Ford Focus,2016,31056,500,Vencido,0,1
P000007862,2025-05-02,2026-05-02,Responsabilidad civil,Honda Civic,2017,46074,700,Vencido,1,0
P000007863,2025-03-29,2026-03-29,Cobertura total,Honda Civic,2020,40966,700,Vencido,0,1
P000007864,2023-09-18,2024-09-17,Cobertura de colisión,Kia Forte,2018,44461,600,Vencido,1,1
P000007865,2023-10-06,2024-10-05,Cobertura de colisión,Honda Civic,2022,26287,700,Vencido,1,1
P000007866,2023-05-12,2024-05-11,Cobertura de colisión,Toyota Corolla,2011,32268,600,Al día,1,1
P000007867,2024-09-10,2025-09-10,Cobertura de colisión,Honda Civic,2021,27257,600,Al día,0,0
P000007868,2023-09-08,2024-09-07,Cobertura de robo,Ford Focus,2022,42487,700,Vencido,0,1
P000007869,2021-10-26,2022-10-26,Cobertura amplia,Honda Civic,2010,10328,500,Vencido,0,0
P000007870,2021-03-05,2022-03-05,Responsabilidad civil,Toyota Corolla,2020,41386,700,Vencido,1,1
P000007871,2025-02-03,2026-02-03,Cobertura total,Mazda 3,2020,47215,500,Vencido,0,0
P000007872,2020-06-21,2021-06-21,Cobertura de robo,Mazda 3,2013,24866,600,Vencido,0,0
P000007873,2025-07-24,2026-07-24,Cobertura de robo,Kia Forte,2019,19868,500,Al día,1,0
P000007874,2022-06-17,2023-06-17,Cobertura total,Kia Forte,2020,32908,500,Al día,0,1
P000007875,2020-01-16,2021-01-15,Cobertura amplia,Honda Civic,2014,44414,500,Vencido,1,1
P000007876,2022-07-02,2023-07-02,Cobertura amplia,Honda Civic,2016,10218,500,Vencido,0,0
P000007877,2022-08-01,2023-08-01,Cobertura de colisión,Honda Civic,2022,30157,600,Vencido,0,0
P000007878,2025-03-25,2026-03-25,Responsabilidad civil,Kia Forte,2012,12808,600,Vencido,0,1
P000007879,2022-05-23,2023-05-23,Cobertura total,Ford Focus,2016,40842,600,Vencido,1,1
P000007880,2022-09-06,2023-09-06,Cobertura total,Toyota Corolla,2022,12394,500,Vencido,0,0
P000007881,2025-05-23,2026-05-23,Cobertura de colisión,Nissan Sentra,2010,24558,600,Al día,0,1
P000007882,2023-09-19,2024-09-18,Responsabilidad civil,Chevrolet Cruze,2016,34173,700,Vencido,1,0
P000007883,2024-03-19,2025-03-19,Cobertura amplia,Kia Forte,2018,33926,600,Al día,0,0
P000007884,2022-04-20,2023-04-20,Cobertura de colisión,Ford Focus,2017,15866,500,Vencido,1,0
P000007885,2024-06-27,2025-06-27,Cobertura amplia,Kia Forte,2022,22259,700,Al día,0,1
P000007886,2022-01-24,2023-01-24,Cobertura amplia,Nissan Sentra,2018,19239,500,Vencido,0,1
P000007887,2020-01-28,2021-01-27,Responsabilidad civil,Toyota Corolla,2010,21015,500,Vencido,1,0
P000007888,2024-01-26,2025-01-25,Cobertura de robo,Nissan Sentra,2019,44480,500,Al día,1,1
P000007889,2020-02-10,2021-02-09,Cobertura total,Hyundai Elantra,2013,22286,700,Al día,0,1
P000007890,2020-10-29,2021-10-29,Cobertura de colisión,Toyota Corolla,2016,31855,600,Al día,1,1
P000007891,2024-01-05,2025-01-04,Cobertura amplia,Subaru Impreza,2010,47392,700,Al día,0,1
P000007892,2020-05-02,2021-05-02,Cobertura total,Ford Focus,2019,40612,600,Al día,0,1
P000007893,2021-04-16,2022-04-16,Cobertura de robo,Nissan Sentra,2011,47673,500,Vencido,0,0
P000007894,2021-08-06,2022-08-06,Cobertura total,Subaru Impreza,2019,28946,600,Al día,1,1
P000007895,2023-04-05,2024-04-04,Cobertura de robo,Volkswagen Jetta,2022,16622,700,Vencido,1,1
P000007896,2024-12-08,2025-12-08,Cobertura de colisión,Honda Civic,2015,49037,700,Al día,1,0
P000007897,2022-03-07,2023-03-07,Responsabilidad civil,Chevrolet Cruze,2013,10816,700,Al día,1,0
P000007898,2024-01-14,2025-01-13,Cobertura de robo,Volkswagen Jetta,2011,34968,700,Vencido,1,1
P000007899,2020-06-28,2021-06-28,Cobertura amplia,Ford Focus,2016,41654,600,Al día,0,0
P000007900,2020-05-01,2021-05-01,Cobertura total,Chevrolet Cruze,2012,25449,600,Al día,1,1
P000007901,2022-03-26,2023-03-26,Cobertura de colisión,Nissan Sentra,2010,18345,500,Vencido,1,1
P000007902,2022-03-21,2023-03-21,Cobertura total,Mazda 3,2022,23154,700,Vencido,1,0
P000007903,2023-03-09,2024-03-08,Cobertura amplia,Chevrolet Cruze,2018,28279,700,Vencido,0,1
P000007904,2021-12-14,2022-12-14,Cobertura amplia,Toyota Corolla,2017,44854,700,Vencido,0,1
P000007905,2022-06-15,2023-06-15,Cobertura de colisión,Volkswagen Jetta,2011,32721,700,Vencido,1,1
P000007906,2022-12-09,2023-12-09,Cobertura amplia,Honda Civic,2014,14192,700,Vencido,1,0
P000007907,2021-12-14,2022-12-14,Responsabilidad civil,Honda Civic,2017,18781,700,Vencido,1,1
P000007908,2023-10-23,2024-10-22,Cobertura de robo,Ford Focus,2010,48140,700,Vencido,0,0
P000007909,2022-10-04,2023-10-04,Responsabilidad civil,Toyota Corolla,2021,21403,600,Vencido,0,1
P000007910,2022-01-01,2023-01-01,Cobertura de colisión,Honda Civic,2011,14243,600,Vencido,1,0
P000007911,2022-03-13,2023-03-13,Responsabilidad civil,Honda Civic,2017,15731,700,Vencido,1,1
P000007912,2020-03-29,2021-03-29,Responsabilidad civil,Chevrolet Cruze,2020,27421,600,Vencido,0,0
P000007913,2021-12-22,2022-12-22,Cobertura de colisión,Toyota Corolla,2012,32084,500,Al día,0,0
P000007914,2022-12-08,2023-12-08,Cobertura de robo,Toyota Corolla,2013,22587,600,Al día,0,0
P000007915,2021-02-18,2022-02-18,Responsabilidad civil,Subaru Impreza,2015,27521,700,Vencido,0,1
P000007916,2020-03-26,2021-03-26,Responsabilidad civil,Chevrolet Cruze,2012,15567,700,Vencido,1,0
P000007917,2021-07-16,2022-07-16,Cobertura total,Chevrolet Cruze,2021,14530,600,Al día,0,0
P000007918,2024-04-01,2025-04-01,Cobertura de colisión,Ford Focus,2013,30216,700,Al día,0,0
P000007919,2021-03-30,2022-03-30,Responsabilidad civil,Nissan Sentra,2019,27071,600,Vencido,1,1
P000007920,2023-10-18,2024-10-17,Responsabilidad civil,Toyota Corolla,2015,48554,500,Al día,0,1
P000007921,2022-05-11,2023-05-11,Cobertura de robo,Toyota Corolla,2016,35969,600,Vencido,0,1
P000007922,2023-06-03,2024-06-02,Cobertura de colisión,Chevrolet Cruze,2010,43339,600,Al día,1,0
P000007923,2025-02-11,2026-02-11,Responsabilidad civil,Chevrolet Cruze,2015,33646,700,Al día,1,1
P000007924,2022-09-10,2023-09-10,Cobertura total,Ford Focus,2012,32339,700,Al día,1,0
P000007925,2024-02-23,2025-02-22,Cobertura de robo,Chevrolet Cruze,2019,46538,600,Al día,0,0
P000007926,2024-03-05,2025-03-05,Cobertura de robo,Volkswagen Jetta,2013,35665,500,Al día,1,0
P000007927,2021-12-02,2022-12-02,Cobertura de robo,Volkswagen Jetta,2015,10845,700,Al día,0,0
P000007928,2025-11-28,2026-11-28,Cobertura total,Chevrolet Cruze,2022,42890,500,Al día,0,0
P000007929,2024-11-11,2025-11-11,Cobertura de colisión,Nissan Sentra,2011,26869,500,Al día,0,0
P000007930,2020-09-24,2021-09-24,Cobertura de robo,Toyota Corolla,2015,18916,500,Al día,1,0
P000007931,2021-04-30,2022-04-30,Cobertura amplia,Honda Civic,2016,40265,600,Al día,1,1
P000007932,2021-08-14,2022-08-14,Cobertura de colisión,Hyundai Elantra,2020,28436,700,Al día,1,1
P000007933,2021-06-19,2022-06-19,Cobertura amplia,Chevrolet Cruze,2014,18849,700,Vencido,0,1
P000007934,2022-02-15,2023-02-15,Cobertura de robo,Ford Focus,2015,34359,500,Vencido,1,1
P000007935,2022-02-24,2023-02-24,Cobertura de colisión,Chevrolet Cruze,2010,17264,500,Vencido,1,0
P000007936,2025-12-21,2026-12-21,Cobertura de robo,Volkswagen Jetta,2018,35261,500,Al día,0,0
P000007937,2024-03-29,2025-03-29,Cobertura de colisión,Ford Focus,2020,45837,500,Al día,1,1
P000007938,2024-03-12,2025-03-12,Cobertura total,Honda Civic,2012,28000,700,Vencido,0,1
P000007939,2023-07-26,2024-07-25,Cobertura total,Chevrolet Cruze,2014,28825,700,Al día,0,0
P000007940,2024-10-25,2025-10-25,Responsabilidad civil,Volkswagen Jetta,2011,24312,500,Vencido,0,0
P000007941,2022-09-28,2023-09-28,Responsabilidad civil,Honda Civic,2018,13008,700,Al día,0,0
P000007942,2020-07-08,2021-07-08,Cobertura de colisión,Kia Forte,2012,20150,600,Vencido,1,1
P000007943,2022-02-13,2023-02-13,Cobertura de colisión,Mazda 3,2020,14593,500,Al día,0,0
P000007944,2023-04-19,2024-04-18,Cobertura amplia,Hyundai Elantra,2017,43757,500,Al día,0,0
P000007945,2021-08-31,2022-08-31,Responsabilidad civil,Honda Civic,2012,17510,600,Vencido,0,1
P000007946,2023-09-04,2024-09-03,Responsabilidad civil,Toyota Corolla,2020,42422,700,Al día,1,0
P000007947,2022-10-09,2023-10-09,Cobertura de robo,Kia Forte,2016,43743,500,Al día,1,1
P000007948,2020-08-06,2021-08-06,Cobertura amplia,Mazda 3,2016,34632,500,Vencido,0,0
P000007949,2023-02-21,2024-02-21,Cobertura total,Volkswagen Jetta,2020,21623,600,Vencido,0,1
P000007950,2021-06-01,2022-06-01,Responsabilidad civil,Hyundai Elantra,2019,40473,500,Al día,0,1
P000007951,2025-09-12,2026-09-12,Responsabilidad civil,Toyota Corolla,2016,27383,600,Vencido,0,1
P000007952,2025-06-25,2026-06-25,Cobertura total,Chevrolet Cruze,2016,21462,600,Vencido,1,1
P000007953,2022-05-07,2023-05-07,Cobertura amplia,Kia Forte,2021,14968,600,Al día,1,1
P000007954,2020-11-29,2021-11-29,Responsabilidad civil,Kia Forte,2013,39274,600,Vencido,0,0
P000007955,2025-04-11,2026-04-11,Responsabilidad civil,Toyota Corolla,2018,19173,500,Vencido,1,1
P000007956,2020-09-22,2021-09-22,Cobertura amplia,Toyota Corolla,2016,46938,700,Vencido,1,0
P000007957,2021-11-16,2022-11-16,Cobertura de robo,Ford Focus,2022,31558,600,Vencido,0,0
P000007958,2025-09-14,2026-09-14,Cobertura amplia,Toyota Corolla,2010,17473,500,Vencido,0,1
P000007959,2024-05-08,2025-05-08,Responsabilidad civil,Chevrolet Cruze,2019,34920,600,Al día,1,0
P000007960,2025-09-16,2026-09-16,Cobertura total,Hyundai Elantra,2015,11700,700,Al día,0,0
P000007961,2024-03-12,2025-03-12,Responsabilidad civil,Subaru Impreza,2017,27156,500,Al día,1,1
P000007962,2025-08-04,2026-08-04,Cobertura total,Toyota Corolla,2019,38930,600,Vencido,1,1
P000007963,2025-10-26,2026-10-26,Responsabilidad civil,Toyota Corolla,2012,13717,600,Al día,0,1
P000007964,2025-03-16,2026-03-16,Cobertura amplia,Chevrolet Cruze,2014,20880,600,Al día,1,0
P000007965,2022-01-03,2023-01-03,Cobertura de colisión,Kia Forte,2012,10261,600,Al día,0,0
P000007966,2023-08-11,2024-08-10,Cobertura de colisión,Hyundai Elantra,2022,32076,500,Al día,1,0
P000007967,2024-03-11,2025-03-11,Cobertura de colisión,Toyota Corolla,2021,49050,600,Vencido,0,1
P000007968,2025-11-22,2026-11-22,Cobertura de colisión,Honda Civic,2016,23661,700,Vencido,0,0
P000007969,2025-06-02,2026-06-02,Responsabilidad civil,Volkswagen Jetta,2011,48031,500,Al día,0,1
P000007970,2025-07-19,2026-07-19,Cobertura de colisión,Toyota Corolla,2022,42206,500,Al día,0,0
P000007971,2025-04-24,2026-04-24,Responsabilidad civil,Mazda 3,2016,33344,500,Al día,0,0
P000007972,2023-01-04,2024-01-04,Cobertura de robo,Toyota Corolla,2022,17787,700,Al día,0,0
P000007973,2024-06-30,2025-06-30,Cobertura de colisión,Volkswagen Jetta,2022,28663,500,Vencido,0,0
P000007974,2020-05-29,2021-05-29,Cobertura total,Ford Focus,2022,26898,500,Al día,1,0
P000007975,2022-04-28,2023-04-28,Cobertura amplia,Honda Civic,2014,11179,700,Al día,0,0
P000007976,2022-06-18,2023-06-18,Cobertura de robo,Toyota Corolla,2020,33179,600,Vencido,0,0
P000007977,2022-04-11,2023-04-11,Cobertura amplia,Nissan Sentra,2016,21705,600,Vencido,1,1
P000007978,2025-01-25,2026-01-25,Cobertura de robo,Subaru Impreza,2021,29658,500,Al día,0,1
P000007979,2022-08-18,2023-08-18,Cobertura de colisión,Subaru Impreza,2016,25093,500,Al día,1,1
P000007980,2024-06-09,2025-06-09,Cobertura de robo,Nissan Sentra,2022,27328,600,Vencido,1,1
P000007981,2022-06-14,2023-06-14,Cobertura de colisión,Ford Focus,2020,43848,600,Al día,1,1
P000007982,2023-06-07,2024-06-06,Cobertura de colisión,Chevrolet Cruze,2014,35305,700,Al día,0,0
P000007983,2024-10-06,2025-10-06,Cobertura de colisión,Toyota Corolla,2015,21619,600,Vencido,1,1
P000007984,2024-03-24,2025-03-24,Responsabilidad civil,Toyota Corolla,2015,37185,700,Vencido,0,1
P000007985,2021-10-05,2022-10-05,Cobertura total,Ford Focus,2013,47093,500,Vencido,0,0
P000007986,2024-03-12,2025-03-12,Cobertura total,Toyota Corolla,2015,47599,600,Al día,1,0
P000007987,2022-11-08,2023-11-08,Responsabilidad civil,Honda Civic,2020,32044,600,Vencido,0,1
P000007988,2020-12-13,2021-12-13,Cobertura de colisión,Ford Focus,2011,49383,500,Al día,0,1
P000007989,2021-07-04,2022-07-04,Cobertura de colisión,Ford Focus,2010,45035,500,Al día,0,1
P000007990,2020-12-10,2021-12-10,Cobertura de colisión,Toyota Corolla,2012,22101,500,Al día,0,0
P000007991,2023-04-23,2024-04-22,Cobertura de colisión,Ford Focus,2022,45290,500,Vencido,1,1
P000007992,2024-12-25,2025-12-25,Cobertura amplia,Kia Forte,2022,40702,700,Al día,0,0
P000007993,2025-10-26,2026-10-26,Cobertura de robo,Nissan Sentra,2014,19194,600,Al día,0,1
P000007994,2023-12-11,2024-12-10,Cobertura total,Kia Forte,2018,14309,500,Al día,1,1
P000007995,2022-07-31,2023-07-31,Cobertura amplia,Ford Focus,2010,34884,500,Al día,1,1
P000007996,2020-06-17,2021-06-17,Responsabilidad civil,Ford Focus,2022,43675,700,Vencido,0,1
P000007997,2025-03-20,2026-03-20,Cobertura de colisión,Mazda 3,2013,41748,500,Vencido,1,1
P000007998,2025-09-29,2026-09-29,Responsabilidad civil,Hyundai Elantra,2011,37085,700,Vencido,0,1
P000007999,2023-10-09,2024-10-08,Cobertura total,Toyota Corolla,2021,22524,500,Vencido,0,1
P000008000,2024-10-11,2025-10-11,Cobertura de robo,Toyota Corolla,2013,19533,500,Al día,0,0
P000008001,2025-01-21,2026-01-21,Cobertura de robo,Honda Civic,2022,39257,700,Al día,1,1
P000008002,2025-03-30,2026-03-30,Cobertura de robo,Toyota Corolla,2014,48252,600,Vencido,1,0
P000008003,2024-11-06,2025-11-06,Responsabilidad civil,Toyota Corolla,2017,32095,700,Vencido,1,0
P000008004,2024-08-02,2025-08-02,Cobertura de robo,Chevrolet Cruze,2016,14672,500,Al día,1,1
P000008005,2024-02-14,2025-02-13,Cobertura de colisión,Honda Civic,2012,41147,600,Vencido,1,0
P000008006,2025-07-30,2026-07-30,Responsabilidad civil,Kia Forte,2010,35429,700,Al día,1,1
P000008007,2023-07-22,2024-07-21,Cobertura de colisión,Honda Civic,2017,44553,500,Al día,1,0
P000008008,2023-01-23,2024-01-23,Cobertura amplia,Honda Civic,2022,37286,700,Vencido,1,0
P000008009,2024-04-15,2025-04-15,Cobertura total,Chevrolet Cruze,2019,45294,500,Al día,0,1
P000008010,2020-04-11,2021-04-11,Cobertura de robo,Ford Focus,2019,31421,600,Vencido,1,0
P000008011,2022-01-05,2023-01-05,Cobertura total,Nissan Sentra,2014,18995,600,Vencido,1,1
P000008012,2024-12-14,2025-12-14,Cobertura de colisión,Toyota Corolla,2015,36964,600,Vencido,0,1
P000008013,2022-08-15,2023-08-15,Cobertura de colisión,Toyota Corolla,2014,15788,500,Vencido,0,1
P000008014,2022-12-23,2023-12-23,Cobertura amplia,Hyundai Elantra,2022,36006,600,Vencido,1,0
P000008015,2020-11-06,2021-11-06,Cobertura amplia,Nissan Sentra,2012,49904,500,Al día,1,1
P000008016,2024-01-10,2025-01-09,Cobertura total,Toyota Corolla,2010,32867,700,Al día,0,0
P000008017,2020-12-03,2021-12-03,Cobertura amplia,Volkswagen Jetta,2014,33653,700,Vencido,1,0
P000008018,2023-04-21,2024-04-20,Cobertura total,Kia Forte,2011,40717,600,Al día,1,1
P000008019,2025-08-17,2026-08-17,Cobertura amplia,Hyundai Elantra,2017,43770,600,Vencido,0,0
P000008020,2025-10-01,2026-10-01,Cobertura total,Hyundai Elantra,2013,45853,700,Al día,1,0
P000008021,2020-11-16,2021-11-16,Cobertura de robo,Volkswagen Jetta,2022,18018,500,Vencido,0,0
P000008022,2023-02-06,2024-02-06,Cobertura de robo,Ford Focus,2014,36912,500,Vencido,1,0
P000008023,2022-07-21,2023-07-21,Cobertura amplia,Ford Focus,2021,19494,500,Al día,1,0
P000008024,2021-02-07,2022-02-07,Cobertura de robo,Nissan Sentra,2013,11544,500,Al día,1,1
P000008025,2021-04-30,2022-04-30,Cobertura total,Chevrolet Cruze,2013,17997,500,Vencido,1,0
P000008026,2020-10-19,2021-10-19,Responsabilidad civil,Toyota Corolla,2013,24671,500,Vencido,1,0
P000008027,2024-01-15,2025-01-14,Cobertura amplia,Nissan Sentra,2015,44221,700,Al día,1,1
P000008028,2020-06-05,2021-06-05,Cobertura amplia,Kia Forte,2018,46036,600,Vencido,1,0
P000008029,2022-03-31,2023-03-31,Cobertura total,Nissan Sentra,2012,31723,500,Vencido,0,1
P000008030,2023-09-29,2024-09-28,Cobertura total,Volkswagen Jetta,2021,49981,700,Al día,0,1
P000008031,2022-03-16,2023-03-16,Cobertura de robo,Hyundai Elantra,2010,26551,500,Al día,1,1
P000008032,2023-09-10,2024-09-09,Responsabilidad civil,Toyota Corolla,2011,16979,500,Al día,0,1
P000008033,2022-10-21,2023-10-21,Cobertura de robo,Hyundai Elantra,2018,23010,500,Vencido,1,1
P000008034,2023-05-24,2024-05-23,Cobertura de colisión,Subaru Impreza,2021,13566,600,Al día,0,0
P000008035,2023-01-29,2024-01-29,Cobertura de robo,Toyota Corolla,2011,46771,500,Al día,1,1
P000008036,2022-02-19,2023-02-19,Cobertura de colisión,Subaru Impreza,2010,42017,700,Al día,1,0
P000008037,2021-07-18,2022-07-18,Cobertura de colisión,Honda Civic,2012,37720,500,Al día,0,0
P000008038,2022-12-05,2023-12-05,Cobertura de robo,Ford Focus,2013,29103,600,Vencido,0,1
P000008039,2020-02-04,2021-02-03,Cobertura total,Honda Civic,2019,37860,500,Vencido,1,0
P000008040,2023-05-11,2024-05-10,Responsabilidad civil,Volkswagen Jetta,2020,48120,600,Vencido,0,0
P000008041,2023-02-28,2024-02-28,Cobertura amplia,Hyundai Elantra,2014,22231,700,Al día,1,0
P000008042,2023-11-20,2024-11-19,Responsabilidad civil,Chevrolet Cruze,2018,43103,500,Vencido,0,0
P000008043,2024-07-12,2025-07-12,Cobertura total,Hyundai Elantra,2018,17546,700,Al día,0,0
P000008044,2024-07-19,2025-07-19,Responsabilidad civil,Chevrolet Cruze,2017,19656,600,Vencido,1,1
P000008045,2020-02-18,2021-02-17,Cobertura de robo,Toyota Corolla,2017,40121,500,Vencido,1,0
P000008046,2025-04-17,2026-04-17,Cobertura de colisión,Ford Focus,2020,16581,600,Vencido,1,0
P000008047,2025-09-30,2026-09-30,Cobertura amplia,Volkswagen Jetta,2011,48169,700,Vencido,0,1
P000008048,2021-09-03,2022-09-03,Responsabilidad civil,Honda Civic,2010,22878,700,Al día,0,0
P000008049,2024-06-16,2025-06-16,Cobertura de robo,Subaru Impreza,2020,10843,500,Vencido,0,1
P000008050,2022-07-21,2023-07-21,Responsabilidad civil,Mazda 3,2022,34493,500,Vencido,1,1
P000008051,2022-07-18,2023-07-18,Cobertura de colisión,Toyota Corolla,2013,48223,700,Al día,0,1
P000008052,2022-05-09,2023-05-09,Responsabilidad civil,Honda Civic,2014,42714,500,Vencido,1,0
P000008053,2025-04-27,2026-04-27,Cobertura de robo,Honda Civic,2021,13517,500,Al día,0,0
P000008054,2022-08-15,2023-08-15,Cobertura amplia,Volkswagen Jetta,2020,17658,600,Al día,0,1
P000008055,2025-10-13,2026-10-13,Cobertura amplia,Kia Forte,2020,30290,600,Vencido,0,0
P000008056,2025-04-03,2026-04-03,Cobertura de colisión,Kia Forte,2014,22195,500,Al día,0,1
P000008057,2025-03-04,2026-03-04,Cobertura de robo,Toyota Corolla,2013,32205,500,Vencido,0,1
P000008058,2023-10-27,2024-10-26,Cobertura amplia,Subaru Impreza,2015,27460,500,Al día,1,1
P000008059,2020-12-17,2021-12-17,Cobertura amplia,Toyota Corolla,2016,31774,600,Al día,1,0
P000008060,2023-07-06,2024-07-05,Cobertura de colisión,Subaru Impreza,2015,40859,500,Vencido,0,1
P000008061,2022-02-08,2023-02-08,Cobertura de colisión,Chevrolet Cruze,2015,15384,500,Vencido,1,1
P000008062,2024-10-22,2025-10-22,Cobertura amplia,Nissan Sentra,2022,30579,500,Al día,1,1
P000008063,2024-09-06,2025-09-06,Cobertura total,Toyota Corolla,2014,23345,500,Vencido,0,0
P000008064,2022-05-08,2023-05-08,Cobertura de robo,Honda Civic,2014,30395,600,Al día,1,0
P000008065,2024-12-01,2025-12-01,Cobertura amplia,Mazda 3,2013,48282,600,Al día,1,0
P000008066,2025-01-17,2026-01-17,Cobertura de robo,Honda Civic,2014,35677,600,Vencido,1,1
P000008067,2020-05-03,2021-05-03,Responsabilidad civil,Ford Focus,2013,31510,600,Al día,0,0
P000008068,2024-03-14,2025-03-14,Cobertura de colisión,Honda Civic,2014,31140,600,Al día,0,0
P000008069,2021-07-23,2022-07-23,Cobertura de colisión,Subaru Impreza,2021,26633,600,Al día,1,1
P000008070,2021-06-09,2022-06-09,Responsabilidad civil,Toyota Corolla,2012,40980,500,Vencido,1,0
P000008071,2023-06-05,2024-06-04,Cobertura amplia,Toyota Corolla,2020,27063,600,Vencido,0,1
P000008072,2020-02-09,2021-02-08,Cobertura amplia,Chevrolet Cruze,2019,16145,500,Vencido,0,1
P000008073,2025-08-09,2026-08-09,Responsabilidad civil,Honda Civic,2012,38672,700,Vencido,1,1
P000008074,2023-12-23,2024-12-22,Cobertura de robo,Subaru Impreza,2017,16910,600,Vencido,0,0
P000008075,2023-10-23,2024-10-22,Cobertura de colisión,Honda Civic,2022,44399,500,Al día,1,0
P000008076,2022-07-12,2023-07-12,Cobertura de robo,Honda Civic,2016,38085,600,Vencido,0,1
P000008077,2024-09-12,2025-09-12,Cobertura amplia,Subaru Impreza,2019,41616,600,Al día,0,1
P000008078,2024-10-09,2025-10-09,Cobertura total,Volkswagen Jetta,2010,46405,700,Vencido,0,0
P000008079,2024-07-10,2025-07-10,Cobertura de robo,Volkswagen Jetta,2018,34021,500,Al día,1,1
P000008080,2023-05-12,2024-05-11,Responsabilidad civil,Hyundai Elantra,2015,18926,500,Al día,0,1
P000008081,2023-08-28,2024-08-27,Cobertura de colisión,Kia Forte,2011,40890,500,Vencido,0,1
P000008082,2020-04-05,2021-04-05,Cobertura total,Ford Focus,2015,21764,600,Al día,1,1
P000008083,2020-05-11,2021-05-11,Responsabilidad civil,Chevrolet Cruze,2018,32491,500,Vencido,0,0
P000008084,2021-07-23,2022-07-23,Responsabilidad civil,Hyundai Elantra,2015,43031,700,Al día,1,0
P000008085,2021-09-21,2022-09-21,Responsabilidad civil,Volkswagen Jetta,2019,21816,700,Al día,1,0
P000008086,2023-09-14,2024-09-13,Responsabilidad civil,Subaru Impreza,2013,27580,700,Vencido,0,1
P000008087,2024-05-20,2025-05-20,Cobertura de robo,Subaru Impreza,2012,14702,600,Vencido,1,0
P000008088,2024-04-10,2025-04-10,Cobertura total,Chevrolet Cruze,2012,34471,700,Vencido,1,1
P000008089,2022-04-16,2023-04-16,Cobertura total,Toyota Corolla,2018,39560,700,Al día,1,1
P000008090,2024-05-19,2025-05-19,Cobertura amplia,Ford Focus,2013,16864,700,Al día,0,0
P000008091,2020-09-17,2021-09-17,Cobertura total,Ford Focus,2016,18360,600,Al día,0,1
P000008092,2025-12-29,2026-12-29,Cobertura total,Kia Forte,2013,32880,500,Vencido,1,0
P000008093,2024-05-01,2025-05-01,Cobertura amplia,Volkswagen Jetta,2019,39610,500,Al día,0,0
P000008094,2022-02-10,2023-02-10,Responsabilidad civil,Ford Focus,2018,47585,500,Al día,0,1
P000008095,2025-04-28,2026-04-28,Cobertura total,Hyundai Elantra,2012,19987,600,Al día,0,0
P000008096,2021-03-20,2022-03-20,Responsabilidad civil,Chevrolet Cruze,2010,19947,700,Vencido,0,1
P000008097,2023-09-08,2024-09-07,Cobertura amplia,Ford Focus,2010,38843,600,Vencido,0,0
P000008098,2025-01-23,2026-01-23,Cobertura amplia,Nissan Sentra,2014,39582,500,Vencido,1,0
P000008099,2023-06-01,2024-05-31,Cobertura total,Honda Civic,2012,34770,600,Vencido,0,1
P000008100,2021-01-16,2022-01-16,Cobertura de colisión,Honda Civic,2017,24957,700,Vencido,1,1
P000008101,2021-12-03,2022-12-03,Cobertura amplia,Hyundai Elantra,2016,17731,500,Vencido,1,0
P000008102,2021-03-03,2022-03-03,Responsabilidad civil,Volkswagen Jetta,2022,47488,500,Al día,1,1
P000008103,2021-12-28,2022-12-28,Cobertura total,Nissan Sentra,2012,17926,600,Al día,1,1
P000008104,2020-05-11,2021-05-11,Responsabilidad civil,Chevrolet Cruze,2014,10389,600,Vencido,0,0
P000008105,2025-06-24,2026-06-24,Cobertura de robo,Kia Forte,2013,19492,500,Al día,1,0
P000008106,2020-04-19,2021-04-19,Cobertura total,Ford Focus,2015,27996,600,Al día,1,0
P000008107,2022-02-03,2023-02-03,Cobertura de colisión,Toyota Corolla,2016,43450,500,Al día,1,0
P000008108,2022-03-26,2023-03-26,Cobertura de robo,Toyota Corolla,2019,28852,700,Vencido,0,0
P000008109,2020-10-11,2021-10-11,Responsabilidad civil,Toyota Corolla,2020,19853,700,Al día,0,0
P000008110,2024-04-29,2025-04-29,Cobertura total,Toyota Corolla,2019,15979,600,Al día,0,1
P000008111,2023-03-08,2024-03-07,Cobertura total,Hyundai Elantra,2017,18953,600,Al día,0,1
P000008112,2022-04-23,2023-04-23,Cobertura total,Subaru Impreza,2018,22728,600,Vencido,0,0
P000008113,2022-08-12,2023-08-12,Cobertura de robo,Nissan Sentra,2020,11671,700,Al día,0,0
P000008114,2023-04-07,2024-04-06,Cobertura total,Volkswagen Jetta,2016,11234,700,Vencido,0,1
P000008115,2025-11-17,2026-11-17,Cobertura de robo,Chevrolet Cruze,2012,46340,600,Vencido,1,1
P000008116,2020-10-13,2021-10-13,Cobertura amplia,Toyota Corolla,2015,45992,500,Al día,1,0
P000008117,2025-02-05,2026-02-05,Cobertura de colisión,Chevrolet Cruze,2015,14246,600,Al día,1,0
P000008118,2020-08-23,2021-08-23,Cobertura de robo,Volkswagen Jetta,2015,18061,700,Al día,0,1
P000008119,2024-02-18,2025-02-17,Cobertura de robo,Volkswagen Jetta,2011,29267,600,Vencido,1,0
P000008120,2025-10-24,2026-10-24,Cobertura amplia,Kia Forte,2021,14366,700,Al día,0,1
P000008121,2020-02-15,2021-02-14,Cobertura de colisión,Nissan Sentra,2018,13947,600,Vencido,0,1
P000008122,2021-12-04,2022-12-04,Responsabilidad civil,Ford Focus,2013,27906,700,Al día,0,0
P000008123,2023-08-31,2024-08-30,Cobertura amplia,Mazda 3,2010,37620,500,Al día,1,0
P000008124,2024-08-09,2025-08-09,Cobertura de colisión,Honda Civic,2018,27905,600,Al día,1,0
P000008125,2024-05-20,2025-05-20,Cobertura de robo,Mazda 3,2014,22059,700,Vencido,1,1
P000008126,2021-10-05,2022-10-05,Cobertura de colisión,Toyota Corolla,2016,16958,700,Vencido,0,0
P000008127,2021-03-29,2022-03-29,Cobertura amplia,Hyundai Elantra,2020,25913,500,Vencido,1,1
P000008128,2021-06-12,2022-06-12,Cobertura total,Volkswagen Jetta,2018,23548,700,Vencido,0,0
P000008129,2024-09-09,2025-09-09,Cobertura de robo,Toyota Corolla,2014,27274,500,Al día,1,0
P000008130,2025-05-12,2026-05-12,Cobertura de colisión,Mazda 3,2010,42072,600,Vencido,1,1
P000008131,2020-10-08,2021-10-08,Cobertura de colisión,Mazda 3,2018,11845,700,Vencido,1,1
P000008132,2024-05-12,2025-05-12,Cobertura amplia,Honda Civic,2021,16179,500,Vencido,1,1
P000008133,2022-04-25,2023-04-25,Cobertura de robo,Chevrolet Cruze,2019,31423,500,Vencido,0,0
P000008134,2021-06-16,2022-06-16,Cobertura de colisión,Mazda 3,2021,16810,500,Al día,0,0
P000008135,2022-04-22,2023-04-22,Responsabilidad civil,Honda Civic,2010,44193,500,Al día,0,0
P000008136,2023-06-22,2024-06-21,Responsabilidad civil,Volkswagen Jetta,2015,32037,600,Vencido,0,0
P000008137,2024-11-05,2025-11-05,Cobertura de colisión,Toyota Corolla,2012,30197,600,Vencido,0,1
P000008138,2025-04-28,2026-04-28,Cobertura amplia,Toyota Corolla,2013,12499,500,Vencido,1,1
P000008139,2021-10-12,2022-10-12,Responsabilidad civil,Honda Civic,2011,43886,500,Al día,1,0
P000008140,2023-06-25,2024-06-24,Cobertura de colisión,Toyota Corolla,2016,47064,600,Vencido,1,1
P000008141,2022-04-11,2023-04-11,Cobertura total,Ford Focus,2013,10021,500,Vencido,0,1
P000008142,2025-08-20,2026-08-20,Cobertura total,Volkswagen Jetta,2011,14438,700,Al día,1,0
P000008143,2025-02-22,2026-02-22,Cobertura de robo,Toyota Corolla,2018,42598,600,Vencido,0,0
P000008144,2023-02-02,2024-02-02,Cobertura de colisión,Toyota Corolla,2013,22912,500,Vencido,1,0
P000008145,2022-04-06,2023-04-06,Cobertura total,Subaru Impreza,2014,45814,600,Al día,1,0
P000008146,2020-01-31,2021-01-30,Responsabilidad civil,Hyundai Elantra,2018,17619,700,Al día,1,0
P000008147,2021-08-07,2022-08-07,Responsabilidad civil,Mazda 3,2010,26067,700,Al día,0,0
P000008148,2024-12-30,2025-12-30,Cobertura total,Toyota Corolla,2020,21342,500,Vencido,0,0
P000008149,2020-09-19,2021-09-19,Cobertura de colisión,Ford Focus,2011,26628,600,Vencido,0,1
P000008150,2024-06-23,2025-06-23,Cobertura total,Subaru Impreza,2021,45818,500,Vencido,0,1
P000008151,2022-10-08,2023-10-08,Cobertura total,Nissan Sentra,2021,27421,600,Vencido,1,1
P000008152,2025-11-23,2026-11-23,Cobertura de robo,Honda Civic,2010,16120,600,Al día,0,0
P000008153,2023-09-09,2024-09-08,Cobertura de robo,Honda Civic,2015,19567,600,Al día,1,1
P000008154,2025-07-03,2026-07-03,Cobertura total,Honda Civic,2019,49193,600,Vencido,1,1
P000008155,2025-02-27,2026-02-27,Cobertura de robo,Hyundai Elantra,2013,47860,500,Al día,0,1
P000008156,2025-03-10,2026-03-10,Responsabilidad civil,Chevrolet Cruze,2013,35641,500,Vencido,0,0
P000008157,2020-06-09,2021-06-09,Cobertura de colisión,Nissan Sentra,2020,13243,600,Al día,0,0
P000008158,2021-01-08,2022-01-08,Cobertura de robo,Toyota Corolla,2017,30532,700,Vencido,1,1
P000008159,2023-03-25,2024-03-24,Cobertura amplia,Ford Focus,2019,42895,600,Al día,0,1
P000008160,2025-02-12,2026-02-12,Cobertura total,Toyota Corolla,2015,24843,700,Al día,1,1
P000008161,2023-11-21,2024-11-20,Cobertura total,Chevrolet Cruze,2019,27713,600,Vencido,1,1
P000008162,2023-05-03,2024-05-02,Responsabilidad civil,Honda Civic,2017,21628,600,Vencido,0,1
P000008163,2024-05-20,2025-05-20,Cobertura total,Subaru Impreza,2021,15765,700,Al día,0,0
P000008164,2021-12-18,2022-12-18,Responsabilidad civil,Volkswagen Jetta,2011,12826,700,Vencido,1,0
P000008165,2024-08-27,2025-08-27,Cobertura de robo,Honda Civic,2012,23084,600,Vencido,1,1
P000008166,2022-10-17,2023-10-17,Cobertura de colisión,Kia Forte,2015,44171,600,Al día,1,1
P000008167,2022-01-05,2023-01-05,Cobertura total,Subaru Impreza,2011,19549,600,Vencido,1,1
P000008168,2024-11-04,2025-11-04,Cobertura amplia,Honda Civic,2019,43563,500,Vencido,0,0
P000008169,2025-02-18,2026-02-18,Cobertura amplia,Toyota Corolla,2020,42267,700,Vencido,0,0
P000008170,2024-04-24,2025-04-24,Cobertura total,Volkswagen Jetta,2019,10311,500,Al día,1,0
P000008171,2022-01-21,2023-01-21,Cobertura amplia,Toyota Corolla,2022,37671,500,Al día,0,1
P000008172,2021-01-26,2022-01-26,Cobertura total,Ford Focus,2014,13815,700,Al día,0,0
P000008173,2024-05-30,2025-05-30,Responsabilidad civil,Toyota Corolla,2015,20469,500,Al día,1,1
P000008174,2020-06-27,2021-06-27,Cobertura total,Kia Forte,2015,49140,700,Vencido,0,1
P000008175,2022-09-08,2023-09-08,Cobertura total,Ford Focus,2022,33598,500,Vencido,0,1
P000008176,2021-10-08,2022-10-08,Cobertura de robo,Kia Forte,2011,33998,500,Vencido,1,1
P000008177,2023-01-26,2024-01-26,Cobertura de colisión,Honda Civic,2010,22981,500,Vencido,0,1
P000008178,2023-04-10,2024-04-09,Cobertura de colisión,Chevrolet Cruze,2015,49480,500,Vencido,0,0
P000008179,2020-09-30,2021-09-30,Cobertura de colisión,Ford Focus,2015,33022,500,Al día,1,0
P000008180,2022-06-08,2023-06-08,Cobertura de robo,Ford Focus,2011,10832,600,Vencido,0,1
P000008181,2025-07-14,2026-07-14,Cobertura de robo,Chevrolet Cruze,2018,28819,600,Al día,0,1
P000008182,2024-08-11,2025-08-11,Cobertura amplia,Ford Focus,2017,28191,700,Al día,0,0
P000008183,2021-05-11,2022-05-11,Cobertura de robo,Honda Civic,2017,11458,500,Vencido,1,1
P000008184,2024-02-19,2025-02-18,Cobertura de robo,Subaru Impreza,2017,22255,600,Al día,0,0
P000008185,2020-11-09,2021-11-09,Cobertura de colisión,Hyundai Elantra,2011,42076,700,Al día,1,1
P000008186,2021-03-06,2022-03-06,Cobertura amplia,Hyundai Elantra,2019,31751,700,Vencido,0,0
P000008187,2025-08-28,2026-08-28,Cobertura de robo,Chevrolet Cruze,2012,11083,600,Al día,1,1
P000008188,2023-08-28,2024-08-27,Cobertura de colisión,Toyota Corolla,2012,47396,500,Vencido,1,0
P000008189,2024-08-06,2025-08-06,Cobertura de robo,Hyundai Elantra,2013,46139,500,Vencido,1,1
P000008190,2025-01-21,2026-01-21,Cobertura total,Chevrolet Cruze,2013,23437,600,Al día,0,1
P000008191,2021-11-06,2022-11-06,Cobertura total,Honda Civic,2020,39069,700,Al día,1,1
P000008192,2022-11-01,2023-11-01,Cobertura amplia,Chevrolet Cruze,2010,14291,700,Al día,0,0
P000008193,2022-04-29,2023-04-29,Cobertura de robo,Hyundai Elantra,2021,41775,500,Al día,0,1
P000008194,2025-09-03,2026-09-03,Cobertura de robo,Chevrolet Cruze,2015,21733,600,Al día,1,0
P000008195,2020-07-01,2021-07-01,Cobertura de colisión,Toyota Corolla,2011,48997,500,Al día,1,1
P000008196,2025-03-08,2026-03-08,Cobertura de colisión,Honda Civic,2016,36442,500,Al día,1,0
P000008197,2020-04-19,2021-04-19,Cobertura de robo,Ford Focus,2013,23113,700,Vencido,0,1
P000008198,2020-10-26,2021-10-26,Cobertura de robo,Nissan Sentra,2014,48130,500,Vencido,1,0
P000008199,2025-03-06,2026-03-06,Cobertura total,Mazda 3,2019,30085,600,Vencido,0,1
P000008200,2024-04-10,2025-04-10,Cobertura total,Ford Focus,2014,22332,500,Al día,0,0
P000008201,2023-11-08,2024-11-07,Cobertura de robo,Toyota Corolla,2010,48064,600,Al día,1,1
P000008202,2024-06-23,2025-06-23,Cobertura de colisión,Volkswagen Jetta,2022,39774,600,Vencido,1,1
P000008203,2022-03-07,2023-03-07,Cobertura amplia,Volkswagen Jetta,2020,31745,600,Vencido,1,1
P000008204,2024-06-12,2025-06-12,Cobertura amplia,Toyota Corolla,2017,48492,500,Vencido,0,0
P000008205,2020-06-03,2021-06-03,Cobertura total,Mazda 3,2020,17771,700,Vencido,1,0
P000008206,2020-02-13,2021-02-12,Cobertura de colisión,Mazda 3,2017,29611,700,Al día,0,0
P000008207,2022-10-23,2023-10-23,Responsabilidad civil,Honda Civic,2012,47365,700,Vencido,0,1
P000008208,2021-04-14,2022-04-14,Cobertura de robo,Chevrolet Cruze,2016,45517,700,Al día,0,1
P000008209,2021-07-13,2022-07-13,Cobertura total,Honda Civic,2016,32273,500,Vencido,0,1
P000008210,2023-09-01,2024-08-31,Cobertura de colisión,Volkswagen Jetta,2016,45003,600,Vencido,0,1
P000008211,2025-03-16,2026-03-16,Cobertura amplia,Kia Forte,2012,27794,700,Al día,1,0
P000008212,2025-06-08,2026-06-08,Cobertura de colisión,Honda Civic,2020,28633,500,Vencido,0,1
P000008213,2025-03-04,2026-03-04,Cobertura amplia,Kia Forte,2019,28912,600,Al día,1,1
P000008214,2020-10-06,2021-10-06,Responsabilidad civil,Honda Civic,2016,17759,500,Al día,0,1
P000008215,2020-12-04,2021-12-04,Cobertura de robo,Hyundai Elantra,2011,17779,600,Vencido,1,1
P000008216,2022-09-19,2023-09-19,Cobertura total,Subaru Impreza,2012,45159,700,Vencido,0,0
P000008217,2024-11-27,2025-11-27,Cobertura de colisión,Toyota Corolla,2018,15288,600,Vencido,1,0
P000008218,2021-07-28,2022-07-28,Cobertura de robo,Nissan Sentra,2020,40259,700,Al día,0,0
P000008219,2025-04-12,2026-04-12,Cobertura total,Toyota Corolla,2017,43008,700,Vencido,0,0
P000008220,2023-02-17,2024-02-17,Cobertura de colisión,Ford Focus,2012,38336,600,Vencido,1,1
P000008221,2021-10-22,2022-10-22,Responsabilidad civil,Hyundai Elantra,2013,24161,600,Al día,0,1
P000008222,2021-11-29,2022-11-29,Cobertura de colisión,Volkswagen Jetta,2018,31537,600,Vencido,0,1
P000008223,2020-03-14,2021-03-14,Cobertura de colisión,Toyota Corolla,2010,44550,600,Vencido,1,1
P000008224,2021-02-15,2022-02-15,Cobertura total,Nissan Sentra,2020,23599,700,Vencido,1,1
P000008225,2021-12-26,2022-12-26,Responsabilidad civil,Ford Focus,2013,24939,700,Al día,1,0
P000008226,2023-04-19,2024-04-18,Responsabilidad civil,Toyota Corolla,2017,43463,500,Al día,1,1
P000008227,2021-05-23,2022-05-23,Cobertura de robo,Chevrolet Cruze,2017,46187,700,Vencido,0,0
P000008228,2025-12-29,2026-12-29,Responsabilidad civil,Chevrolet Cruze,2022,13319,700,Vencido,1,1
P000008229,2024-05-19,2025-05-19,Cobertura de colisión,Honda Civic,2018,44654,600,Al día,0,1
P000008230,2021-11-20,2022-11-20,Cobertura de robo,Honda Civic,2021,47295,600,Al día,0,0
P000008231,2020-11-13,2021-11-13,Responsabilidad civil,Ford Focus,2011,23667,500,Vencido,0,0
P000008232,2020-02-15,2021-02-14,Cobertura amplia,Mazda 3,2021,21162,500,Al día,1,1
P000008233,2023-01-24,2024-01-24,Cobertura total,Toyota Corolla,2019,38635,700,Al día,0,1
P000008234,2021-09-20,2022-09-20,Cobertura amplia,Subaru Impreza,2022,20816,700,Al día,0,0
P000008235,2024-12-09,2025-12-09,Cobertura de robo,Ford Focus,2014,27219,700,Al día,0,1
P000008236,2024-01-06,2025-01-05,Cobertura de colisión,Ford Focus,2017,46763,700,Vencido,1,0
P000008237,2021-12-29,2022-12-29,Cobertura de robo,Volkswagen Jetta,2017,22659,500,Al día,1,1
P000008238,2022-06-06,2023-06-06,Responsabilidad civil,Mazda 3,2015,48406,700,Vencido,1,1
P000008239,2020-05-21,2021-05-21,Cobertura de colisión,Honda Civic,2011,42437,500,Vencido,0,0
P000008240,2025-12-20,2026-12-20,Responsabilidad civil,Chevrolet Cruze,2012,46015,600,Al día,0,1
P000008241,2022-06-04,2023-06-04,Cobertura total,Chevrolet Cruze,2021,40581,500,Al día,0,0
P000008242,2024-12-15,2025-12-15,Cobertura amplia,Chevrolet Cruze,2021,43340,700,Vencido,1,1
P000008243,2020-07-14,2021-07-14,Cobertura amplia,Toyota Corolla,2017,48465,600,Al día,0,1
P000008244,2025-11-11,2026-11-11,Cobertura de robo,Toyota Corolla,2014,49947,500,Al día,0,0
P000008245,2021-02-25,2022-02-25,Cobertura de robo,Mazda 3,2017,41233,700,Al día,0,1
P000008246,2024-05-18,2025-05-18,Cobertura total,Toyota Corolla,2011,34189,700,Al día,0,1
P000008247,2023-06-16,2024-06-15,Cobertura amplia,Nissan Sentra,2020,14996,600,Vencido,0,0
P000008248,2024-12-23,2025-12-23,Cobertura total,Ford Focus,2012,30081,700,Al día,0,1
P000008249,2020-08-02,2021-08-02,Cobertura de colisión,Volkswagen Jetta,2017,40061,500,Vencido,1,1
P000008250,2020-01-20,2021-01-19,Cobertura total,Mazda 3,2018,41438,600,Al día,0,0
P000008251,2020-07-18,2021-07-18,Responsabilidad civil,Volkswagen Jetta,2012,39257,500,Al día,1,0
P000008252,2024-03-25,2025-03-25,Cobertura de robo,Toyota Corolla,2015,11350,500,Vencido,0,0
P000008253,2022-04-06,2023-04-06,Cobertura total,Hyundai Elantra,2011,19651,600,Al día,1,1
P000008254,2022-10-19,2023-10-19,Cobertura de colisión,Toyota Corolla,2019,24240,500,Al día,1,0
P000008255,2024-03-14,2025-03-14,Cobertura de colisión,Mazda 3,2012,34469,700,Al día,0,1
P000008256,2022-09-04,2023-09-04,Responsabilidad civil,Subaru Impreza,2018,25340,600,Al día,1,1
P000008257,2022-03-30,2023-03-30,Cobertura amplia,Toyota Corolla,2010,14412,600,Vencido,1,0
P000008258,2021-01-09,2022-01-09,Cobertura amplia,Toyota Corolla,2017,18130,500,Al día,1,1
P000008259,2020-03-06,2021-03-06,Responsabilidad civil,Subaru Impreza,2015,41205,600,Al día,0,1
P000008260,2024-09-23,2025-09-23,Cobertura amplia,Subaru Impreza,2013,15244,700,Al día,0,1
P000008261,2020-04-24,2021-04-24,Cobertura total,Toyota Corolla,2020,26569,700,Vencido,0,0
P000008262,2020-02-29,2021-02-28,Responsabilidad civil,Subaru Impreza,2021,30283,600,Al día,1,1
P000008263,2023-10-12,2024-10-11,Cobertura de robo,Kia Forte,2019,27933,600,Al día,1,0
P000008264,2022-02-26,2023-02-26,Responsabilidad civil,Toyota Corolla,2012,15652,600,Al día,0,1
P000008265,2020-09-15,2021-09-15,Cobertura total,Hyundai Elantra,2017,18446,500,Al día,1,1
P000008266,2022-06-22,2023-06-22,Cobertura de robo,Mazda 3,2013,30145,600,Vencido,0,1
P000008267,2021-01-30,2022-01-30,Cobertura de robo,Ford Focus,2018,34094,700,Al día,1,1
P000008268,2021-11-18,2022-11-18,Cobertura total,Chevrolet Cruze,2012,18015,500,Vencido,0,1
P000008269,2021-11-15,2022-11-15,Cobertura amplia,Ford Focus,2017,44764,700,Al día,0,1
P000008270,2020-06-29,2021-06-29,Cobertura de colisión,Toyota Corolla,2012,33549,600,Al día,0,0
P000008271,2024-08-29,2025-08-29,Cobertura de robo,Subaru Impreza,2016,45765,500,Al día,0,1
P000008272,2025-09-30,2026-09-30,Cobertura de robo,Ford Focus,2021,13891,500,Vencido,1,0
P000008273,2021-03-17,2022-03-17,Cobertura de colisión,Hyundai Elantra,2018,11064,600,Vencido,1,0
P000008274,2023-09-01,2024-08-31,Cobertura de robo,Honda Civic,2016,43746,700,Al día,0,1
P000008275,2023-08-14,2024-08-13,Cobertura de colisión,Mazda 3,2018,43553,500,Vencido,1,1
P000008276,2022-02-15,2023-02-15,Responsabilidad civil,Toyota Corolla,2018,46409,600,Vencido,1,0
P000008277,2022-04-28,2023-04-28,Cobertura total,Mazda 3,2017,48990,700,Vencido,0,1
P000008278,2024-06-06,2025-06-06,Cobertura de colisión,Hyundai Elantra,2012,38301,700,Vencido,0,1
P000008279,2024-10-18,2025-10-18,Cobertura de robo,Hyundai Elantra,2011,35417,700,Al día,1,0
P000008280,2021-05-09,2022-05-09,Cobertura amplia,Ford Focus,2019,34763,700,Vencido,1,1
P000008281,2022-08-09,2023-08-09,Cobertura total,Subaru Impreza,2010,48753,500,Vencido,0,1
P000008282,2022-05-25,2023-05-25,Cobertura total,Subaru Impreza,2016,11357,700,Al día,0,1
P000008283,2021-03-09,2022-03-09,Cobertura de colisión,Ford Focus,2022,33026,500,Al día,1,1
P000008284,2023-12-31,2024-12-30,Cobertura de colisión,Volkswagen Jetta,2021,28727,500,Al día,1,0
P000008285,2023-08-17,2024-08-16,Cobertura de robo,Toyota Corolla,2022,48256,500,Vencido,1,0
P000008286,2021-12-12,2022-12-12,Cobertura total,Honda Civic,2020,15171,700,Vencido,1,1
P000008287,2020-03-02,2021-03-02,Cobertura amplia,Chevrolet Cruze,2021,11719,700,Vencido,1,0
P000008288,2024-07-05,2025-07-05,Cobertura de colisión,Honda Civic,2021,47354,500,Vencido,0,1
P000008289,2023-07-19,2024-07-18,Cobertura de colisión,Toyota Corolla,2013,45276,700,Al día,0,0
P000008290,2020-02-19,2021-02-18,Cobertura amplia,Volkswagen Jetta,2019,48374,700,Al día,0,0
P000008291,2024-05-13,2025-05-13,Cobertura de robo,Mazda 3,2014,29668,600,Vencido,1,0
P000008292,2022-05-21,2023-05-21,Cobertura total,Kia Forte,2014,19175,500,Al día,0,0
P000008293,2025-02-22,2026-02-22,Cobertura amplia,Honda Civic,2018,40870,700,Vencido,0,0
P000008294,2022-06-20,2023-06-20,Cobertura total,Subaru Impreza,2015,32442,500,Vencido,0,1
P000008295,2020-09-27,2021-09-27,Cobertura de colisión,Nissan Sentra,2014,49000,500,Al día,0,1
P000008296,2023-02-14,2024-02-14,Cobertura amplia,Hyundai Elantra,2014,28339,700,Al día,0,0
P000008297,2024-02-20,2025-02-19,Cobertura de colisión,Toyota Corolla,2019,46384,600,Al día,1,1
P000008298,2020-06-28,2021-06-28,Cobertura total,Subaru Impreza,2011,25048,500,Vencido,1,1
P000008299,2020-10-02,2021-10-02,Cobertura amplia,Mazda 3,2021,20250,500,Vencido,0,1
P000008300,2022-06-14,2023-06-14,Cobertura total,Mazda 3,2012,26006,600,Vencido,1,0
P000008301,2024-08-10,2025-08-10,Cobertura de colisión,Nissan Sentra,2019,35537,700,Al día,0,0
P000008302,2023-05-20,2024-05-19,Cobertura amplia,Chevrolet Cruze,2020,26124,700,Vencido,1,1
P000008303,2025-08-08,2026-08-08,Responsabilidad civil,Nissan Sentra,2016,27219,500,Al día,0,1
P000008304,2021-02-21,2022-02-21,Cobertura de colisión,Toyota Corolla,2016,23657,500,Al día,0,1
P000008305,2021-12-03,2022-12-03,Responsabilidad civil,Hyundai Elantra,2016,42063,700,Al día,0,0
P000008306,2022-10-28,2023-10-28,Cobertura amplia,Toyota Corolla,2011,37022,500,Al día,0,0
P000008307,2021-01-23,2022-01-23,Cobertura de colisión,Ford Focus,2014,31994,600,Al día,1,1
P000008308,2023-08-21,2024-08-20,Responsabilidad civil,Kia Forte,2014,21573,600,Al día,1,1
P000008309,2024-05-10,2025-05-10,Cobertura amplia,Volkswagen Jetta,2019,47471,700,Al día,0,0
P000008310,2021-06-28,2022-06-28,Cobertura amplia,Toyota Corolla,2011,37993,600,Al día,0,1
P000008311,2023-09-22,2024-09-21,Cobertura total,Hyundai Elantra,2018,43364,700,Al día,0,0
P000008312,2021-12-19,2022-12-19,Cobertura amplia,Ford Focus,2018,32102,700,Al día,1,0
P000008313,2023-07-26,2024-07-25,Responsabilidad civil,Hyundai Elantra,2017,48006,700,Vencido,1,1
P000008314,2025-05-28,2026-05-28,Cobertura de robo,Volkswagen Jetta,2014,41324,700,Al día,0,0
P000008315,2020-10-03,2021-10-03,Cobertura de colisión,Kia Forte,2021,26523,700,Vencido,0,0
P000008316,2023-10-04,2024-10-03,Cobertura amplia,Ford Focus,2013,46803,700,Al día,1,0
P000008317,2020-03-13,2021-03-13,Cobertura total,Nissan Sentra,2013,30008,500,Al día,0,1
P000008318,2025-01-12,2026-01-12,Cobertura de robo,Toyota Corolla,2010,19114,700,Al día,0,1
P000008319,2024-04-15,2025-04-15,Cobertura amplia,Hyundai Elantra,2014,22378,700,Vencido,0,0
P000008320,2025-09-24,2026-09-24,Cobertura total,Subaru Impreza,2022,21104,500,Vencido,1,1
P000008321,2022-08-10,2023-08-10,Cobertura total,Chevrolet Cruze,2015,23229,600,Al día,1,0
P000008322,2025-08-24,2026-08-24,Cobertura de robo,Ford Focus,2011,27947,700,Vencido,0,0
P000008323,2020-02-24,2021-02-23,Cobertura total,Toyota Corolla,2014,39199,600,Al día,1,1
P000008324,2022-08-10,2023-08-10,Responsabilidad civil,Ford Focus,2022,25092,500,Al día,1,0
P000008325,2020-03-27,2021-03-27,Responsabilidad civil,Volkswagen Jetta,2013,16205,500,Al día,1,1
P000008326,2021-05-23,2022-05-23,Responsabilidad civil,Ford Focus,2016,24592,700,Vencido,0,0
P000008327,2023-06-19,2024-06-18,Cobertura de robo,Kia Forte,2019,48225,500,Vencido,1,1
P000008328,2022-08-26,2023-08-26,Cobertura de colisión,Chevrolet Cruze,2014,31160,600,Al día,0,0
P000008329,2024-10-21,2025-10-21,Cobertura de robo,Ford Focus,2021,38069,500,Vencido,0,1
P000008330,2022-09-24,2023-09-24,Responsabilidad civil,Kia Forte,2012,31911,600,Al día,1,0
P000008331,2020-11-21,2021-11-21,Cobertura amplia,Toyota Corolla,2021,35107,600,Al día,0,0
P000008332,2020-09-02,2021-09-02,Responsabilidad civil,Hyundai Elantra,2017,37723,700,Al día,0,0
P000008333,2021-07-17,2022-07-17,Cobertura total,Toyota Corolla,2019,40141,500,Al día,0,0
P000008334,2024-03-14,2025-03-14,Responsabilidad civil,Honda Civic,2012,29340,600,Vencido,0,1
P000008335,2025-08-04,2026-08-04,Cobertura amplia,Toyota Corolla,2011,47782,700,Al día,1,1
P000008336,2023-04-29,2024-04-28,Cobertura amplia,Kia Forte,2016,39445,700,Al día,1,1
P000008337,2022-04-07,2023-04-07,Cobertura de colisión,Nissan Sentra,2013,23851,700,Al día,0,1
P000008338,2021-09-13,2022-09-13,Cobertura amplia,Toyota Corolla,2016,20278,500,Al día,0,1
P000008339,2024-03-19,2025-03-19,Cobertura de colisión,Kia Forte,2019,10325,600,Al día,1,0
P000008340,2022-04-17,2023-04-17,Cobertura de colisión,Hyundai Elantra,2015,19075,500,Al día,1,1
P000008341,2020-06-04,2021-06-04,Cobertura amplia,Honda Civic,2019,43022,500,Vencido,0,1
P000008342,2022-09-02,2023-09-02,Cobertura de colisión,Nissan Sentra,2022,39394,600,Vencido,0,1
P000008343,2024-12-22,2025-12-22,Cobertura de colisión,Toyota Corolla,2010,13655,500,Al día,1,0
P000008344,2023-09-08,2024-09-07,Cobertura de colisión,Kia Forte,2014,32141,600,Vencido,0,0
P000008345,2021-07-03,2022-07-03,Cobertura de robo,Toyota Corolla,2021,31170,700,Al día,0,1
P000008346,2023-02-13,2024-02-13,Cobertura total,Chevrolet Cruze,2010,42494,700,Vencido,1,0
P000008347,2023-07-24,2024-07-23,Responsabilidad civil,Kia Forte,2011,34226,500,Vencido,0,1
P000008348,2020-06-11,2021-06-11,Responsabilidad civil,Honda Civic,2015,32357,600,Vencido,0,0
P000008349,2025-11-03,2026-11-03,Cobertura de colisión,Toyota Corolla,2018,33045,700,Vencido,0,1
P000008350,2024-08-26,2025-08-26,Cobertura de robo,Ford Focus,2020,46734,700,Al día,1,0
P000008351,2023-03-27,2024-03-26,Cobertura de robo,Ford Focus,2017,42103,600,Vencido,0,0
P000008352,2020-04-07,2021-04-07,Responsabilidad civil,Ford Focus,2014,25342,600,Al día,1,0
P000008353,2022-07-27,2023-07-27,Cobertura amplia,Toyota Corolla,2010,27578,600,Vencido,0,1
P000008354,2023-09-18,2024-09-17,Cobertura de robo,Nissan Sentra,2018,49213,500,Al día,1,0
P000008355,2023-11-04,2024-11-03,Cobertura amplia,Ford Focus,2012,19521,500,Vencido,0,0
P000008356,2022-09-19,2023-09-19,Cobertura de colisión,Toyota Corolla,2022,37218,500,Vencido,0,0
P000008357,2022-04-23,2023-04-23,Cobertura de robo,Subaru Impreza,2012,45394,500,Vencido,0,0
P000008358,2020-08-09,2021-08-09,Cobertura amplia,Toyota Corolla,2019,33126,500,Al día,1,0
P000008359,2022-10-14,2023-10-14,Responsabilidad civil,Hyundai Elantra,2012,21430,500,Al día,0,0
P000008360,2022-06-30,2023-06-30,Cobertura de colisión,Chevrolet Cruze,2012,38990,700,Al día,1,0
P000008361,2024-04-11,2025-04-11,Cobertura de colisión,Nissan Sentra,2018,40841,700,Al día,0,1
P000008362,2025-11-05,2026-11-05,Cobertura amplia,Chevrolet Cruze,2014,19741,500,Al día,1,0
P000008363,2023-08-10,2024-08-09,Cobertura total,Ford Focus,2015,44182,700,Al día,1,1
P000008364,2022-01-21,2023-01-21,Cobertura total,Kia Forte,2016,40120,700,Al día,1,1
P000008365,2024-12-16,2025-12-16,Cobertura total,Chevrolet Cruze,2013,15385,600,Vencido,1,0
P000008366,2020-01-25,2021-01-24,Cobertura de colisión,Honda Civic,2019,17879,600,Al día,0,0
P000008367,2020-09-21,2021-09-21,Cobertura de colisión,Subaru Impreza,2013,21277,500,Al día,1,0
P000008368,2025-07-06,2026-07-06,Cobertura amplia,Toyota Corolla,2017,39078,700,Vencido,1,0
P000008369,2020-10-13,2021-10-13,Cobertura de colisión,Volkswagen Jetta,2011,24281,500,Vencido,1,1
P000008370,2022-02-27,2023-02-27,Responsabilidad civil,Ford Focus,2021,29525,600,Vencido,1,0
P000008371,2020-08-01,2021-08-01,Cobertura amplia,Mazda 3,2014,48198,700,Al día,1,1
P000008372,2021-08-02,2022-08-02,Responsabilidad civil,Kia Forte,2015,35700,700,Vencido,1,1
P000008373,2022-04-16,2023-04-16,Cobertura total,Toyota Corolla,2012,30398,500,Al día,1,0
P000008374,2021-05-29,2022-05-29,Cobertura de robo,Nissan Sentra,2010,11972,600,Al día,0,1
P000008375,2021-01-10,2022-01-10,Cobertura total,Hyundai Elantra,2015,39465,500,Al día,1,1
P000008376,2021-12-12,2022-12-12,Cobertura total,Ford Focus,2012,18882,500,Al día,1,0
P000008377,2022-04-17,2023-04-17,Cobertura de robo,Mazda 3,2016,19518,600,Al día,0,0
P000008378,2022-08-25,2023-08-25,Cobertura de colisión,Toyota Corolla,2012,27432,700,Al día,0,0
P000008379,2025-09-09,2026-09-09,Cobertura total,Volkswagen Jetta,2014,40874,700,Vencido,1,0
P000008380,2020-11-16,2021-11-16,Responsabilidad civil,Toyota Corolla,2010,29190,700,Vencido,0,0
P000008381,2024-10-11,2025-10-11,Cobertura de robo,Volkswagen Jetta,2013,29979,700,Al día,1,0
P000008382,2025-03-28,2026-03-28,Cobertura total,Chevrolet Cruze,2019,17343,600,Vencido,1,0
P000008383,2023-06-29,2024-06-28,Responsabilidad civil,Hyundai Elantra,2015,28011,600,Al día,1,1
P000008384,2021-11-03,2022-11-03,Cobertura amplia,Volkswagen Jetta,2013,22872,700,Al día,0,1
P000008385,2022-03-20,2023-03-20,Cobertura de robo,Hyundai Elantra,2021,30021,600,Al día,1,1
P000008386,2022-09-30,2023-09-30,Cobertura total,Toyota Corolla,2022,29586,700,Vencido,0,0
P000008387,2024-10-02,2025-10-02,Cobertura amplia,Ford Focus,2014,21943,500,Vencido,0,0
P000008388,2021-12-23,2022-12-23,Cobertura amplia,Volkswagen Jetta,2017,39417,500,Vencido,1,1
P000008389,2022-10-16,2023-10-16,Cobertura amplia,Volkswagen Jetta,2015,19593,700,Vencido,1,0
P000008390,2023-05-26,2024-05-25,Cobertura de colisión,Nissan Sentra,2010,20573,700,Vencido,1,0
P000008391,2023-03-14,2024-03-13,Cobertura amplia,Volkswagen Jetta,2014,17805,700,Vencido,1,1
P000008392,2025-01-10,2026-01-10,Cobertura amplia,Mazda 3,2011,34027,500,Vencido,1,0
P000008393,2022-04-04,2023-04-04,Cobertura de robo,Honda Civic,2017,18442,600,Vencido,1,0
P000008394,2023-01-18,2024-01-18,Cobertura de colisión,Ford Focus,2013,19180,600,Vencido,1,0
P000008395,2025-05-24,2026-05-24,Cobertura de robo,Ford Focus,2013,16781,700,Vencido,0,0
P000008396,2020-11-23,2021-11-23,Responsabilidad civil,Ford Focus,2012,20717,600,Al día,0,1
P000008397,2024-01-12,2025-01-11,Responsabilidad civil,Toyota Corolla,2017,30522,600,Vencido,1,0
P000008398,2024-06-19,2025-06-19,Cobertura total,Mazda 3,2019,44704,700,Vencido,0,0
P000008399,2024-03-27,2025-03-27,Cobertura total,Hyundai Elantra,2018,35086,500,Vencido,1,1
P000008400,2021-11-18,2022-11-18,Cobertura de robo,Subaru Impreza,2010,25485,700,Vencido,1,0
P000008401,2025-04-12,2026-04-12,Cobertura de colisión,Toyota Corolla,2016,45502,500,Vencido,1,1
P000008402,2024-12-12,2025-12-12,Cobertura de colisión,Honda Civic,2012,43117,600,Al día,0,1
P000008403,2024-09-27,2025-09-27,Cobertura amplia,Toyota Corolla,2011,20102,500,Al día,1,1
P000008404,2025-08-31,2026-08-31,Cobertura amplia,Volkswagen Jetta,2010,48873,500,Vencido,1,1
P000008405,2024-11-10,2025-11-10,Responsabilidad civil,Honda Civic,2016,30675,700,Al día,1,0
P000008406,2021-09-30,2022-09-30,Responsabilidad civil,Ford Focus,2012,38009,500,Al día,1,1
P000008407,2025-05-28,2026-05-28,Cobertura total,Honda Civic,2011,30892,700,Vencido,1,0
P000008408,2020-03-22,2021-03-22,Cobertura de colisión,Hyundai Elantra,2017,34570,500,Vencido,1,0
P000008409,2024-04-11,2025-04-11,Responsabilidad civil,Mazda 3,2021,36016,700,Vencido,1,0
P000008410,2024-10-16,2025-10-16,Cobertura total,Kia Forte,2015,15364,500,Al día,0,1
P000008411,2020-12-06,2021-12-06,Responsabilidad civil,Subaru Impreza,2022,28453,500,Vencido,1,1
P000008412,2023-05-14,2024-05-13,Cobertura amplia,Hyundai Elantra,2016,23084,500,Vencido,1,1
P000008413,2021-09-17,2022-09-17,Cobertura total,Subaru Impreza,2018,24609,500,Vencido,0,0
P000008414,2021-12-20,2022-12-20,Cobertura de colisión,Mazda 3,2021,20342,500,Al día,0,0
P000008415,2022-11-19,2023-11-19,Cobertura de robo,Hyundai Elantra,2019,16518,500,Al día,1,0
P000008416,2024-04-07,2025-04-07,Responsabilidad civil,Ford Focus,2018,15102,700,Vencido,1,1
P000008417,2025-03-14,2026-03-14,Responsabilidad civil,Chevrolet Cruze,2019,45942,600,Vencido,0,1
P000008418,2023-06-06,2024-06-05,Cobertura de colisión,Nissan Sentra,2014,17644,700,Vencido,0,0
P000008419,2025-01-31,2026-01-31,Responsabilidad civil,Honda Civic,2021,35481,700,Al día,1,0
P000008420,2023-03-06,2024-03-05,Cobertura amplia,Toyota Corolla,2017,14380,600,Al día,1,0
P000008421,2024-03-16,2025-03-16,Responsabilidad civil,Honda Civic,2011,14113,700,Vencido,0,1
P000008422,2025-05-23,2026-05-23,Cobertura amplia,Toyota Corolla,2018,10112,600,Vencido,1,1
P000008423,2020-10-21,2021-10-21,Cobertura de robo,Toyota Corolla,2016,10600,600,Al día,1,0
P000008424,2023-09-26,2024-09-25,Cobertura total,Hyundai Elantra,2017,47685,700,Vencido,0,0
P000008425,2021-07-13,2022-07-13,Cobertura de robo,Honda Civic,2016,26346,500,Al día,0,1
P000008426,2025-04-06,2026-04-06,Cobertura total,Ford Focus,2021,25348,500,Al día,0,0
P000008427,2022-03-12,2023-03-12,Cobertura total,Honda Civic,2018,24607,600,Vencido,0,0
P000008428,2021-09-25,2022-09-25,Cobertura total,Toyota Corolla,2010,41708,600,Al día,1,1
P000008429,2022-02-15,2023-02-15,Cobertura de colisión,Chevrolet Cruze,2014,42701,500,Vencido,1,1
P000008430,2020-01-18,2021-01-17,Cobertura de colisión,Nissan Sentra,2020,46380,500,Al día,0,0
P000008431,2020-02-22,2021-02-21,Responsabilidad civil,Toyota Corolla,2021,33470,700,Al día,0,0
P000008432,2025-08-12,2026-08-12,Cobertura de colisión,Honda Civic,2016,17111,500,Vencido,0,1
P000008433,2024-03-12,2025-03-12,Cobertura total,Toyota Corolla,2011,18990,700,Al día,1,1
P000008434,2025-07-05,2026-07-05,Cobertura total,Mazda 3,2019,21005,600,Al día,0,1
P000008435,2024-07-15,2025-07-15,Cobertura total,Toyota Corolla,2019,28272,500,Al día,1,1
P000008436,2024-08-30,2025-08-30,Cobertura total,Honda Civic,2012,27197,500,Al día,0,1
P000008437,2024-06-04,2025-06-04,Cobertura total,Honda Civic,2017,33236,600,Vencido,0,0
P000008438,2024-03-08,2025-03-08,Cobertura amplia,Toyota Corolla,2022,45135,600,Al día,0,0
P000008439,2024-04-22,2025-04-22,Cobertura de robo,Toyota Corolla,2019,39079,500,Vencido,1,1
P000008440,2025-06-28,2026-06-28,Cobertura total,Toyota Corolla,2017,18164,500,Al día,1,1
P000008441,2023-06-14,2024-06-13,Cobertura amplia,Honda Civic,2016,20470,600,Al día,0,1
P000008442,2020-10-18,2021-10-18,Responsabilidad civil,Hyundai Elantra,2010,14424,700,Vencido,1,0
P000008443,2024-08-01,2025-08-01,Cobertura amplia,Ford Focus,2018,28947,500,Al día,1,0
P000008444,2020-06-08,2021-06-08,Cobertura total,Toyota Corolla,2020,27224,700,Vencido,1,1
P000008445,2021-05-24,2022-05-24,Cobertura total,Volkswagen Jetta,2019,36668,700,Vencido,0,0
P000008446,2024-04-25,2025-04-25,Cobertura total,Ford Focus,2010,20149,700,Al día,1,1
P000008447,2021-10-27,2022-10-27,Cobertura amplia,Toyota Corolla,2015,13455,700,Vencido,0,0
P000008448,2022-03-06,2023-03-06,Responsabilidad civil,Hyundai Elantra,2019,15084,500,Vencido,1,1
P000008449,2024-11-22,2025-11-22,Cobertura de colisión,Hyundai Elantra,2016,41287,600,Vencido,1,0
P000008450,2022-11-11,2023-11-11,Cobertura amplia,Toyota Corolla,2014,32967,600,Al día,0,1
P000008451,2023-11-28,2024-11-27,Responsabilidad civil,Chevrolet Cruze,2016,33253,600,Vencido,1,0
P000008452,2025-09-18,2026-09-18,Responsabilidad civil,Volkswagen Jetta,2014,27703,700,Vencido,0,0
P000008453,2025-06-24,2026-06-24,Cobertura amplia,Toyota Corolla,2019,12111,600,Al día,0,1
P000008454,2024-02-17,2025-02-16,Cobertura de colisión,Volkswagen Jetta,2010,11719,600,Al día,0,0
P000008455,2020-08-24,2021-08-24,Cobertura amplia,Toyota Corolla,2014,12750,700,Vencido,0,0
P000008456,2024-04-27,2025-04-27,Cobertura de colisión,Chevrolet Cruze,2014,14094,600,Vencido,0,1
P000008457,2024-10-02,2025-10-02,Responsabilidad civil,Toyota Corolla,2015,48118,600,Al día,0,0
P000008458,2022-10-07,2023-10-07,Cobertura total,Hyundai Elantra,2019,18085,600,Vencido,0,1
P000008459,2022-09-19,2023-09-19,Responsabilidad civil,Toyota Corolla,2011,33630,600,Vencido,1,0
P000008460,2025-05-10,2026-05-10,Cobertura de robo,Hyundai Elantra,2018,10815,600,Vencido,1,1
P000008461,2020-05-21,2021-05-21,Cobertura de colisión,Ford Focus,2012,27239,600,Vencido,0,1
P000008462,2024-01-20,2025-01-19,Cobertura de robo,Ford Focus,2010,33893,500,Al día,0,1
P000008463,2020-04-25,2021-04-25,Cobertura de colisión,Nissan Sentra,2022,26376,500,Vencido,1,1
P000008464,2021-08-28,2022-08-28,Cobertura total,Chevrolet Cruze,2020,17613,600,Al día,0,1
P000008465,2022-12-06,2023-12-06,Cobertura de robo,Toyota Corolla,2018,35441,700,Vencido,0,0
P000008466,2025-02-08,2026-02-08,Cobertura de robo,Toyota Corolla,2014,12762,700,Vencido,0,1
P000008467,2021-08-26,2022-08-26,Cobertura amplia,Chevrolet Cruze,2012,46602,700,Vencido,1,0
P000008468,2022-11-07,2023-11-07,Cobertura de robo,Toyota Corolla,2013,24302,500,Al día,0,0
P000008469,2022-10-10,2023-10-10,Cobertura de colisión,Chevrolet Cruze,2011,21880,700,Al día,0,1
P000008470,2021-10-23,2022-10-23,Responsabilidad civil,Mazda 3,2017,36286,700,Vencido,1,1
P000008471,2020-02-20,2021-02-19,Responsabilidad civil,Toyota Corolla,2013,39542,600,Vencido,1,0
P000008472,2021-04-23,2022-04-23,Cobertura total,Chevrolet Cruze,2013,12378,500,Al día,1,1
P000008473,2021-01-13,2022-01-13,Cobertura de colisión,Toyota Corolla,2011,26546,500,Al día,0,0
P000008474,2024-04-23,2025-04-23,Cobertura amplia,Toyota Corolla,2011,19883,700,Al día,0,0
P000008475,2024-06-16,2025-06-16,Responsabilidad civil,Toyota Corolla,2016,41374,600,Al día,1,1
P000008476,2020-11-25,2021-11-25,Cobertura amplia,Toyota Corolla,2019,19064,500,Al día,1,1
P000008477,2025-10-24,2026-10-24,Cobertura total,Nissan Sentra,2019,44177,500,Vencido,1,1
P000008478,2022-02-12,2023-02-12,Cobertura total,Honda Civic,2021,27712,600,Al día,0,1
P000008479,2024-09-28,2025-09-28,Responsabilidad civil,Honda Civic,2016,44707,700,Vencido,0,1
P000008480,2021-11-10,2022-11-10,Responsabilidad civil,Honda Civic,2022,27897,600,Al día,0,0
P000008481,2024-10-14,2025-10-14,Cobertura de colisión,Kia Forte,2013,15560,500,Vencido,1,1
P000008482,2022-11-01,2023-11-01,Cobertura de colisión,Ford Focus,2016,15716,600,Al día,0,1
P000008483,2023-05-22,2024-05-21,Cobertura amplia,Honda Civic,2018,22876,500,Vencido,1,1
P000008484,2025-08-12,2026-08-12,Cobertura total,Toyota Corolla,2021,40313,600,Al día,0,0
P000008485,2025-12-23,2026-12-23,Cobertura total,Subaru Impreza,2022,22969,600,Vencido,0,1
P000008486,2024-04-16,2025-04-16,Cobertura total,Hyundai Elantra,2015,37575,600,Vencido,1,0
P000008487,2023-06-15,2024-06-14,Cobertura de colisión,Chevrolet Cruze,2020,28622,600,Vencido,1,1
P000008488,2024-08-12,2025-08-12,Cobertura de robo,Subaru Impreza,2021,45867,700,Vencido,0,0
P000008489,2020-12-30,2021-12-30,Cobertura total,Toyota Corolla,2020,14867,600,Al día,0,0
P000008490,2021-03-23,2022-03-23,Cobertura de robo,Nissan Sentra,2016,37829,600,Al día,0,0
P000008491,2023-11-11,2024-11-10,Cobertura total,Volkswagen Jetta,2010,36820,500,Al día,0,0
P000008492,2021-08-07,2022-08-07,Cobertura total,Subaru Impreza,2020,15779,500,Al día,1,0
P000008493,2023-01-06,2024-01-06,Cobertura de robo,Toyota Corolla,2016,15497,500,Vencido,1,1
P000008494,2022-05-08,2023-05-08,Cobertura de colisión,Volkswagen Jetta,2015,42255,600,Vencido,0,1
P000008495,2024-06-18,2025-06-18,Cobertura de robo,Honda Civic,2015,40504,600,Vencido,1,0
P000008496,2023-06-15,2024-06-14,Responsabilidad civil,Hyundai Elantra,2022,37115,500,Vencido,1,1
P000008497,2020-01-27,2021-01-26,Cobertura de colisión,Ford Focus,2018,39293,700,Vencido,0,1
P000008498,2021-11-20,2022-11-20,Cobertura total,Ford Focus,2014,15973,700,Al día,0,0
P000008499,2025-07-07,2026-07-07,Responsabilidad civil,Volkswagen Jetta,2013,12296,600,Vencido,1,0
P000008500,2020-01-07,2021-01-06,Responsabilidad civil,Honda Civic,2019,25611,600,Vencido,0,1
P000008501,2021-01-31,2022-01-31,Cobertura amplia,Subaru Impreza,2019,39137,700,Al día,1,0
P000008502,2020-10-13,2021-10-13,Cobertura amplia,Nissan Sentra,2020,12157,500,Al día,1,0
P000008503,2024-09-07,2025-09-07,Cobertura total,Chevrolet Cruze,2022,10541,700,Vencido,1,1
P000008504,2025-11-20,2026-11-20,Cobertura total,Ford Focus,2011,14998,500,Vencido,1,1
P000008505,2024-09-03,2025-09-03,Cobertura amplia,Chevrolet Cruze,2020,28596,500,Al día,0,0
P000008506,2023-03-27,2024-03-26,Cobertura de robo,Hyundai Elantra,2012,26473,600,Vencido,1,1
P000008507,2024-10-31,2025-10-31,Cobertura total,Honda Civic,2016,20771,500,Al día,1,0
P000008508,2021-11-29,2022-11-29,Responsabilidad civil,Toyota Corolla,2020,31735,600,Al día,0,0
P000008509,2021-12-23,2022-12-23,Cobertura de robo,Honda Civic,2017,35778,700,Vencido,1,1
P000008510,2024-03-14,2025-03-14,Cobertura de colisión,Toyota Corolla,2018,38944,700,Al día,1,1
P000008511,2022-02-02,2023-02-02,Cobertura total,Honda Civic,2020,33880,500,Vencido,0,1
P000008512,2021-07-04,2022-07-04,Cobertura total,Hyundai Elantra,2021,18890,600,Al día,1,1
P000008513,2022-03-22,2023-03-22,Cobertura amplia,Hyundai Elantra,2021,32971,700,Al día,0,0
P000008514,2025-06-15,2026-06-15,Cobertura de colisión,Kia Forte,2015,41871,700,Al día,0,1
P000008515,2022-01-15,2023-01-15,Responsabilidad civil,Subaru Impreza,2015,26087,700,Vencido,0,1
P000008516,2025-08-20,2026-08-20,Responsabilidad civil,Honda Civic,2022,44303,700,Vencido,0,0
P000008517,2021-03-27,2022-03-27,Cobertura de colisión,Hyundai Elantra,2015,13732,700,Vencido,1,0
P000008518,2025-01-19,2026-01-19,Cobertura total,Volkswagen Jetta,2010,15597,700,Al día,1,0
P000008519,2022-05-20,2023-05-20,Responsabilidad civil,Kia Forte,2018,17905,700,Vencido,1,1
P000008520,2022-01-30,2023-01-30,Cobertura amplia,Subaru Impreza,2018,19693,700,Al día,0,0
P000008521,2022-04-03,2023-04-03,Responsabilidad civil,Honda Civic,2014,26872,500,Al día,1,1
P000008522,2020-08-29,2021-08-29,Cobertura de colisión,Toyota Corolla,2020,35388,700,Vencido,1,0
P000008523,2022-01-18,2023-01-18,Cobertura de colisión,Subaru Impreza,2015,20023,700,Al día,0,1
P000008524,2022-02-24,2023-02-24,Cobertura total,Honda Civic,2020,49208,600,Al día,1,1
P000008525,2022-11-28,2023-11-28,Cobertura de colisión,Honda Civic,2020,39577,700,Vencido,0,1
P000008526,2024-08-01,2025-08-01,Cobertura total,Toyota Corolla,2010,40860,600,Vencido,1,0
P000008527,2024-12-10,2025-12-10,Responsabilidad civil,Honda Civic,2014,22702,700,Vencido,0,0
P000008528,2021-03-23,2022-03-23,Responsabilidad civil,Hyundai Elantra,2017,39801,600,Vencido,1,1
P000008529,2021-11-11,2022-11-11,Cobertura amplia,Chevrolet Cruze,2013,36375,600,Al día,1,1
P000008530,2020-11-22,2021-11-22,Cobertura de colisión,Hyundai Elantra,2019,18877,500,Al día,0,0
P000008531,2023-04-15,2024-04-14,Cobertura total,Hyundai Elantra,2011,43411,500,Vencido,1,1
P000008532,2020-12-17,2021-12-17,Cobertura amplia,Volkswagen Jetta,2014,43053,600,Al día,0,0
P000008533,2024-03-27,2025-03-27,Responsabilidad civil,Kia Forte,2016,43556,500,Vencido,1,0
P000008534,2021-05-25,2022-05-25,Cobertura de robo,Toyota Corolla,2014,18079,500,Al día,0,1
P000008535,2023-02-07,2024-02-07,Responsabilidad civil,Honda Civic,2017,28010,500,Vencido,0,1
P000008536,2020-09-20,2021-09-20,Cobertura de robo,Hyundai Elantra,2012,46125,600,Al día,0,1
P000008537,2023-11-02,2024-11-01,Cobertura amplia,Volkswagen Jetta,2010,47322,700,Al día,1,0
P000008538,2020-05-01,2021-05-01,Cobertura de robo,Toyota Corolla,2011,14808,700,Vencido,1,1
P000008539,2022-08-19,2023-08-19,Cobertura de robo,Hyundai Elantra,2011,35308,700,Al día,1,1
P000008540,2025-05-11,2026-05-11,Cobertura de robo,Toyota Corolla,2022,24957,500,Vencido,0,1
P000008541,2025-06-10,2026-06-10,Cobertura total,Honda Civic,2021,13429,600,Vencido,1,0
P000008542,2021-02-16,2022-02-16,Cobertura de robo,Toyota Corolla,2013,43072,700,Al día,1,1
P000008543,2020-02-08,2021-02-07,Responsabilidad civil,Ford Focus,2013,29831,700,Al día,0,0
P000008544,2020-09-07,2021-09-07,Cobertura amplia,Nissan Sentra,2019,26584,500,Vencido,1,0
P000008545,2022-12-25,2023-12-25,Cobertura total,Kia Forte,2010,47029,700,Al día,1,0
P000008546,2020-01-30,2021-01-29,Responsabilidad civil,Toyota Corolla,2015,19604,600,Al día,1,1
P000008547,2020-06-20,2021-06-20,Cobertura de colisión,Toyota Corolla,2010,15337,600,Al día,1,0
P000008548,2021-01-31,2022-01-31,Cobertura total,Nissan Sentra,2010,29174,700,Al día,0,0
P000008549,2022-05-14,2023-05-14,Cobertura amplia,Toyota Corolla,2014,31079,700,Vencido,1,0
P000008550,2025-11-09,2026-11-09,Responsabilidad civil,Chevrolet Cruze,2020,33733,500,Al día,1,1
P000008551,2020-01-30,2021-01-29,Cobertura de robo,Kia Forte,2022,32399,700,Al día,1,1
P000008552,2024-03-18,2025-03-18,Cobertura de robo,Toyota Corolla,2013,47804,500,Vencido,1,1
P000008553,2025-10-31,2026-10-31,Cobertura de colisión,Chevrolet Cruze,2020,21151,500,Al día,0,0
P000008554,2022-12-24,2023-12-24,Cobertura total,Ford Focus,2010,22292,700,Vencido,0,0
P000008555,2025-06-13,2026-06-13,Cobertura de colisión,Nissan Sentra,2019,38326,600,Vencido,0,0
P000008556,2025-04-22,2026-04-22,Cobertura de robo,Ford Focus,2021,29557,700,Vencido,1,1
P000008557,2023-10-12,2024-10-11,Cobertura amplia,Volkswagen Jetta,2016,41498,500,Al día,0,1
P000008558,2024-10-25,2025-10-25,Cobertura de colisión,Chevrolet Cruze,2010,22077,500,Vencido,0,0
P000008559,2023-10-10,2024-10-09,Cobertura total,Subaru Impreza,2020,23365,700,Al día,1,1
P000008560,2024-02-27,2025-02-26,Responsabilidad civil,Ford Focus,2019,16012,700,Vencido,1,1
P000008561,2023-11-06,2024-11-05,Cobertura amplia,Ford Focus,2022,20575,600,Al día,0,0
P000008562,2023-07-15,2024-07-14,Cobertura de colisión,Toyota Corolla,2011,23044,700,Al día,0,1
P000008563,2022-09-08,2023-09-08,Cobertura de colisión,Toyota Corolla,2011,41599,700,Vencido,0,1
P000008564,2024-01-19,2025-01-18,Cobertura amplia,Honda Civic,2014,45501,700,Vencido,0,0
P000008565,2024-06-20,2025-06-20,Cobertura de robo,Ford Focus,2022,49554,700,Al día,1,0
P000008566,2024-03-30,2025-03-30,Cobertura de robo,Toyota Corolla,2012,14434,500,Vencido,0,1
P000008567,2020-08-22,2021-08-22,Cobertura total,Ford Focus,2010,47228,500,Al día,0,0
P000008568,2023-12-29,2024-12-28,Responsabilidad civil,Volkswagen Jetta,2022,13479,600,Al día,0,0
P000008569,2023-09-14,2024-09-13,Cobertura amplia,Honda Civic,2015,20770,700,Al día,0,1
P000008570,2021-02-14,2022-02-14,Cobertura de robo,Toyota Corolla,2022,42783,600,Al día,0,0
P000008571,2020-01-13,2021-01-12,Cobertura de robo,Chevrolet Cruze,2015,21242,700,Vencido,0,0
P000008572,2025-02-14,2026-02-14,Responsabilidad civil,Toyota Corolla,2014,25373,700,Vencido,1,0
P000008573,2024-07-03,2025-07-03,Cobertura de colisión,Chevrolet Cruze,2014,33772,600,Vencido,1,0
P000008574,2021-07-22,2022-07-22,Responsabilidad civil,Toyota Corolla,2012,23842,500,Vencido,0,0
P000008575,2020-04-15,2021-04-15,Cobertura total,Volkswagen Jetta,2014,10291,600,Al día,1,0
P000008576,2021-05-18,2022-05-18,Cobertura de colisión,Mazda 3,2022,13689,600,Al día,0,1
P000008577,2025-12-13,2026-12-13,Cobertura total,Nissan Sentra,2010,19365,500,Vencido,1,1
P000008578,2023-02-18,2024-02-18,Responsabilidad civil,Nissan Sentra,2012,26770,700,Al día,1,1
P000008579,2022-10-15,2023-10-15,Cobertura amplia,Chevrolet Cruze,2018,42689,700,Al día,1,1
P000008580,2024-02-18,2025-02-17,Cobertura de colisión,Chevrolet Cruze,2015,24752,500,Al día,0,1
P000008581,2025-01-25,2026-01-25,Responsabilidad civil,Kia Forte,2022,42925,600,Al día,1,1
P000008582,2025-04-30,2026-04-30,Cobertura amplia,Hyundai Elantra,2010,11041,700,Al día,0,1
P000008583,2025-10-10,2026-10-10,Cobertura de colisión,Hyundai Elantra,2014,33554,500,Al día,1,1
P000008584,2024-08-19,2025-08-19,Cobertura total,Ford Focus,2019,14587,600,Vencido,0,1
P000008585,2022-02-08,2023-02-08,Cobertura amplia,Chevrolet Cruze,2021,38550,500,Al día,1,1
P000008586,2020-01-13,2021-01-12,Responsabilidad civil,Toyota Corolla,2022,26873,500,Al día,1,1
P000008587,2023-08-12,2024-08-11,Cobertura amplia,Toyota Corolla,2016,45653,700,Vencido,1,1
P000008588,2020-03-09,2021-03-09,Cobertura total,Ford Focus,2013,11584,500,Vencido,1,0
P000008589,2024-01-15,2025-01-14,Cobertura de colisión,Mazda 3,2010,47072,500,Vencido,0,0
P000008590,2020-07-06,2021-07-06,Cobertura total,Honda Civic,2014,18636,700,Al día,0,1
P000008591,2023-08-26,2024-08-25,Cobertura de robo,Honda Civic,2011,23602,500,Vencido,1,1
P000008592,2024-12-24,2025-12-24,Cobertura de colisión,Honda Civic,2013,45954,500,Vencido,1,1
P000008593,2022-08-14,2023-08-14,Cobertura de robo,Toyota Corolla,2018,44940,700,Al día,1,0
P000008594,2025-06-07,2026-06-07,Cobertura amplia,Volkswagen Jetta,2018,13657,500,Al día,0,0
P000008595,2024-06-27,2025-06-27,Cobertura amplia,Nissan Sentra,2014,39991,500,Al día,0,0
P000008596,2020-11-29,2021-11-29,Cobertura de robo,Ford Focus,2013,11001,700,Vencido,1,0
P000008597,2023-11-27,2024-11-26,Responsabilidad civil,Ford Focus,2011,16449,700,Al día,0,0
P000008598,2024-10-18,2025-10-18,Cobertura amplia,Toyota Corolla,2021,33376,600,Vencido,0,0
P000008599,2025-05-04,2026-05-04,Responsabilidad civil,Chevrolet Cruze,2020,46239,700,Vencido,1,0
P000008600,2021-02-15,2022-02-15,Cobertura de colisión,Chevrolet Cruze,2013,16219,500,Vencido,0,0
P000008601,2024-04-25,2025-04-25,Cobertura de colisión,Toyota Corolla,2011,38554,600,Vencido,1,1
P000008602,2023-04-18,2024-04-17,Cobertura amplia,Honda Civic,2022,19737,600,Vencido,1,0
P000008603,2022-03-10,2023-03-10,Cobertura amplia,Subaru Impreza,2021,21825,700,Al día,0,0
P000008604,2021-08-09,2022-08-09,Cobertura de robo,Subaru Impreza,2014,17522,700,Al día,1,0
P000008605,2025-10-31,2026-10-31,Cobertura total,Chevrolet Cruze,2011,24817,600,Vencido,1,0
P000008606,2025-08-28,2026-08-28,Cobertura de robo,Subaru Impreza,2011,38395,700,Al día,1,0
P000008607,2020-05-10,2021-05-10,Cobertura total,Honda Civic,2012,13402,700,Al día,0,1
P000008608,2021-06-07,2022-06-07,Cobertura total,Nissan Sentra,2018,21417,700,Vencido,0,1
P000008609,2025-08-01,2026-08-01,Cobertura de robo,Honda Civic,2017,17257,600,Al día,0,1
P000008610,2020-12-22,2021-12-22,Cobertura de colisión,Honda Civic,2022,36910,500,Al día,1,1
P000008611,2023-05-19,2024-05-18,Cobertura de robo,Honda Civic,2013,27897,600,Vencido,0,0
P000008612,2025-03-27,2026-03-27,Cobertura de colisión,Toyota Corolla,2016,15668,500,Al día,0,1
P000008613,2021-11-19,2022-11-19,Cobertura amplia,Kia Forte,2019,24582,600,Vencido,1,0
P000008614,2025-01-01,2026-01-01,Cobertura amplia,Ford Focus,2022,25434,600,Vencido,0,1
P000008615,2021-04-18,2022-04-18,Cobertura total,Honda Civic,2017,31359,600,Al día,0,0
P000008616,2025-05-28,2026-05-28,Responsabilidad civil,Ford Focus,2013,29576,500,Vencido,0,1
P000008617,2022-09-13,2023-09-13,Cobertura total,Honda Civic,2016,44157,700,Al día,1,1
P000008618,2022-09-23,2023-09-23,Cobertura total,Hyundai Elantra,2014,27411,600,Al día,0,1
P000008619,2022-05-16,2023-05-16,Cobertura de robo,Hyundai Elantra,2016,14105,600,Vencido,0,0
P000008620,2021-11-29,2022-11-29,Cobertura total,Chevrolet Cruze,2011,49176,600,Al día,0,0
P000008621,2021-01-01,2022-01-01,Cobertura amplia,Mazda 3,2022,32286,700,Vencido,0,0
P000008622,2021-03-08,2022-03-08,Cobertura total,Honda Civic,2018,40821,700,Al día,0,1
P000008623,2024-11-16,2025-11-16,Cobertura de colisión,Toyota Corolla,2021,42943,500,Vencido,0,0
P000008624,2020-04-29,2021-04-29,Cobertura de colisión,Hyundai Elantra,2021,46602,500,Vencido,1,1
P000008625,2021-10-18,2022-10-18,Cobertura total,Hyundai Elantra,2018,29449,700,Al día,1,0
P000008626,2023-08-30,2024-08-29,Responsabilidad civil,Toyota Corolla,2018,20862,700,Vencido,0,1
P000008627,2024-04-19,2025-04-19,Cobertura de colisión,Hyundai Elantra,2020,26150,500,Vencido,0,1
P000008628,2023-02-22,2024-02-22,Cobertura total,Mazda 3,2014,28191,700,Al día,1,0
P000008629,2022-06-21,2023-06-21,Responsabilidad civil,Toyota Corolla,2014,21046,700,Al día,1,0
P000008630,2022-11-21,2023-11-21,Cobertura de robo,Hyundai Elantra,2017,23616,600,Al día,1,1
P000008631,2025-05-04,2026-05-04,Cobertura de robo,Honda Civic,2015,33899,600,Al día,0,0
P000008632,2021-05-19,2022-05-19,Cobertura de colisión,Chevrolet Cruze,2011,32816,600,Vencido,0,0
P000008633,2021-07-10,2022-07-10,Cobertura de robo,Honda Civic,2013,42157,500,Vencido,1,1
P000008634,2025-12-29,2026-12-29,Cobertura de robo,Hyundai Elantra,2019,41709,600,Al día,1,1
P000008635,2025-07-08,2026-07-08,Cobertura de robo,Mazda 3,2018,15736,600,Al día,1,1
P000008636,2021-01-05,2022-01-05,Cobertura de colisión,Toyota Corolla,2012,20232,500,Al día,1,1
P000008637,2023-09-25,2024-09-24,Responsabilidad civil,Toyota Corolla,2019,36880,500,Vencido,0,1
P000008638,2022-07-05,2023-07-05,Cobertura de colisión,Honda Civic,2021,43764,600,Al día,0,0
P000008639,2020-09-21,2021-09-21,Cobertura amplia,Subaru Impreza,2010,12596,700,Al día,0,0
P000008640,2023-11-06,2024-11-05,Cobertura de colisión,Mazda 3,2015,23022,600,Al día,1,1
P000008641,2024-03-24,2025-03-24,Responsabilidad civil,Volkswagen Jetta,2018,15673,600,Vencido,0,1
P000008642,2024-04-12,2025-04-12,Cobertura de robo,Honda Civic,2018,39703,500,Vencido,0,1
P000008643,2024-11-24,2025-11-24,Cobertura amplia,Chevrolet Cruze,2020,28258,700,Al día,1,0
P000008644,2022-08-13,2023-08-13,Cobertura de colisión,Honda Civic,2019,47558,500,Vencido,0,1
P000008645,2022-07-04,2023-07-04,Cobertura total,Volkswagen Jetta,2022,18127,600,Al día,0,1
P000008646,2022-11-27,2023-11-27,Cobertura de robo,Volkswagen Jetta,2010,31852,600,Vencido,0,0
P000008647,2021-04-18,2022-04-18,Responsabilidad civil,Honda Civic,2017,38720,500,Al día,1,0
P000008648,2023-04-06,2024-04-05,Cobertura total,Hyundai Elantra,2015,47106,700,Al día,0,1
P000008649,2020-12-25,2021-12-25,Cobertura de robo,Nissan Sentra,2010,41024,600,Al día,1,0
P000008650,2021-04-01,2022-04-01,Cobertura total,Toyota Corolla,2022,14175,700,Al día,0,1
P000008651,2020-12-31,2021-12-31,Responsabilidad civil,Nissan Sentra,2021,37550,500,Al día,1,1
P000008652,2023-10-25,2024-10-24,Cobertura total,Nissan Sentra,2022,42614,600,Vencido,0,1
P000008653,2022-02-09,2023-02-09,Cobertura de robo,Volkswagen Jetta,2010,34736,500,Al día,1,1
P000008654,2021-04-20,2022-04-20,Cobertura de robo,Honda Civic,2018,49001,700,Vencido,0,0
P000008655,2024-02-15,2025-02-14,Cobertura total,Honda Civic,2020,38825,500,Al día,1,1
P000008656,2021-06-05,2022-06-05,Cobertura de colisión,Toyota Corolla,2022,10917,500,Vencido,1,0
P000008657,2023-07-07,2024-07-06,Cobertura amplia,Nissan Sentra,2011,20675,600,Al día,1,0
P000008658,2024-04-06,2025-04-06,Responsabilidad civil,Toyota Corolla,2020,23512,500,Al día,1,0
P000008659,2020-01-07,2021-01-06,Cobertura de robo,Hyundai Elantra,2020,35606,700,Vencido,1,1
P000008660,2023-06-27,2024-06-26,Responsabilidad civil,Honda Civic,2013,36982,700,Al día,0,1
P000008661,2020-09-10,2021-09-10,Cobertura de robo,Nissan Sentra,2018,36598,600,Vencido,1,0
P000008662,2022-02-16,2023-02-16,Responsabilidad civil,Mazda 3,2021,42329,700,Al día,0,0
P000008663,2024-05-08,2025-05-08,Cobertura de robo,Chevrolet Cruze,2016,11148,700,Vencido,1,0
P000008664,2024-10-01,2025-10-01,Cobertura total,Honda Civic,2012,19545,600,Vencido,0,0
P000008665,2023-08-02,2024-08-01,Cobertura de robo,Ford Focus,2020,41744,600,Vencido,1,1
P000008666,2024-02-04,2025-02-03,Cobertura de colisión,Toyota Corolla,2022,12463,700,Vencido,0,1
P000008667,2021-06-01,2022-06-01,Cobertura total,Chevrolet Cruze,2016,19736,600,Al día,0,1
P000008668,2025-10-29,2026-10-29,Cobertura amplia,Toyota Corolla,2014,43714,600,Al día,1,0
P000008669,2022-06-28,2023-06-28,Cobertura de robo,Nissan Sentra,2010,10239,500,Al día,0,0
P000008670,2021-03-12,2022-03-12,Responsabilidad civil,Ford Focus,2015,21668,500,Vencido,0,1
P000008671,2024-06-07,2025-06-07,Cobertura de robo,Honda Civic,2013,36197,700,Vencido,0,0
P000008672,2020-02-07,2021-02-06,Responsabilidad civil,Hyundai Elantra,2013,10533,500,Vencido,0,1
P000008673,2025-03-01,2026-03-01,Cobertura de robo,Toyota Corolla,2019,23267,500,Al día,0,0
P000008674,2023-07-18,2024-07-17,Responsabilidad civil,Honda Civic,2022,49013,700,Al día,0,1
P000008675,2021-08-15,2022-08-15,Cobertura de colisión,Ford Focus,2022,13223,600,Vencido,0,0
P000008676,2023-04-30,2024-04-29,Cobertura de colisión,Toyota Corolla,2012,14277,500,Vencido,0,0
P000008677,2022-06-15,2023-06-15,Responsabilidad civil,Toyota Corolla,2022,26159,500,Vencido,0,1
P000008678,2025-08-09,2026-08-09,Cobertura amplia,Hyundai Elantra,2016,31003,600,Al día,1,0
P000008679,2025-02-09,2026-02-09,Cobertura de robo,Honda Civic,2016,24761,700,Vencido,1,1
P000008680,2021-08-26,2022-08-26,Cobertura de colisión,Chevrolet Cruze,2021,40164,600,Al día,1,1
P000008681,2023-03-06,2024-03-05,Responsabilidad civil,Subaru Impreza,2014,24906,700,Al día,1,1
P000008682,2021-08-20,2022-08-20,Cobertura de colisión,Hyundai Elantra,2019,40288,500,Al día,1,0
P000008683,2020-05-20,2021-05-20,Cobertura amplia,Chevrolet Cruze,2020,24483,500,Al día,1,0
P000008684,2023-08-04,2024-08-03,Cobertura total,Toyota Corolla,2022,26720,500,Vencido,1,0
P000008685,2023-06-19,2024-06-18,Cobertura de robo,Hyundai Elantra,2018,48773,600,Al día,1,0
P000008686,2025-08-19,2026-08-19,Cobertura de robo,Honda Civic,2011,35889,700,Al día,1,1
P000008687,2021-05-20,2022-05-20,Cobertura amplia,Volkswagen Jetta,2021,17410,700,Vencido,0,1
P000008688,2023-01-25,2024-01-25,Cobertura de robo,Volkswagen Jetta,2017,36109,700,Vencido,1,0
P000008689,2025-05-13,2026-05-13,Cobertura de colisión,Mazda 3,2022,45470,500,Vencido,1,1
P000008690,2022-06-02,2023-06-02,Cobertura de colisión,Mazda 3,2014,24157,600,Al día,1,0
P000008691,2025-07-20,2026-07-20,Cobertura de robo,Hyundai Elantra,2020,20574,600,Al día,0,1
P000008692,2023-04-08,2024-04-07,Cobertura de colisión,Toyota Corolla,2015,44986,600,Al día,0,1
P000008693,2024-03-22,2025-03-22,Cobertura amplia,Toyota Corolla,2019,48943,500,Vencido,0,1
P000008694,2020-08-28,2021-08-28,Cobertura de robo,Ford Focus,2012,49765,500,Al día,0,1
P000008695,2023-09-26,2024-09-25,Cobertura total,Toyota Corolla,2018,11997,500,Al día,0,1
P000008696,2021-09-17,2022-09-17,Cobertura total,Volkswagen Jetta,2014,31989,700,Vencido,0,0
P000008697,2022-05-12,2023-05-12,Responsabilidad civil,Volkswagen Jetta,2014,14859,600,Al día,1,1
P000008698,2022-07-10,2023-07-10,Cobertura amplia,Hyundai Elantra,2013,46852,500,Al día,0,1
P000008699,2020-08-03,2021-08-03,Cobertura de colisión,Nissan Sentra,2014,17020,700,Al día,1,1
P000008700,2022-01-03,2023-01-03,Cobertura de colisión,Nissan Sentra,2014,11377,700,Vencido,1,0
P000008701,2025-06-19,2026-06-19,Cobertura de colisión,Mazda 3,2019,34418,500,Al día,0,1
P000008702,2024-05-23,2025-05-23,Cobertura de colisión,Toyota Corolla,2011,28396,700,Al día,0,0
P000008703,2023-05-10,2024-05-09,Cobertura de colisión,Kia Forte,2015,13109,500,Al día,1,1
P000008704,2021-10-14,2022-10-14,Responsabilidad civil,Volkswagen Jetta,2013,30234,600,Al día,0,1
P000008705,2020-03-29,2021-03-29,Cobertura de colisión,Hyundai Elantra,2019,17584,500,Vencido,1,0
P000008706,2024-05-25,2025-05-25,Cobertura amplia,Chevrolet Cruze,2016,23556,700,Al día,0,0
P000008707,2023-10-14,2024-10-13,Responsabilidad civil,Mazda 3,2017,19923,600,Al día,1,0
P000008708,2024-09-26,2025-09-26,Cobertura total,Honda Civic,2018,43446,500,Al día,0,1
P000008709,2025-04-23,2026-04-23,Cobertura de colisión,Toyota Corolla,2015,37252,700,Vencido,0,1
P000008710,2023-11-27,2024-11-26,Responsabilidad civil,Nissan Sentra,2013,25734,600,Vencido,0,0
P000008711,2024-05-22,2025-05-22,Responsabilidad civil,Toyota Corolla,2021,49399,500,Al día,0,1
P000008712,2024-05-20,2025-05-20,Cobertura de colisión,Toyota Corolla,2020,43612,600,Al día,1,0
P000008713,2020-10-21,2021-10-21,Responsabilidad civil,Volkswagen Jetta,2015,25254,500,Al día,0,0
P000008714,2025-12-02,2026-12-02,Cobertura total,Hyundai Elantra,2019,29984,600,Vencido,0,0
P000008715,2023-03-05,2024-03-04,Cobertura de robo,Kia Forte,2015,17127,600,Al día,1,0
P000008716,2023-03-02,2024-03-01,Cobertura de colisión,Chevrolet Cruze,2019,23792,500,Al día,1,0
P000008717,2022-03-10,2023-03-10,Cobertura amplia,Kia Forte,2020,35266,500,Vencido,0,1
P000008718,2024-05-31,2025-05-31,Cobertura de colisión,Honda Civic,2011,30481,600,Vencido,0,1
P000008719,2021-02-02,2022-02-02,Cobertura total,Ford Focus,2018,21470,700,Al día,0,0
P000008720,2021-06-20,2022-06-20,Responsabilidad civil,Kia Forte,2018,34420,500,Vencido,0,1
P000008721,2023-08-17,2024-08-16,Responsabilidad civil,Kia Forte,2020,26269,500,Vencido,0,1
P000008722,2020-08-09,2021-08-09,Responsabilidad civil,Volkswagen Jetta,2017,15553,500,Vencido,1,0
P000008723,2023-05-30,2024-05-29,Cobertura de robo,Ford Focus,2014,39285,600,Al día,0,0
P000008724,2025-02-17,2026-02-17,Responsabilidad civil,Nissan Sentra,2011,38082,700,Vencido,1,1
P000008725,2021-11-01,2022-11-01,Responsabilidad civil,Hyundai Elantra,2011,25031,700,Al día,0,0
P000008726,2021-07-17,2022-07-17,Cobertura de colisión,Toyota Corolla,2014,17337,500,Al día,1,1
P000008727,2024-12-14,2025-12-14,Responsabilidad civil,Toyota Corolla,2022,31892,700,Al día,1,1
P000008728,2025-05-30,2026-05-30,Cobertura amplia,Subaru Impreza,2016,12299,700,Vencido,1,0
P000008729,2023-04-07,2024-04-06,Cobertura amplia,Ford Focus,2021,34184,600,Vencido,0,1
P000008730,2021-08-16,2022-08-16,Cobertura de colisión,Toyota Corolla,2014,25648,500,Al día,0,0
P000008731,2022-05-09,2023-05-09,Cobertura de robo,Ford Focus,2011,18240,500,Vencido,1,1
P000008732,2022-06-12,2023-06-12,Cobertura amplia,Toyota Corolla,2022,34633,500,Vencido,1,1
P000008733,2022-03-12,2023-03-12,Cobertura de robo,Kia Forte,2011,20194,700,Vencido,0,0
P000008734,2020-02-07,2021-02-06,Cobertura total,Ford Focus,2019,29159,600,Al día,1,1
P000008735,2024-01-23,2025-01-22,Cobertura de robo,Subaru Impreza,2020,13475,500,Al día,1,1
P000008736,2021-02-21,2022-02-21,Cobertura de colisión,Volkswagen Jetta,2018,37192,700,Al día,0,1
P000008737,2021-08-27,2022-08-27,Cobertura de colisión,Ford Focus,2010,22925,700,Vencido,0,0
P000008738,2024-03-22,2025-03-22,Cobertura total,Kia Forte,2014,14324,700,Al día,1,1
P000008739,2024-10-15,2025-10-15,Cobertura de robo,Honda Civic,2012,44058,700,Vencido,0,1
P000008740,2021-11-20,2022-11-20,Cobertura de colisión,Honda Civic,2014,49297,700,Vencido,0,1
P000008741,2020-08-18,2021-08-18,Cobertura amplia,Subaru Impreza,2016,22260,500,Vencido,0,1
P000008742,2021-01-28,2022-01-28,Responsabilidad civil,Hyundai Elantra,2021,35262,500,Al día,0,1
P000008743,2023-12-27,2024-12-26,Cobertura de robo,Honda Civic,2022,31926,600,Al día,0,0
P000008744,2025-04-24,2026-04-24,Cobertura de colisión,Toyota Corolla,2016,24019,600,Vencido,1,0
P000008745,2022-01-05,2023-01-05,Cobertura de colisión,Honda Civic,2018,43083,600,Al día,1,0
P000008746,2020-08-02,2021-08-02,Cobertura total,Kia Forte,2010,42656,500,Vencido,1,1
P000008747,2021-04-25,2022-04-25,Cobertura de colisión,Volkswagen Jetta,2019,27555,500,Vencido,0,0
P000008748,2025-10-12,2026-10-12,Cobertura amplia,Honda Civic,2012,38877,600,Vencido,1,1
P000008749,2023-10-18,2024-10-17,Cobertura total,Volkswagen Jetta,2011,13057,500,Al día,0,1
P000008750,2024-11-11,2025-11-11,Cobertura de colisión,Kia Forte,2014,26387,600,Al día,1,1
P000008751,2021-08-31,2022-08-31,Cobertura total,Chevrolet Cruze,2022,16628,700,Vencido,1,1
P000008752,2024-07-12,2025-07-12,Cobertura amplia,Mazda 3,2020,19064,500,Vencido,1,1
P000008753,2022-09-30,2023-09-30,Cobertura de colisión,Volkswagen Jetta,2020,29981,600,Vencido,1,1
P000008754,2020-05-19,2021-05-19,Cobertura de colisión,Ford Focus,2013,19469,700,Vencido,0,1
P000008755,2021-05-01,2022-05-01,Cobertura total,Nissan Sentra,2017,19260,600,Al día,0,0
P000008756,2022-09-13,2023-09-13,Cobertura amplia,Hyundai Elantra,2018,20995,700,Al día,0,0
P000008757,2024-06-12,2025-06-12,Cobertura total,Toyota Corolla,2016,38470,600,Vencido,0,0
P000008758,2025-06-24,2026-06-24,Cobertura de robo,Volkswagen Jetta,2014,20982,600,Vencido,0,0
P000008759,2023-05-24,2024-05-23,Cobertura de colisión,Chevrolet Cruze,2011,45846,500,Vencido,1,0
P000008760,2021-12-07,2022-12-07,Cobertura amplia,Toyota Corolla,2021,14640,500,Al día,0,0
P000008761,2024-03-17,2025-03-17,Cobertura amplia,Ford Focus,2013,36161,500,Al día,1,1
P000008762,2021-01-02,2022-01-02,Cobertura de colisión,Toyota Corolla,2021,39169,700,Al día,1,1
P000008763,2025-03-14,2026-03-14,Cobertura de robo,Kia Forte,2019,33251,700,Vencido,1,1
P000008764,2024-04-14,2025-04-14,Cobertura amplia,Ford Focus,2012,29580,700,Vencido,1,0
P000008765,2023-02-01,2024-02-01,Responsabilidad civil,Hyundai Elantra,2017,46661,600,Al día,0,1
P000008766,2024-12-28,2025-12-28,Responsabilidad civil,Ford Focus,2017,33689,700,Vencido,1,0
P000008767,2024-02-13,2025-02-12,Cobertura amplia,Toyota Corolla,2010,47237,500,Vencido,1,1
P000008768,2020-02-17,2021-02-16,Responsabilidad civil,Volkswagen Jetta,2010,10191,600,Al día,1,0
P000008769,2021-05-06,2022-05-06,Cobertura de robo,Hyundai Elantra,2019,33500,600,Al día,1,0
P000008770,2021-04-22,2022-04-22,Cobertura de robo,Chevrolet Cruze,2022,30551,600,Vencido,1,1
P000008771,2020-12-04,2021-12-04,Responsabilidad civil,Ford Focus,2015,27335,500,Al día,1,0
P000008772,2021-05-14,2022-05-14,Cobertura total,Mazda 3,2022,31879,700,Vencido,1,0
P000008773,2025-06-26,2026-06-26,Cobertura amplia,Mazda 3,2015,47344,700,Vencido,0,1
P000008774,2025-09-18,2026-09-18,Cobertura total,Ford Focus,2015,43877,700,Al día,1,1
P000008775,2022-07-10,2023-07-10,Cobertura de colisión,Nissan Sentra,2012,33238,700,Vencido,0,1
P000008776,2020-04-04,2021-04-04,Cobertura de robo,Kia Forte,2013,10255,700,Vencido,0,0
P000008777,2025-05-18,2026-05-18,Cobertura de robo,Toyota Corolla,2010,33790,500,Al día,0,0
P000008778,2023-01-26,2024-01-26,Cobertura amplia,Volkswagen Jetta,2019,16837,700,Vencido,0,1
P000008779,2021-01-22,2022-01-22,Responsabilidad civil,Toyota Corolla,2019,47335,700,Vencido,1,1
P000008780,2022-01-11,2023-01-11,Responsabilidad civil,Honda Civic,2013,38676,500,Vencido,1,0
P000008781,2024-04-21,2025-04-21,Cobertura total,Hyundai Elantra,2014,32608,600,Al día,0,1
P000008782,2025-06-06,2026-06-06,Cobertura amplia,Toyota Corolla,2020,37290,600,Vencido,0,0
P000008783,2024-11-11,2025-11-11,Cobertura total,Chevrolet Cruze,2012,21300,600,Al día,0,1
P000008784,2023-05-07,2024-05-06,Cobertura total,Ford Focus,2011,46907,700,Al día,1,1
P000008785,2021-05-27,2022-05-27,Cobertura de robo,Nissan Sentra,2021,33390,600,Al día,1,0
P000008786,2021-02-11,2022-02-11,Responsabilidad civil,Nissan Sentra,2016,43818,500,Vencido,1,1
P000008787,2023-08-25,2024-08-24,Cobertura de colisión,Mazda 3,2020,42548,500,Al día,0,0
P000008788,2020-09-17,2021-09-17,Cobertura amplia,Honda Civic,2021,18725,500,Vencido,0,1
P000008789,2022-01-27,2023-01-27,Cobertura de robo,Hyundai Elantra,2018,21662,700,Al día,0,0
P000008790,2024-07-18,2025-07-18,Cobertura amplia,Honda Civic,2011,17197,500,Vencido,0,1
P000008791,2020-03-21,2021-03-21,Cobertura de colisión,Toyota Corolla,2010,41253,600,Vencido,0,1
P000008792,2024-05-31,2025-05-31,Cobertura de robo,Kia Forte,2019,15178,700,Al día,0,0
P000008793,2025-12-11,2026-12-11,Cobertura de colisión,Chevrolet Cruze,2017,49315,600,Vencido,0,1
P000008794,2025-06-24,2026-06-24,Cobertura de robo,Ford Focus,2016,22404,600,Vencido,1,1
P000008795,2020-09-18,2021-09-18,Cobertura amplia,Toyota Corolla,2016,22300,500,Al día,1,0
P000008796,2025-10-26,2026-10-26,Cobertura total,Nissan Sentra,2022,21687,500,Al día,1,1
P000008797,2021-05-23,2022-05-23,Cobertura de colisión,Honda Civic,2019,32320,600,Al día,0,1
P000008798,2022-04-29,2023-04-29,Cobertura total,Volkswagen Jetta,2010,36287,700,Vencido,1,0
P000008799,2021-04-25,2022-04-25,Cobertura amplia,Toyota Corolla,2021,17429,700,Al día,1,0
P000008800,2022-01-10,2023-01-10,Cobertura de robo,Volkswagen Jetta,2015,45785,600,Vencido,1,0
P000008801,2022-01-07,2023-01-07,Cobertura de colisión,Nissan Sentra,2019,42619,700,Al día,0,1
P000008802,2020-01-22,2021-01-21,Cobertura total,Subaru Impreza,2016,40694,700,Vencido,0,0
P000008803,2025-01-05,2026-01-05,Cobertura total,Mazda 3,2010,31032,700,Al día,0,1
P000008804,2023-07-11,2024-07-10,Responsabilidad civil,Honda Civic,2010,23598,600,Vencido,1,1
P000008805,2021-05-18,2022-05-18,Responsabilidad civil,Chevrolet Cruze,2010,21153,700,Vencido,1,0
P000008806,2020-06-09,2021-06-09,Cobertura de colisión,Chevrolet Cruze,2014,39490,500,Vencido,1,0
P000008807,2021-06-11,2022-06-11,Cobertura total,Toyota Corolla,2020,34074,700,Al día,0,1
P000008808,2022-04-24,2023-04-24,Responsabilidad civil,Nissan Sentra,2013,34119,500,Vencido,0,0
P000008809,2021-10-22,2022-10-22,Cobertura amplia,Toyota Corolla,2021,15119,500,Al día,0,0
P000008810,2020-12-25,2021-12-25,Cobertura total,Hyundai Elantra,2015,38508,600,Vencido,1,1
P000008811,2022-11-17,2023-11-17,Responsabilidad civil,Hyundai Elantra,2019,10180,600,Al día,0,0
P000008812,2020-05-23,2021-05-23,Cobertura amplia,Toyota Corolla,2020,35532,700,Al día,1,1
P000008813,2020-12-12,2021-12-12,Cobertura amplia,Chevrolet Cruze,2010,33220,600,Vencido,1,1
P000008814,2021-05-25,2022-05-25,Cobertura de robo,Chevrolet Cruze,2014,49173,500,Vencido,1,1
P000008815,2025-09-04,2026-09-04,Cobertura amplia,Mazda 3,2013,45098,600,Al día,1,0
P000008816,2023-05-07,2024-05-06,Cobertura de robo,Hyundai Elantra,2015,38126,500,Vencido,1,0
P000008817,2024-01-29,2025-01-28,Responsabilidad civil,Ford Focus,2013,21113,700,Vencido,0,1
P000008818,2021-12-03,2022-12-03,Responsabilidad civil,Kia Forte,2022,38367,600,Vencido,1,1
P000008819,2024-09-28,2025-09-28,Cobertura de robo,Ford Focus,2017,17721,700,Vencido,1,0
P000008820,2020-01-01,2020-12-31,Responsabilidad civil,Hyundai Elantra,2015,24306,500,Vencido,1,1
P000008821,2022-10-14,2023-10-14,Cobertura amplia,Honda Civic,2017,45210,500,Vencido,0,0
P000008822,2023-05-16,2024-05-15,Cobertura amplia,Nissan Sentra,2020,37350,500,Vencido,0,1
P000008823,2020-07-08,2021-07-08,Cobertura total,Honda Civic,2010,30487,500,Al día,0,1
P000008824,2025-10-28,2026-10-28,Cobertura de colisión,Honda Civic,2012,39958,600,Vencido,0,0
P000008825,2023-04-16,2024-04-15,Cobertura amplia,Volkswagen Jetta,2020,45814,500,Al día,1,0
P000008826,2025-12-27,2026-12-27,Cobertura total,Honda Civic,2013,23733,700,Al día,0,0
P000008827,2024-12-27,2025-12-27,Cobertura de robo,Honda Civic,2010,21821,700,Vencido,0,0
P000008828,2021-07-26,2022-07-26,Cobertura de robo,Hyundai Elantra,2018,43711,700,Al día,0,0
P000008829,2025-07-01,2026-07-01,Responsabilidad civil,Volkswagen Jetta,2019,11990,700,Vencido,1,1
P000008830,2023-07-05,2024-07-04,Cobertura de colisión,Chevrolet Cruze,2015,19699,500,Vencido,1,1
P000008831,2025-11-10,2026-11-10,Cobertura amplia,Kia Forte,2011,41150,700,Vencido,1,1
P000008832,2023-12-13,2024-12-12,Responsabilidad civil,Ford Focus,2012,28959,500,Al día,1,0
P000008833,2025-09-22,2026-09-22,Responsabilidad civil,Nissan Sentra,2021,33620,600,Al día,0,1
P000008834,2022-05-09,2023-05-09,Cobertura de colisión,Nissan Sentra,2017,17197,500,Al día,0,0
P000008835,2021-02-09,2022-02-09,Cobertura amplia,Ford Focus,2015,20827,600,Al día,0,0
P000008836,2020-07-02,2021-07-02,Cobertura total,Ford Focus,2021,46439,500,Al día,1,0
P000008837,2022-08-29,2023-08-29,Cobertura de colisión,Mazda 3,2022,20919,700,Vencido,0,1
P000008838,2020-05-30,2021-05-30,Cobertura total,Toyota Corolla,2012,33420,600,Vencido,1,1
P000008839,2022-02-09,2023-02-09,Responsabilidad civil,Volkswagen Jetta,2010,20153,600,Vencido,1,1
P000008840,2021-08-03,2022-08-03,Cobertura de robo,Kia Forte,2013,32829,600,Al día,1,1
P000008841,2023-05-12,2024-05-11,Responsabilidad civil,Honda Civic,2015,38636,600,Al día,1,0
P000008842,2022-05-31,2023-05-31,Cobertura de robo,Volkswagen Jetta,2016,34625,500,Vencido,0,1
P000008843,2021-07-03,2022-07-03,Cobertura total,Volkswagen Jetta,2014,33330,500,Vencido,1,1
P000008844,2022-06-03,2023-06-03,Responsabilidad civil,Honda Civic,2019,38322,600,Al día,1,1
P000008845,2024-01-10,2025-01-09,Cobertura de robo,Chevrolet Cruze,2018,44121,700,Vencido,1,0
P000008846,2023-02-10,2024-02-10,Cobertura total,Kia Forte,2021,35363,700,Vencido,0,1
P000008847,2021-06-10,2022-06-10,Cobertura amplia,Hyundai Elantra,2013,13030,600,Vencido,0,1
P000008848,2024-09-24,2025-09-24,Cobertura amplia,Kia Forte,2022,39205,700,Vencido,0,0
P000008849,2020-10-31,2021-10-31,Cobertura de colisión,Honda Civic,2015,34705,700,Al día,0,0
P000008850,2022-11-10,2023-11-10,Responsabilidad civil,Hyundai Elantra,2022,12620,600,Al día,1,0
P000008851,2022-12-03,2023-12-03,Cobertura total,Toyota Corolla,2015,11537,500,Al día,0,0
P000008852,2024-04-12,2025-04-12,Cobertura de colisión,Toyota Corolla,2013,40431,700,Vencido,1,1
P000008853,2021-10-30,2022-10-30,Cobertura total,Ford Focus,2012,44751,600,Al día,1,0
P000008854,2024-06-26,2025-06-26,Cobertura total,Subaru Impreza,2014,30629,700,Al día,1,0
P000008855,2025-02-11,2026-02-11,Cobertura amplia,Hyundai Elantra,2018,22799,600,Al día,0,0
P000008856,2020-12-07,2021-12-07,Cobertura de colisión,Subaru Impreza,2015,39348,700,Al día,1,1
P000008857,2022-11-07,2023-11-07,Cobertura de colisión,Nissan Sentra,2017,43743,700,Vencido,1,1
P000008858,2024-10-08,2025-10-08,Responsabilidad civil,Volkswagen Jetta,2017,13002,700,Vencido,1,0
P000008859,2021-08-09,2022-08-09,Cobertura de robo,Honda Civic,2022,16749,600,Vencido,1,0
P000008860,2022-04-14,2023-04-14,Cobertura total,Subaru Impreza,2016,29135,600,Vencido,1,1
P000008861,2020-10-16,2021-10-16,Responsabilidad civil,Kia Forte,2010,45653,700,Vencido,1,0
P000008862,2023-01-08,2024-01-08,Cobertura de colisión,Nissan Sentra,2017,31590,700,Al día,0,0
P000008863,2022-02-28,2023-02-28,Cobertura de colisión,Ford Focus,2016,30914,700,Vencido,0,0
P000008864,2024-03-04,2025-03-04,Cobertura de colisión,Nissan Sentra,2020,47689,500,Al día,0,1
P000008865,2025-09-25,2026-09-25,Responsabilidad civil,Toyota Corolla,2018,23364,700,Al día,1,0
P000008866,2021-11-02,2022-11-02,Responsabilidad civil,Nissan Sentra,2022,24413,600,Al día,1,1
P000008867,2024-09-15,2025-09-15,Cobertura amplia,Toyota Corolla,2022,18609,600,Al día,1,0
P000008868,2021-09-20,2022-09-20,Responsabilidad civil,Ford Focus,2021,26665,500,Vencido,1,1
P000008869,2023-07-19,2024-07-18,Responsabilidad civil,Nissan Sentra,2011,26183,600,Al día,1,0
P000008870,2024-11-11,2025-11-11,Cobertura amplia,Ford Focus,2012,12458,500,Al día,0,0
P000008871,2024-04-01,2025-04-01,Cobertura de robo,Kia Forte,2020,41885,700,Al día,1,1
P000008872,2020-04-16,2021-04-16,Responsabilidad civil,Ford Focus,2022,18815,500,Vencido,0,1
P000008873,2022-10-10,2023-10-10,Cobertura de robo,Toyota Corolla,2014,15791,500,Vencido,1,1
P000008874,2020-11-13,2021-11-13,Cobertura total,Ford Focus,2012,42477,500,Al día,1,1
P000008875,2023-01-11,2024-01-11,Cobertura amplia,Subaru Impreza,2010,29794,600,Al día,0,0
P000008876,2021-05-25,2022-05-25,Cobertura total,Volkswagen Jetta,2012,40741,600,Vencido,0,1
P000008877,2025-12-16,2026-12-16,Cobertura de colisión,Chevrolet Cruze,2011,48917,700,Vencido,1,0
P000008878,2021-03-26,2022-03-26,Cobertura de robo,Kia Forte,2016,47638,500,Al día,1,0
P000008879,2024-07-24,2025-07-24,Cobertura total,Hyundai Elantra,2016,25913,600,Al día,0,0
P000008880,2020-09-27,2021-09-27,Cobertura de colisión,Chevrolet Cruze,2022,38887,600,Vencido,0,0
P000008881,2023-09-11,2024-09-10,Cobertura de colisión,Toyota Corolla,2018,23634,700,Vencido,0,0
P000008882,2020-12-30,2021-12-30,Cobertura de colisión,Honda Civic,2011,33855,500,Vencido,0,1
P000008883,2024-01-26,2025-01-25,Cobertura total,Hyundai Elantra,2017,29021,500,Vencido,1,0
P000008884,2023-09-28,2024-09-27,Cobertura amplia,Chevrolet Cruze,2017,40560,700,Al día,1,1
P000008885,2023-01-24,2024-01-24,Cobertura de robo,Kia Forte,2022,25041,700,Al día,1,1
P000008886,2021-08-22,2022-08-22,Cobertura amplia,Hyundai Elantra,2010,26297,500,Vencido,1,0
P000008887,2022-07-13,2023-07-13,Cobertura de robo,Nissan Sentra,2021,13575,700,Vencido,1,1
P000008888,2023-01-25,2024-01-25,Cobertura de colisión,Subaru Impreza,2011,13428,600,Vencido,0,0
P000008889,2020-02-10,2021-02-09,Cobertura total,Ford Focus,2012,42987,600,Al día,1,0
P000008890,2021-02-05,2022-02-05,Cobertura de colisión,Subaru Impreza,2021,40655,700,Al día,1,0
P000008891,2024-03-24,2025-03-24,Cobertura amplia,Chevrolet Cruze,2015,49217,600,Vencido,0,0
P000008892,2022-06-29,2023-06-29,Cobertura de colisión,Chevrolet Cruze,2018,23757,700,Vencido,1,0
P000008893,2024-03-30,2025-03-30,Responsabilidad civil,Toyota Corolla,2018,24884,600,Vencido,0,0
P000008894,2021-03-06,2022-03-06,Cobertura amplia,Subaru Impreza,2014,12099,500,Vencido,1,0
P000008895,2021-05-20,2022-05-20,Cobertura total,Volkswagen Jetta,2022,38227,600,Al día,1,1
P000008896,2021-12-20,2022-12-20,Responsabilidad civil,Ford Focus,2010,35914,600,Vencido,1,1
P000008897,2025-11-26,2026-11-26,Cobertura de colisión,Honda Civic,2011,41810,500,Vencido,0,1
P000008898,2023-06-09,2024-06-08,Cobertura total,Hyundai Elantra,2010,45004,700,Al día,0,0
P000008899,2025-06-28,2026-06-28,Cobertura de colisión,Chevrolet Cruze,2018,37001,700,Al día,1,0
P000008900,2021-01-26,2022-01-26,Cobertura de colisión,Hyundai Elantra,2021,32690,500,Al día,0,0
P000008901,2025-12-06,2026-12-06,Cobertura amplia,Ford Focus,2020,38998,600,Al día,0,1
P000008902,2023-11-30,2024-11-29,Responsabilidad civil,Ford Focus,2011,11929,600,Al día,0,0
P000008903,2023-03-01,2024-02-29,Cobertura de robo,Nissan Sentra,2010,34599,700,Al día,0,1
P000008904,2023-01-15,2024-01-15,Cobertura de colisión,Hyundai Elantra,2014,36703,600,Al día,1,0
P000008905,2021-02-09,2022-02-09,Cobertura amplia,Kia Forte,2017,46280,600,Vencido,1,1
P000008906,2020-07-15,2021-07-15,Cobertura de robo,Volkswagen Jetta,2020,38519,600,Al día,0,0
P000008907,2021-11-30,2022-11-30,Cobertura total,Chevrolet Cruze,2016,25545,600,Vencido,0,1
P000008908,2023-07-26,2024-07-25,Cobertura total,Toyota Corolla,2021,19687,600,Al día,1,1
P000008909,2024-05-14,2025-05-14,Responsabilidad civil,Toyota Corolla,2010,45920,600,Vencido,0,0
P000008910,2022-01-10,2023-01-10,Cobertura de robo,Subaru Impreza,2016,32210,500,Al día,0,0
P000008911,2023-11-14,2024-11-13,Cobertura amplia,Chevrolet Cruze,2016,35523,700,Al día,0,1
P000008912,2025-12-17,2026-12-17,Cobertura total,Chevrolet Cruze,2021,30087,600,Al día,1,1
P000008913,2024-07-07,2025-07-07,Responsabilidad civil,Volkswagen Jetta,2013,49006,600,Vencido,1,0
P000008914,2025-05-07,2026-05-07,Cobertura de robo,Ford Focus,2017,29988,600,Al día,0,1
P000008915,2021-06-06,2022-06-06,Cobertura amplia,Honda Civic,2021,32798,600,Al día,0,1
P000008916,2022-11-27,2023-11-27,Cobertura amplia,Mazda 3,2011,40089,700,Vencido,1,1
P000008917,2020-02-08,2021-02-07,Cobertura de colisión,Kia Forte,2015,23307,600,Al día,0,0
P000008918,2025-10-04,2026-10-04,Cobertura total,Toyota Corolla,2018,31614,600,Vencido,1,1
P000008919,2021-09-28,2022-09-28,Cobertura de colisión,Nissan Sentra,2019,30601,600,Vencido,1,0
P000008920,2021-06-01,2022-06-01,Cobertura total,Kia Forte,2022,46811,600,Al día,1,0
P000008921,2021-08-07,2022-08-07,Cobertura total,Honda Civic,2021,20047,600,Vencido,1,1
P000008922,2024-03-31,2025-03-31,Responsabilidad civil,Toyota Corolla,2020,45961,700,Vencido,1,1
P000008923,2022-12-31,2023-12-31,Cobertura amplia,Chevrolet Cruze,2022,49534,600,Al día,1,1
P000008924,2020-08-04,2021-08-04,Cobertura total,Toyota Corolla,2013,18702,500,Al día,0,1
P000008925,2024-02-25,2025-02-24,Cobertura total,Nissan Sentra,2010,16318,500,Vencido,0,0
P000008926,2022-10-17,2023-10-17,Cobertura de colisión,Subaru Impreza,2017,34989,600,Al día,1,1
P000008927,2024-09-09,2025-09-09,Cobertura amplia,Kia Forte,2014,26326,500,Vencido,1,0
P000008928,2025-02-18,2026-02-18,Cobertura de robo,Nissan Sentra,2013,22628,600,Vencido,1,1
P000008929,2022-01-19,2023-01-19,Cobertura de colisión,Kia Forte,2011,36488,700,Al día,1,1
P000008930,2024-12-02,2025-12-02,Responsabilidad civil,Chevrolet Cruze,2012,40608,500,Al día,1,0
P000008931,2023-12-20,2024-12-19,Cobertura de colisión,Nissan Sentra,2015,30944,700,Vencido,1,1
P000008932,2025-04-03,2026-04-03,Cobertura amplia,Hyundai Elantra,2014,29529,700,Al día,0,1
P000008933,2025-08-19,2026-08-19,Cobertura de colisión,Honda Civic,2010,35806,500,Al día,0,1
P000008934,2023-03-20,2024-03-19,Cobertura de colisión,Mazda 3,2016,14332,600,Vencido,0,1
P000008935,2023-02-03,2024-02-03,Cobertura de colisión,Ford Focus,2019,17459,700,Vencido,0,0
P000008936,2024-10-18,2025-10-18,Responsabilidad civil,Chevrolet Cruze,2020,34216,600,Vencido,0,1
P000008937,2025-11-02,2026-11-02,Cobertura de colisión,Chevrolet Cruze,2011,35508,600,Al día,1,0
P000008938,2022-07-26,2023-07-26,Cobertura de robo,Honda Civic,2013,40397,600,Al día,0,1
P000008939,2023-06-04,2024-06-03,Cobertura de colisión,Hyundai Elantra,2014,33358,600,Al día,0,1
P000008940,2020-12-22,2021-12-22,Responsabilidad civil,Ford Focus,2018,44383,500,Al día,1,0
P000008941,2023-06-05,2024-06-04,Cobertura de robo,Nissan Sentra,2021,22683,500,Al día,0,1
P000008942,2024-07-23,2025-07-23,Responsabilidad civil,Honda Civic,2016,43573,600,Vencido,0,1
P000008943,2023-07-04,2024-07-03,Cobertura de colisión,Ford Focus,2018,16775,700,Vencido,0,1
P000008944,2021-01-04,2022-01-04,Responsabilidad civil,Volkswagen Jetta,2012,29263,500,Vencido,0,0
P000008945,2020-11-21,2021-11-21,Cobertura amplia,Kia Forte,2018,45611,700,Al día,0,0
P000008946,2020-11-10,2021-11-10,Cobertura total,Nissan Sentra,2021,11594,700,Al día,0,1
P000008947,2022-09-10,2023-09-10,Cobertura amplia,Toyota Corolla,2022,36967,600,Al día,1,0
P000008948,2021-01-18,2022-01-18,Cobertura amplia,Toyota Corolla,2013,15352,700,Al día,1,0
P000008949,2021-11-07,2022-11-07,Cobertura amplia,Toyota Corolla,2016,48051,500,Al día,1,1
P000008950,2020-08-23,2021-08-23,Cobertura de colisión,Nissan Sentra,2019,46898,500,Vencido,0,1
P000008951,2020-12-12,2021-12-12,Responsabilidad civil,Honda Civic,2010,13663,500,Vencido,0,0
P000008952,2023-03-16,2024-03-15,Cobertura de colisión,Toyota Corolla,2019,36440,600,Al día,0,0
P000008953,2025-07-11,2026-07-11,Cobertura de colisión,Ford Focus,2012,45882,500,Al día,1,1
P000008954,2020-02-13,2021-02-12,Cobertura amplia,Ford Focus,2012,14033,700,Al día,1,0
P000008955,2024-10-02,2025-10-02,Responsabilidad civil,Mazda 3,2013,46585,700,Al día,0,1
P000008956,2025-09-14,2026-09-14,Cobertura total,Chevrolet Cruze,2016,31144,700,Vencido,0,1
P000008957,2021-07-12,2022-07-12,Cobertura de robo,Honda Civic,2022,25829,500,Vencido,1,0
P000008958,2025-05-18,2026-05-18,Cobertura de robo,Chevrolet Cruze,2017,22162,500,Al día,1,1
P000008959,2025-08-01,2026-08-01,Responsabilidad civil,Toyota Corolla,2017,21443,500,Al día,1,1
P000008960,2025-10-10,2026-10-10,Cobertura total,Volkswagen Jetta,2021,36319,500,Al día,1,0
P000008961,2025-12-20,2026-12-20,Responsabilidad civil,Toyota Corolla,2021,46216,600,Vencido,1,0
P000008962,2021-05-25,2022-05-25,Responsabilidad civil,Ford Focus,2012,37954,500,Vencido,0,0
P000008963,2024-07-18,2025-07-18,Cobertura de colisión,Ford Focus,2020,35559,700,Vencido,1,0
P000008964,2020-02-26,2021-02-25,Cobertura de colisión,Hyundai Elantra,2014,40718,700,Vencido,0,1
P000008965,2022-02-17,2023-02-17,Cobertura amplia,Hyundai Elantra,2015,23877,500,Al día,0,0
P000008966,2020-01-30,2021-01-29,Cobertura de colisión,Ford Focus,2017,24548,500,Al día,1,1
P000008967,2024-10-06,2025-10-06,Cobertura total,Nissan Sentra,2022,20206,600,Vencido,1,1
P000008968,2025-12-28,2026-12-28,Responsabilidad civil,Chevrolet Cruze,2016,29719,700,Al día,0,0
P000008969,2023-11-14,2024-11-13,Cobertura de colisión,Chevrolet Cruze,2012,41678,700,Vencido,1,0
P000008970,2022-09-27,2023-09-27,Responsabilidad civil,Hyundai Elantra,2021,13489,600,Vencido,1,1
P000008971,2025-12-03,2026-12-03,Cobertura de colisión,Toyota Corolla,2015,44811,500,Al día,1,0
P000008972,2020-06-22,2021-06-22,Responsabilidad civil,Honda Civic,2017,20457,500,Vencido,1,1
P000008973,2025-01-11,2026-01-11,Responsabilidad civil,Mazda 3,2013,47118,700,Vencido,0,1
P000008974,2021-11-21,2022-11-21,Cobertura de robo,Toyota Corolla,2016,21942,700,Al día,0,1
P000008975,2025-11-14,2026-11-14,Cobertura de robo,Toyota Corolla,2015,13336,600,Vencido,1,0
P000008976,2022-07-10,2023-07-10,Cobertura de robo,Hyundai Elantra,2018,42737,500,Al día,0,1
P000008977,2021-12-17,2022-12-17,Cobertura de colisión,Toyota Corolla,2020,29543,500,Al día,0,1
P000008978,2020-11-03,2021-11-03,Cobertura de colisión,Toyota Corolla,2019,46167,600,Vencido,1,0
P000008979,2024-02-12,2025-02-11,Cobertura total,Nissan Sentra,2021,25484,600,Al día,0,1
P000008980,2021-06-30,2022-06-30,Cobertura total,Toyota Corolla,2016,14088,600,Al día,0,1
P000008981,2025-10-05,2026-10-05,Cobertura amplia,Chevrolet Cruze,2012,18313,700,Vencido,1,1
P000008982,2023-12-18,2024-12-17,Cobertura amplia,Volkswagen Jetta,2014,36171,600,Vencido,0,1
P000008983,2020-07-27,2021-07-27,Responsabilidad civil,Nissan Sentra,2011,20894,700,Vencido,1,1
P000008984,2024-09-27,2025-09-27,Cobertura amplia,Toyota Corolla,2015,11941,700,Vencido,0,0
P000008985,2025-07-22,2026-07-22,Cobertura de colisión,Nissan Sentra,2010,44669,700,Vencido,1,1
P000008986,2024-04-01,2025-04-01,Cobertura total,Toyota Corolla,2010,15884,700,Al día,0,1
P000008987,2021-11-29,2022-11-29,Cobertura amplia,Chevrolet Cruze,2019,16292,700,Vencido,1,0
P000008988,2024-03-08,2025-03-08,Cobertura amplia,Honda Civic,2012,17245,600,Al día,0,1
P000008989,2021-04-08,2022-04-08,Cobertura total,Hyundai Elantra,2010,47433,700,Vencido,1,1
P000008990,2023-10-16,2024-10-15,Cobertura de colisión,Toyota Corolla,2017,42054,700,Vencido,1,0
P000008991,2022-10-20,2023-10-20,Cobertura de colisión,Subaru Impreza,2019,32872,600,Al día,1,1
P000008992,2021-04-27,2022-04-27,Cobertura total,Nissan Sentra,2013,23541,500,Vencido,0,0
P000008993,2023-04-03,2024-04-02,Cobertura de colisión,Volkswagen Jetta,2012,26232,500,Al día,0,0
P000008994,2023-05-10,2024-05-09,Responsabilidad civil,Mazda 3,2015,39163,700,Al día,0,1
P000008995,2025-06-01,2026-06-01,Cobertura de colisión,Subaru Impreza,2022,20738,500,Al día,0,1
P000008996,2023-04-17,2024-04-16,Responsabilidad civil,Honda Civic,2013,37193,500,Al día,0,1
P000008997,2022-12-20,2023-12-20,Responsabilidad civil,Chevrolet Cruze,2018,34761,500,Al día,1,1
P000008998,2022-05-22,2023-05-22,Responsabilidad civil,Ford Focus,2017,38433,600,Al día,1,1
P000008999,2020-01-10,2021-01-09,Cobertura de robo,Nissan Sentra,2018,20987,700,Al día,1,0
P000009000,2024-05-31,2025-05-31,Cobertura de colisión,Honda Civic,2014,38932,600,Vencido,1,0
P000009001,2022-06-09,2023-06-09,Cobertura de robo,Volkswagen Jetta,2018,47686,700,Vencido,1,1
P000009002,2023-06-02,2024-06-01,Cobertura de robo,Hyundai Elantra,2011,15604,700,Al día,1,0
P000009003,2025-10-12,2026-10-12,Cobertura amplia,Toyota Corolla,2018,23906,700,Vencido,0,0
P000009004,2020-05-25,2021-05-25,Cobertura de robo,Chevrolet Cruze,2019,22184,600,Vencido,1,0
P000009005,2025-03-11,2026-03-11,Cobertura amplia,Nissan Sentra,2010,21717,700,Vencido,0,0
P000009006,2025-06-22,2026-06-22,Cobertura amplia,Toyota Corolla,2022,24287,600,Al día,1,1
P000009007,2020-08-23,2021-08-23,Cobertura de robo,Volkswagen Jetta,2017,27455,500,Al día,1,1
P000009008,2023-12-28,2024-12-27,Cobertura de robo,Toyota Corolla,2020,28115,600,Al día,0,1
P000009009,2020-01-25,2021-01-24,Cobertura de robo,Mazda 3,2016,38065,600,Vencido,1,1
P000009010,2025-02-28,2026-02-28,Responsabilidad civil,Hyundai Elantra,2019,43665,500,Al día,1,0
P000009011,2023-09-07,2024-09-06,Cobertura amplia,Nissan Sentra,2022,27162,500,Vencido,0,0
P000009012,2023-05-07,2024-05-06,Cobertura de colisión,Chevrolet Cruze,2014,45050,600,Al día,1,1
P000009013,2023-12-20,2024-12-19,Cobertura total,Ford Focus,2021,24247,500,Al día,1,1
P000009014,2021-03-14,2022-03-14,Cobertura de robo,Toyota Corolla,2018,49675,500,Al día,1,1
P000009015,2020-01-22,2021-01-21,Cobertura total,Hyundai Elantra,2021,11581,600,Vencido,0,1
P000009016,2023-12-03,2024-12-02,Cobertura de colisión,Hyundai Elantra,2022,10760,600,Al día,0,0
P000009017,2022-02-01,2023-02-01,Cobertura amplia,Honda Civic,2015,30872,700,Vencido,0,0
P000009018,2024-07-04,2025-07-04,Responsabilidad civil,Toyota Corolla,2020,41897,500,Al día,1,0
P000009019,2023-12-23,2024-12-22,Cobertura amplia,Honda Civic,2011,26413,500,Al día,0,1
P000009020,2020-02-06,2021-02-05,Cobertura amplia,Honda Civic,2022,13020,600,Al día,0,1
P000009021,2021-02-19,2022-02-19,Responsabilidad civil,Mazda 3,2010,13569,500,Al día,1,0
P000009022,2024-10-30,2025-10-30,Cobertura amplia,Honda Civic,2017,23120,600,Al día,1,1
P000009023,2025-07-08,2026-07-08,Cobertura de colisión,Hyundai Elantra,2013,38287,500,Vencido,0,1
P000009024,2022-03-20,2023-03-20,Cobertura total,Toyota Corolla,2013,20253,600,Al día,1,1
P000009025,2020-12-13,2021-12-13,Cobertura total,Chevrolet Cruze,2013,17785,500,Vencido,0,0
P000009026,2025-12-07,2026-12-07,Cobertura total,Volkswagen Jetta,2017,44816,700,Al día,0,1
P000009027,2025-10-07,2026-10-07,Cobertura de robo,Honda Civic,2022,12060,700,Vencido,0,1
P000009028,2021-09-21,2022-09-21,Cobertura de colisión,Mazda 3,2014,18898,700,Vencido,1,1
P000009029,2024-08-09,2025-08-09,Cobertura de colisión,Kia Forte,2016,21013,600,Al día,1,1
P000009030,2021-05-22,2022-05-22,Cobertura amplia,Chevrolet Cruze,2012,35689,600,Al día,0,1
P000009031,2025-06-19,2026-06-19,Cobertura amplia,Hyundai Elantra,2013,10698,600,Vencido,0,1
P000009032,2020-01-29,2021-01-28,Cobertura de robo,Volkswagen Jetta,2017,22014,700,Al día,0,0
P000009033,2021-09-29,2022-09-29,Cobertura total,Chevrolet Cruze,2019,39470,700,Al día,1,1
P000009034,2022-10-21,2023-10-21,Cobertura de colisión,Toyota Corolla,2016,49335,700,Vencido,0,0
P000009035,2022-07-15,2023-07-15,Cobertura de robo,Hyundai Elantra,2019,11044,500,Al día,0,1
P000009036,2025-04-11,2026-04-11,Responsabilidad civil,Honda Civic,2020,36737,500,Al día,0,0
P000009037,2024-06-07,2025-06-07,Responsabilidad civil,Toyota Corolla,2013,21939,700,Al día,1,0
P000009038,2024-03-13,2025-03-13,Cobertura de colisión,Toyota Corolla,2020,13513,700,Vencido,1,1
P000009039,2023-05-10,2024-05-09,Responsabilidad civil,Honda Civic,2012,28970,500,Al día,1,0
P000009040,2024-02-01,2025-01-31,Responsabilidad civil,Ford Focus,2012,41429,500,Vencido,0,1
P000009041,2024-10-20,2025-10-20,Cobertura total,Chevrolet Cruze,2018,20292,500,Al día,0,0
P000009042,2022-01-16,2023-01-16,Cobertura total,Toyota Corolla,2021,28257,600,Vencido,0,1
P000009043,2023-01-08,2024-01-08,Cobertura amplia,Toyota Corolla,2010,40332,500,Al día,1,0
P000009044,2021-03-21,2022-03-21,Responsabilidad civil,Toyota Corolla,2013,46401,700,Vencido,1,0
P000009045,2024-12-01,2025-12-01,Responsabilidad civil,Ford Focus,2012,25818,600,Vencido,0,0
P000009046,2024-12-04,2025-12-04,Cobertura amplia,Hyundai Elantra,2014,36475,500,Vencido,1,1
P000009047,2021-10-24,2022-10-24,Responsabilidad civil,Toyota Corolla,2019,22095,600,Vencido,1,0
P000009048,2021-07-26,2022-07-26,Cobertura de robo,Hyundai Elantra,2022,11548,700,Al día,0,0
P000009049,2023-12-19,2024-12-18,Cobertura amplia,Toyota Corolla,2022,36339,500,Vencido,1,1
P000009050,2024-11-12,2025-11-12,Cobertura amplia,Toyota Corolla,2011,21319,500,Vencido,0,0
P000009051,2020-01-24,2021-01-23,Cobertura total,Hyundai Elantra,2011,21849,600,Al día,1,1
P000009052,2024-01-11,2025-01-10,Responsabilidad civil,Nissan Sentra,2019,27386,600,Al día,0,1
P000009053,2022-03-23,2023-03-23,Cobertura de robo,Nissan Sentra,2016,26874,600,Al día,1,1
P000009054,2021-03-29,2022-03-29,Cobertura total,Ford Focus,2019,44352,500,Vencido,0,0
P000009055,2022-02-15,2023-02-15,Cobertura de robo,Nissan Sentra,2018,19009,600,Vencido,1,1
P000009056,2023-03-12,2024-03-11,Cobertura de colisión,Chevrolet Cruze,2012,31184,700,Al día,0,0
P000009057,2020-06-13,2021-06-13,Responsabilidad civil,Volkswagen Jetta,2019,17096,500,Vencido,0,1
P000009058,2021-07-01,2022-07-01,Cobertura de robo,Hyundai Elantra,2014,34308,600,Vencido,1,0
P000009059,2024-06-04,2025-06-04,Cobertura total,Toyota Corolla,2017,14211,600,Al día,1,0
P000009060,2024-09-20,2025-09-20,Cobertura amplia,Toyota Corolla,2013,23879,700,Vencido,0,1
P000009061,2023-09-18,2024-09-17,Responsabilidad civil,Toyota Corolla,2010,33416,600,Vencido,0,0
P000009062,2020-05-09,2021-05-09,Cobertura total,Chevrolet Cruze,2016,47956,700,Vencido,0,1
P000009063,2021-10-18,2022-10-18,Responsabilidad civil,Ford Focus,2018,48016,500,Vencido,0,0
P000009064,2022-03-26,2023-03-26,Responsabilidad civil,Ford Focus,2020,24717,500,Vencido,1,1
P000009065,2025-05-17,2026-05-17,Responsabilidad civil,Ford Focus,2018,49485,600,Al día,0,0
P000009066,2022-12-24,2023-12-24,Cobertura amplia,Kia Forte,2021,12301,500,Vencido,1,0
P000009067,2021-05-01,2022-05-01,Cobertura total,Ford Focus,2020,17644,600,Vencido,1,0
P000009068,2024-09-20,2025-09-20,Cobertura total,Nissan Sentra,2013,18770,500,Al día,1,1
P000009069,2025-06-26,2026-06-26,Cobertura total,Chevrolet Cruze,2018,39658,700,Al día,0,0
P000009070,2025-07-22,2026-07-22,Cobertura de robo,Ford Focus,2011,48570,500,Vencido,1,0
P000009071,2021-06-05,2022-06-05,Responsabilidad civil,Toyota Corolla,2018,10860,700,Vencido,1,0
P000009072,2023-08-23,2024-08-22,Cobertura amplia,Ford Focus,2019,19348,600,Al día,1,1
P000009073,2024-06-25,2025-06-25,Responsabilidad civil,Toyota Corolla,2018,32160,500,Al día,0,1
P000009074,2025-08-17,2026-08-17,Responsabilidad civil,Mazda 3,2012,13557,500,Al día,1,1
P000009075,2024-05-11,2025-05-11,Cobertura total,Ford Focus,2013,31370,600,Vencido,1,0
P000009076,2021-06-22,2022-06-22,Responsabilidad civil,Chevrolet Cruze,2022,43902,600,Al día,1,0
P000009077,2021-03-25,2022-03-25,Cobertura de colisión,Volkswagen Jetta,2010,12726,600,Vencido,1,1
P000009078,2021-03-17,2022-03-17,Cobertura de robo,Honda Civic,2012,44385,700,Al día,1,0
P000009079,2020-03-27,2021-03-27,Cobertura de colisión,Kia Forte,2011,22653,700,Vencido,1,1
P000009080,2021-05-31,2022-05-31,Cobertura de colisión,Hyundai Elantra,2021,23468,600,Vencido,0,1
P000009081,2021-09-29,2022-09-29,Cobertura de robo,Toyota Corolla,2011,15645,600,Al día,1,1
P000009082,2023-11-10,2024-11-09,Cobertura de colisión,Honda Civic,2017,11176,700,Vencido,0,1
P000009083,2025-08-10,2026-08-10,Cobertura total,Chevrolet Cruze,2012,24038,700,Vencido,1,0
P000009084,2020-02-25,2021-02-24,Cobertura total,Chevrolet Cruze,2021,27273,500,Vencido,1,0
P000009085,2022-08-26,2023-08-26,Cobertura amplia,Chevrolet Cruze,2010,46867,700,Al día,0,0
P000009086,2020-08-01,2021-08-01,Cobertura amplia,Honda Civic,2013,36030,600,Al día,0,1
P000009087,2023-11-02,2024-11-01,Responsabilidad civil,Nissan Sentra,2015,47962,600,Vencido,1,1
P000009088,2024-10-25,2025-10-25,Cobertura de robo,Honda Civic,2014,28675,600,Vencido,0,1
P000009089,2020-02-02,2021-02-01,Cobertura de robo,Nissan Sentra,2012,14384,700,Al día,1,1
P000009090,2024-11-14,2025-11-14,Responsabilidad civil,Volkswagen Jetta,2011,27219,700,Vencido,0,0
P000009091,2025-05-20,2026-05-20,Cobertura total,Hyundai Elantra,2019,41850,500,Vencido,1,0
P000009092,2023-03-31,2024-03-30,Cobertura amplia,Ford Focus,2020,14106,600,Vencido,0,1
P000009093,2023-03-01,2024-02-29,Cobertura total,Hyundai Elantra,2013,10399,600,Vencido,0,0
P000009094,2025-06-13,2026-06-13,Cobertura amplia,Nissan Sentra,2019,39571,500,Al día,0,0
P000009095,2020-12-04,2021-12-04,Cobertura total,Ford Focus,2016,24640,500,Vencido,1,1
P000009096,2024-10-22,2025-10-22,Cobertura de robo,Toyota Corolla,2021,31246,500,Vencido,1,0
P000009097,2022-10-11,2023-10-11,Cobertura amplia,Volkswagen Jetta,2018,48381,600,Al día,1,1
P000009098,2021-09-16,2022-09-16,Cobertura total,Hyundai Elantra,2010,32837,600,Al día,1,1
P000009099,2025-09-25,2026-09-25,Cobertura de colisión,Chevrolet Cruze,2018,24526,600,Al día,0,0
P000009100,2022-02-04,2023-02-04,Cobertura de colisión,Honda Civic,2018,41036,600,Vencido,1,0
P000009101,2022-10-18,2023-10-18,Cobertura amplia,Subaru Impreza,2017,37627,500,Vencido,0,1
P000009102,2023-02-25,2024-02-25,Cobertura de robo,Volkswagen Jetta,2018,20777,600,Vencido,1,1
P000009103,2021-04-16,2022-04-16,Cobertura de robo,Toyota Corolla,2013,10183,700,Vencido,1,1
P000009104,2022-12-15,2023-12-15,Cobertura de robo,Toyota Corolla,2012,44847,700,Vencido,1,1
P000009105,2022-10-10,2023-10-10,Cobertura de colisión,Subaru Impreza,2014,41861,700,Al día,1,0
P000009106,2024-10-23,2025-10-23,Responsabilidad civil,Volkswagen Jetta,2018,40325,600,Al día,1,1
P000009107,2022-03-23,2023-03-23,Responsabilidad civil,Toyota Corolla,2010,34221,500,Vencido,0,0
P000009108,2025-04-25,2026-04-25,Cobertura de colisión,Toyota Corolla,2010,36175,700,Vencido,1,0
P000009109,2021-02-26,2022-02-26,Responsabilidad civil,Chevrolet Cruze,2020,15752,600,Al día,0,1
P000009110,2025-08-19,2026-08-19,Responsabilidad civil,Ford Focus,2016,26553,500,Vencido,1,0
P000009111,2022-01-12,2023-01-12,Cobertura de colisión,Toyota Corolla,2019,35981,500,Vencido,1,1
P000009112,2022-02-11,2023-02-11,Cobertura de colisión,Mazda 3,2012,36997,700,Al día,1,0
P000009113,2021-09-01,2022-09-01,Cobertura de colisión,Ford Focus,2020,19393,700,Al día,0,0
P000009114,2022-07-28,2023-07-28,Cobertura amplia,Toyota Corolla,2012,28394,500,Al día,1,1
P000009115,2021-05-08,2022-05-08,Responsabilidad civil,Ford Focus,2020,12794,600,Al día,1,1
P000009116,2021-06-25,2022-06-25,Cobertura de colisión,Nissan Sentra,2013,49034,500,Al día,0,1
P000009117,2024-07-01,2025-07-01,Cobertura total,Nissan Sentra,2018,45862,700,Vencido,0,1
P000009118,2020-06-06,2021-06-06,Cobertura de robo,Nissan Sentra,2021,32319,500,Al día,1,1
P000009119,2023-01-26,2024-01-26,Cobertura de robo,Honda Civic,2010,31778,600,Vencido,1,0
P000009120,2022-02-26,2023-02-26,Cobertura de colisión,Ford Focus,2021,27965,700,Vencido,0,1
P000009121,2021-08-21,2022-08-21,Responsabilidad civil,Nissan Sentra,2019,20338,600,Vencido,1,0
P000009122,2024-10-12,2025-10-12,Cobertura amplia,Honda Civic,2013,30868,500,Al día,1,1
P000009123,2020-03-13,2021-03-13,Cobertura amplia,Kia Forte,2016,25619,600,Vencido,0,0
P000009124,2022-03-28,2023-03-28,Cobertura de colisión,Hyundai Elantra,2012,37826,500,Al día,0,0
P000009125,2021-01-07,2022-01-07,Cobertura de robo,Honda Civic,2014,29380,600,Vencido,1,1
P000009126,2020-07-27,2021-07-27,Cobertura total,Hyundai Elantra,2016,30651,600,Al día,0,1
P000009127,2024-04-06,2025-04-06,Cobertura total,Hyundai Elantra,2016,18826,600,Al día,1,0
P000009128,2024-07-26,2025-07-26,Cobertura de colisión,Honda Civic,2019,38088,600,Vencido,1,0
P000009129,2025-11-20,2026-11-20,Responsabilidad civil,Chevrolet Cruze,2017,18358,700,Al día,0,0
P000009130,2023-06-09,2024-06-08,Responsabilidad civil,Mazda 3,2012,27367,500,Vencido,0,0
P000009131,2022-08-05,2023-08-05,Responsabilidad civil,Chevrolet Cruze,2016,40615,700,Al día,1,1
P000009132,2022-06-27,2023-06-27,Cobertura total,Honda Civic,2015,43868,500,Vencido,1,1
P000009133,2023-10-08,2024-10-07,Cobertura total,Mazda 3,2015,46069,700,Al día,1,0
P000009134,2024-10-11,2025-10-11,Responsabilidad civil,Volkswagen Jetta,2017,23217,700,Vencido,1,1
P000009135,2025-05-16,2026-05-16,Responsabilidad civil,Honda Civic,2022,10924,500,Vencido,0,0
P000009136,2020-09-08,2021-09-08,Cobertura total,Ford Focus,2018,49977,700,Al día,1,0
P000009137,2025-09-19,2026-09-19,Cobertura de colisión,Toyota Corolla,2011,18015,500,Al día,0,1
P000009138,2024-10-15,2025-10-15,Cobertura de robo,Volkswagen Jetta,2012,38093,500,Vencido,1,0
P000009139,2020-07-30,2021-07-30,Cobertura amplia,Ford Focus,2011,13768,700,Al día,1,0
P000009140,2023-05-31,2024-05-30,Cobertura de robo,Chevrolet Cruze,2015,27765,600,Al día,0,1
P000009141,2021-03-26,2022-03-26,Cobertura amplia,Volkswagen Jetta,2010,23241,700,Vencido,1,1
P000009142,2023-01-07,2024-01-07,Cobertura de colisión,Mazda 3,2021,41538,700,Vencido,1,1
P000009143,2024-01-29,2025-01-28,Cobertura amplia,Toyota Corolla,2019,42145,700,Vencido,1,0
P000009144,2023-02-23,2024-02-23,Cobertura de robo,Ford Focus,2015,13411,600,Al día,1,0
P000009145,2023-12-08,2024-12-07,Cobertura de colisión,Hyundai Elantra,2020,15981,700,Al día,1,0
P000009146,2024-09-08,2025-09-08,Cobertura amplia,Toyota Corolla,2010,45167,500,Al día,0,1
P000009147,2022-10-08,2023-10-08,Cobertura de colisión,Kia Forte,2018,23568,500,Vencido,1,0
P000009148,2023-08-03,2024-08-02,Cobertura de colisión,Toyota Corolla,2013,36362,600,Vencido,1,0
P000009149,2020-07-13,2021-07-13,Cobertura de robo,Honda Civic,2022,43956,500,Al día,1,1
P000009150,2022-01-14,2023-01-14,Cobertura total,Ford Focus,2013,10071,500,Vencido,0,1
P000009151,2020-06-16,2021-06-16,Cobertura total,Honda Civic,2013,11515,500,Al día,0,0
P000009152,2020-01-03,2021-01-02,Cobertura total,Ford Focus,2020,23990,700,Vencido,1,1
P000009153,2020-08-01,2021-08-01,Cobertura de robo,Ford Focus,2011,25261,700,Al día,1,0
P000009154,2023-08-10,2024-08-09,Cobertura total,Mazda 3,2010,18820,700,Al día,0,1
P000009155,2022-05-18,2023-05-18,Cobertura de colisión,Toyota Corolla,2015,12853,600,Al día,1,0
P000009156,2023-03-14,2024-03-13,Cobertura de colisión,Honda Civic,2013,25756,600,Al día,0,0
P000009157,2025-04-17,2026-04-17,Cobertura de colisión,Toyota Corolla,2011,18245,600,Al día,1,0
P000009158,2023-02-21,2024-02-21,Responsabilidad civil,Toyota Corolla,2016,41031,500,Al día,0,1
P000009159,2021-02-16,2022-02-16,Cobertura de colisión,Honda Civic,2011,48996,700,Vencido,1,1
P000009160,2024-10-30,2025-10-30,Responsabilidad civil,Volkswagen Jetta,2012,10757,500,Al día,1,0
P000009161,2022-01-27,2023-01-27,Cobertura de colisión,Toyota Corolla,2014,44779,600,Al día,0,0
P000009162,2022-10-30,2023-10-30,Cobertura amplia,Toyota Corolla,2018,29384,600,Al día,1,0
P000009163,2025-07-05,2026-07-05,Cobertura de colisión,Ford Focus,2014,45829,700,Vencido,1,0
P000009164,2024-01-29,2025-01-28,Cobertura total,Honda Civic,2015,32476,600,Al día,0,1
P000009165,2023-10-01,2024-09-30,Cobertura de colisión,Mazda 3,2014,18134,700,Al día,0,0
P000009166,2023-05-31,2024-05-30,Cobertura de robo,Volkswagen Jetta,2012,28072,500,Al día,0,1
P000009167,2021-04-01,2022-04-01,Responsabilidad civil,Volkswagen Jetta,2016,12984,600,Al día,1,0
P000009168,2021-01-31,2022-01-31,Cobertura amplia,Ford Focus,2015,25374,500,Al día,1,1
P000009169,2020-02-25,2021-02-24,Cobertura de colisión,Toyota Corolla,2018,13123,700,Al día,0,1
P000009170,2021-06-17,2022-06-17,Cobertura total,Volkswagen Jetta,2014,40490,500,Vencido,1,1
P000009171,2023-09-18,2024-09-17,Cobertura de colisión,Mazda 3,2016,27769,500,Al día,0,0
P000009172,2024-01-16,2025-01-15,Cobertura total,Honda Civic,2014,26671,500,Al día,0,1
P000009173,2024-01-20,2025-01-19,Cobertura amplia,Chevrolet Cruze,2013,43698,700,Al día,1,0
P000009174,2025-12-06,2026-12-06,Cobertura amplia,Kia Forte,2012,33751,500,Al día,0,1
P000009175,2024-03-02,2025-03-02,Responsabilidad civil,Ford Focus,2016,35848,600,Al día,1,1
P000009176,2022-09-02,2023-09-02,Cobertura total,Kia Forte,2021,20263,500,Vencido,0,0
P000009177,2023-02-04,2024-02-04,Cobertura de colisión,Honda Civic,2015,31100,500,Vencido,1,0
P000009178,2022-05-10,2023-05-10,Responsabilidad civil,Volkswagen Jetta,2019,16913,700,Vencido,1,0
P000009179,2024-04-22,2025-04-22,Cobertura amplia,Toyota Corolla,2018,30674,700,Al día,1,0
P000009180,2020-12-23,2021-12-23,Cobertura de robo,Hyundai Elantra,2015,25152,500,Vencido,1,1
P000009181,2021-03-11,2022-03-11,Cobertura total,Toyota Corolla,2010,10951,700,Vencido,0,1
P000009182,2021-06-18,2022-06-18,Cobertura de robo,Nissan Sentra,2017,30460,700,Vencido,1,1
P000009183,2021-05-07,2022-05-07,Cobertura total,Toyota Corolla,2018,37486,700,Al día,0,1
P000009184,2020-06-17,2021-06-17,Cobertura total,Toyota Corolla,2020,27300,500,Vencido,0,0
P000009185,2022-02-19,2023-02-19,Cobertura total,Toyota Corolla,2017,33292,500,Vencido,1,1
P000009186,2022-03-01,2023-03-01,Cobertura amplia,Honda Civic,2018,12084,600,Vencido,0,1
P000009187,2024-12-30,2025-12-30,Cobertura de robo,Chevrolet Cruze,2020,38070,600,Al día,0,0
P000009188,2021-02-08,2022-02-08,Cobertura total,Hyundai Elantra,2012,33812,500,Vencido,0,0
P000009189,2020-11-02,2021-11-02,Cobertura de colisión,Chevrolet Cruze,2015,47088,700,Vencido,0,1
P000009190,2023-11-05,2024-11-04,Cobertura total,Toyota Corolla,2022,19334,500,Vencido,1,1
P000009191,2023-05-19,2024-05-18,Responsabilidad civil,Honda Civic,2011,13654,600,Vencido,0,1
P000009192,2025-04-26,2026-04-26,Cobertura amplia,Subaru Impreza,2018,15815,500,Vencido,0,0
P000009193,2022-04-07,2023-04-07,Responsabilidad civil,Subaru Impreza,2012,17930,500,Vencido,1,1
P000009194,2025-12-25,2026-12-25,Cobertura de robo,Toyota Corolla,2010,14365,600,Al día,0,0
P000009195,2021-09-21,2022-09-21,Responsabilidad civil,Chevrolet Cruze,2016,17306,700,Vencido,1,0
P000009196,2020-06-28,2021-06-28,Cobertura amplia,Honda Civic,2014,10172,500,Vencido,1,1
P000009197,2021-06-07,2022-06-07,Cobertura de colisión,Toyota Corolla,2017,19506,500,Al día,1,0
P000009198,2022-02-24,2023-02-24,Cobertura de colisión,Toyota Corolla,2014,33696,700,Al día,0,1
P000009199,2024-09-08,2025-09-08,Responsabilidad civil,Hyundai Elantra,2012,38229,500,Vencido,1,1
P000009200,2022-10-31,2023-10-31,Cobertura total,Hyundai Elantra,2015,39284,500,Vencido,0,0
P000009201,2023-11-23,2024-11-22,Cobertura de robo,Mazda 3,2019,14419,500,Vencido,0,0
P000009202,2024-02-08,2025-02-07,Cobertura amplia,Honda Civic,2020,49270,600,Al día,1,1
P000009203,2025-01-10,2026-01-10,Cobertura amplia,Honda Civic,2016,17528,600,Al día,0,1
P000009204,2021-04-25,2022-04-25,Cobertura total,Toyota Corolla,2010,11852,700,Al día,0,0
P000009205,2024-11-21,2025-11-21,Cobertura total,Hyundai Elantra,2022,16617,500,Vencido,0,1
P000009206,2020-10-04,2021-10-04,Responsabilidad civil,Ford Focus,2013,30753,600,Al día,1,0
P000009207,2025-05-31,2026-05-31,Cobertura de colisión,Ford Focus,2017,25747,500,Al día,0,1
P000009208,2024-09-12,2025-09-12,Cobertura de robo,Ford Focus,2011,23816,600,Al día,1,0
P000009209,2025-11-15,2026-11-15,Responsabilidad civil,Mazda 3,2021,26969,600,Vencido,1,1
P000009210,2025-08-25,2026-08-25,Cobertura amplia,Subaru Impreza,2013,20120,500,Al día,1,0
P000009211,2020-03-30,2021-03-30,Cobertura amplia,Kia Forte,2013,20657,500,Al día,0,0
P000009212,2021-11-14,2022-11-14,Cobertura de robo,Toyota Corolla,2011,36991,500,Vencido,1,1
P000009213,2023-01-27,2024-01-27,Cobertura amplia,Nissan Sentra,2014,45164,700,Vencido,1,1
P000009214,2021-06-12,2022-06-12,Cobertura total,Mazda 3,2018,11269,700,Vencido,1,1
P000009215,2023-04-01,2024-03-31,Cobertura total,Toyota Corolla,2018,14995,700,Vencido,1,0
P000009216,2020-07-05,2021-07-05,Cobertura de colisión,Hyundai Elantra,2019,46292,600,Al día,1,0
P000009217,2020-09-06,2021-09-06,Responsabilidad civil,Ford Focus,2015,24168,600,Vencido,1,1
P000009218,2022-02-18,2023-02-18,Cobertura de colisión,Honda Civic,2015,21708,700,Al día,0,1
P000009219,2024-06-16,2025-06-16,Cobertura de colisión,Volkswagen Jetta,2014,30339,600,Vencido,0,1
P000009220,2025-07-20,2026-07-20,Cobertura amplia,Kia Forte,2010,46933,500,Al día,1,1
P000009221,2025-12-20,2026-12-20,Cobertura amplia,Honda Civic,2012,11994,500,Al día,0,0
P000009222,2025-10-04,2026-10-04,Cobertura amplia,Chevrolet Cruze,2017,29952,500,Vencido,1,0
P000009223,2020-11-03,2021-11-03,Cobertura de colisión,Honda Civic,2012,45299,500,Vencido,0,0
P000009224,2021-11-08,2022-11-08,Cobertura total,Hyundai Elantra,2012,35283,500,Al día,0,0
P000009225,2024-11-28,2025-11-28,Cobertura de colisión,Nissan Sentra,2018,16290,500,Al día,1,0
P000009226,2025-09-17,2026-09-17,Cobertura total,Chevrolet Cruze,2012,23930,700,Vencido,0,0
P000009227,2024-04-22,2025-04-22,Cobertura de robo,Nissan Sentra,2010,41049,500,Al día,1,1
P000009228,2024-05-17,2025-05-17,Cobertura amplia,Hyundai Elantra,2019,27028,600,Vencido,1,1
P000009229,2024-06-29,2025-06-29,Cobertura de robo,Chevrolet Cruze,2014,24280,600,Al día,0,0
P000009230,2023-01-17,2024-01-17,Cobertura de robo,Chevrolet Cruze,2018,29024,600,Al día,1,0
P000009231,2022-04-27,2023-04-27,Cobertura total,Chevrolet Cruze,2013,39180,600,Vencido,0,1
P000009232,2022-01-23,2023-01-23,Cobertura de colisión,Subaru Impreza,2016,30921,700,Vencido,0,0
P000009233,2020-01-15,2021-01-14,Cobertura de robo,Toyota Corolla,2013,16227,500,Al día,0,0
P000009234,2021-10-17,2022-10-17,Cobertura de colisión,Volkswagen Jetta,2011,43307,600,Al día,1,1
P000009235,2022-06-11,2023-06-11,Cobertura total,Toyota Corolla,2022,24005,600,Vencido,1,1
P000009236,2020-02-06,2021-02-05,Responsabilidad civil,Nissan Sentra,2013,46461,500,Al día,1,1
P000009237,2025-10-01,2026-10-01,Cobertura amplia,Ford Focus,2017,11248,500,Vencido,1,0
P000009238,2025-02-08,2026-02-08,Responsabilidad civil,Toyota Corolla,2017,32564,600,Al día,1,0
P000009239,2025-08-25,2026-08-25,Cobertura total,Kia Forte,2018,11845,600,Al día,0,1
P000009240,2025-11-20,2026-11-20,Cobertura de colisión,Toyota Corolla,2017,40270,700,Vencido,1,1
P000009241,2022-11-26,2023-11-26,Cobertura de robo,Honda Civic,2012,32332,600,Vencido,1,1
P000009242,2023-05-27,2024-05-26,Cobertura de colisión,Ford Focus,2020,44711,600,Vencido,0,0
P000009243,2022-06-21,2023-06-21,Cobertura de colisión,Toyota Corolla,2010,19456,500,Vencido,1,0
P000009244,2023-04-28,2024-04-27,Cobertura amplia,Toyota Corolla,2015,28296,500,Vencido,1,1
P000009245,2023-01-04,2024-01-04,Cobertura de robo,Volkswagen Jetta,2018,15954,700,Al día,1,1
P000009246,2021-05-02,2022-05-02,Cobertura amplia,Ford Focus,2017,28699,500,Vencido,0,1
P000009247,2021-12-01,2022-12-01,Cobertura de robo,Toyota Corolla,2016,16884,700,Al día,1,1
P000009248,2022-07-06,2023-07-06,Cobertura de robo,Toyota Corolla,2010,45777,500,Al día,0,1
P000009249,2020-07-05,2021-07-05,Cobertura de colisión,Toyota Corolla,2014,43431,500,Al día,1,0
P000009250,2025-12-25,2026-12-25,Cobertura de robo,Chevrolet Cruze,2011,26578,600,Vencido,0,1
P000009251,2022-09-02,2023-09-02,Cobertura de colisión,Nissan Sentra,2011,38744,500,Al día,1,1
P000009252,2023-04-10,2024-04-09,Responsabilidad civil,Honda Civic,2012,48296,600,Vencido,0,0
P000009253,2020-06-09,2021-06-09,Cobertura amplia,Volkswagen Jetta,2019,24315,600,Vencido,1,1
P000009254,2021-08-29,2022-08-29,Cobertura de colisión,Nissan Sentra,2012,32167,500,Vencido,0,1
P000009255,2023-02-11,2024-02-11,Cobertura amplia,Toyota Corolla,2016,16625,500,Vencido,1,1
P000009256,2021-06-28,2022-06-28,Responsabilidad civil,Chevrolet Cruze,2017,27580,500,Vencido,0,1
P000009257,2023-01-12,2024-01-12,Cobertura de robo,Honda Civic,2020,19079,500,Al día,0,0
P000009258,2020-07-30,2021-07-30,Cobertura amplia,Ford Focus,2015,44781,700,Al día,1,0
P000009259,2022-10-16,2023-10-16,Cobertura amplia,Volkswagen Jetta,2020,43022,600,Vencido,1,1
P000009260,2022-05-10,2023-05-10,Cobertura de colisión,Toyota Corolla,2010,34210,700,Al día,1,1
P000009261,2025-12-29,2026-12-29,Cobertura de robo,Subaru Impreza,2016,42477,700,Vencido,0,0
P000009262,2021-04-20,2022-04-20,Cobertura amplia,Nissan Sentra,2018,46251,500,Vencido,1,1
P000009263,2020-01-06,2021-01-05,Cobertura total,Nissan Sentra,2016,23151,500,Vencido,0,1
P000009264,2023-11-24,2024-11-23,Cobertura de robo,Hyundai Elantra,2013,46962,700,Vencido,1,1
P000009265,2024-02-20,2025-02-19,Cobertura de robo,Volkswagen Jetta,2022,11624,500,Vencido,0,0
P000009266,2023-08-22,2024-08-21,Cobertura amplia,Hyundai Elantra,2014,36304,500,Vencido,0,0
P000009267,2020-12-06,2021-12-06,Cobertura total,Chevrolet Cruze,2019,22282,500,Al día,0,0
P000009268,2022-12-17,2023-12-17,Cobertura de colisión,Kia Forte,2019,41877,700,Al día,1,1
P000009269,2021-07-01,2022-07-01,Cobertura amplia,Hyundai Elantra,2014,31704,600,Vencido,1,0
P000009270,2024-07-30,2025-07-30,Cobertura de colisión,Ford Focus,2017,49135,500,Al día,0,0
P000009271,2023-04-22,2024-04-21,Cobertura total,Hyundai Elantra,2012,15678,600,Al día,0,0
P000009272,2023-08-22,2024-08-21,Cobertura amplia,Mazda 3,2014,24674,700,Al día,0,1
P000009273,2020-08-22,2021-08-22,Cobertura de robo,Subaru Impreza,2022,39655,500,Vencido,1,0
P000009274,2020-02-12,2021-02-11,Cobertura amplia,Hyundai Elantra,2012,15851,600,Vencido,1,1
P000009275,2023-12-27,2024-12-26,Cobertura total,Ford Focus,2018,36882,500,Vencido,0,0
P000009276,2022-06-17,2023-06-17,Cobertura total,Subaru Impreza,2019,22196,700,Al día,1,0
P000009277,2023-02-19,2024-02-19,Cobertura total,Mazda 3,2011,44218,600,Al día,1,1
P000009278,2021-12-24,2022-12-24,Cobertura de robo,Honda Civic,2012,33584,700,Al día,1,0
P000009279,2022-11-14,2023-11-14,Responsabilidad civil,Ford Focus,2017,31384,500,Al día,0,1
P000009280,2020-03-05,2021-03-05,Cobertura de robo,Honda Civic,2010,45020,500,Vencido,1,0
P000009281,2021-03-11,2022-03-11,Responsabilidad civil,Subaru Impreza,2012,36723,700,Al día,0,0
P000009282,2024-04-13,2025-04-13,Cobertura de colisión,Honda Civic,2015,18104,500,Al día,0,0
P000009283,2022-11-20,2023-11-20,Cobertura amplia,Nissan Sentra,2022,11059,600,Vencido,0,1
P000009284,2022-04-24,2023-04-24,Cobertura total,Chevrolet Cruze,2014,31335,500,Al día,0,1
P000009285,2024-12-16,2025-12-16,Cobertura de colisión,Toyota Corolla,2022,30419,600,Vencido,0,0
P000009286,2022-06-22,2023-06-22,Cobertura amplia,Toyota Corolla,2012,16850,500,Vencido,0,0
P000009287,2023-08-21,2024-08-20,Cobertura amplia,Honda Civic,2015,48803,700,Vencido,0,1
P000009288,2023-01-05,2024-01-05,Cobertura de robo,Toyota Corolla,2013,46211,600,Al día,1,0
P000009289,2022-04-15,2023-04-15,Responsabilidad civil,Honda Civic,2011,31640,700,Al día,1,0
P000009290,2024-06-07,2025-06-07,Cobertura total,Toyota Corolla,2018,45684,700,Vencido,1,0
P000009291,2021-09-29,2022-09-29,Responsabilidad civil,Chevrolet Cruze,2015,27131,500,Al día,1,1
P000009292,2025-01-01,2026-01-01,Cobertura de robo,Toyota Corolla,2019,31182,500,Vencido,1,1
P000009293,2022-08-07,2023-08-07,Cobertura total,Toyota Corolla,2012,14745,500,Vencido,0,1
P000009294,2024-11-12,2025-11-12,Cobertura total,Toyota Corolla,2012,39195,700,Vencido,0,1
P000009295,2024-02-18,2025-02-17,Responsabilidad civil,Toyota Corolla,2018,31209,500,Vencido,1,1
P000009296,2021-08-30,2022-08-30,Cobertura de colisión,Honda Civic,2016,42644,700,Al día,1,1
P000009297,2025-05-16,2026-05-16,Cobertura amplia,Hyundai Elantra,2022,48545,600,Vencido,1,1
P000009298,2021-01-18,2022-01-18,Responsabilidad civil,Honda Civic,2022,41670,600,Vencido,0,1
P000009299,2025-07-24,2026-07-24,Cobertura de robo,Ford Focus,2011,34237,500,Vencido,1,0
P000009300,2022-01-13,2023-01-13,Responsabilidad civil,Volkswagen Jetta,2013,21153,500,Al día,0,0
P000009301,2025-02-24,2026-02-24,Responsabilidad civil,Hyundai Elantra,2018,39662,600,Vencido,1,1
P000009302,2022-01-27,2023-01-27,Cobertura de robo,Toyota Corolla,2015,39999,700,Vencido,1,0
P000009303,2021-12-22,2022-12-22,Cobertura amplia,Kia Forte,2012,46853,500,Vencido,1,1
P000009304,2022-02-12,2023-02-12,Cobertura amplia,Toyota Corolla,2018,17001,700,Al día,1,0
P000009305,2025-07-02,2026-07-02,Cobertura amplia,Nissan Sentra,2016,30876,600,Vencido,0,1
P000009306,2022-01-08,2023-01-08,Cobertura de colisión,Kia Forte,2020,18233,500,Al día,0,0
P000009307,2023-03-01,2024-02-29,Cobertura de robo,Volkswagen Jetta,2018,17832,500,Vencido,1,0
P000009308,2020-03-27,2021-03-27,Cobertura amplia,Toyota Corolla,2018,20675,700,Vencido,0,1
P000009309,2023-06-24,2024-06-23,Responsabilidad civil,Hyundai Elantra,2011,32589,600,Vencido,1,1
P000009310,2021-10-29,2022-10-29,Cobertura amplia,Ford Focus,2017,48051,600,Vencido,0,1
P000009311,2021-12-28,2022-12-28,Responsabilidad civil,Chevrolet Cruze,2020,28812,700,Al día,1,1
P000009312,2024-06-02,2025-06-02,Cobertura de colisión,Kia Forte,2022,32348,700,Vencido,1,0
P000009313,2022-02-08,2023-02-08,Cobertura amplia,Toyota Corolla,2014,49903,600,Vencido,0,0
P000009314,2020-10-11,2021-10-11,Cobertura de robo,Honda Civic,2017,48872,600,Vencido,0,1
P000009315,2021-08-10,2022-08-10,Cobertura amplia,Toyota Corolla,2016,32477,500,Vencido,1,1
P000009316,2020-10-22,2021-10-22,Cobertura total,Volkswagen Jetta,2016,25529,500,Vencido,1,1
P000009317,2024-10-12,2025-10-12,Cobertura de robo,Volkswagen Jetta,2020,38774,600,Al día,0,1
P000009318,2022-10-01,2023-10-01,Cobertura amplia,Honda Civic,2016,20693,500,Al día,1,1
P000009319,2025-02-06,2026-02-06,Cobertura total,Nissan Sentra,2021,21998,500,Vencido,1,0
P000009320,2024-07-06,2025-07-06,Cobertura total,Nissan Sentra,2019,18098,700,Al día,0,0
P000009321,2021-02-14,2022-02-14,Cobertura total,Honda Civic,2016,49229,500,Al día,0,1
P000009322,2025-11-27,2026-11-27,Cobertura total,Chevrolet Cruze,2021,20558,700,Vencido,0,1
P000009323,2021-07-16,2022-07-16,Cobertura de robo,Toyota Corolla,2010,16695,500,Al día,0,0
P000009324,2020-02-18,2021-02-17,Cobertura de colisión,Kia Forte,2022,26941,600,Al día,1,1
P000009325,2021-02-12,2022-02-12,Cobertura total,Hyundai Elantra,2017,41405,700,Vencido,0,1
P000009326,2024-03-27,2025-03-27,Cobertura de colisión,Nissan Sentra,2016,19035,500,Vencido,1,0
P000009327,2024-04-21,2025-04-21,Responsabilidad civil,Toyota Corolla,2016,19296,700,Al día,1,1
P000009328,2020-03-25,2021-03-25,Responsabilidad civil,Ford Focus,2010,46094,600,Al día,1,0
P000009329,2021-03-26,2022-03-26,Cobertura de robo,Toyota Corolla,2021,16752,600,Al día,0,0
P000009330,2020-02-25,2021-02-24,Responsabilidad civil,Toyota Corolla,2021,47907,700,Vencido,0,1
P000009331,2020-06-28,2021-06-28,Cobertura de robo,Toyota Corolla,2020,15178,700,Vencido,1,1
P000009332,2021-06-25,2022-06-25,Responsabilidad civil,Nissan Sentra,2010,42446,700,Al día,0,1
P000009333,2022-10-14,2023-10-14,Responsabilidad civil,Chevrolet Cruze,2011,23821,600,Al día,1,0
P000009334,2020-12-08,2021-12-08,Cobertura amplia,Honda Civic,2010,11770,600,Vencido,0,0
P000009335,2023-01-01,2024-01-01,Cobertura de colisión,Ford Focus,2018,41501,700,Al día,0,1
P000009336,2021-08-07,2022-08-07,Cobertura de robo,Ford Focus,2015,41226,500,Vencido,1,0
P000009337,2020-02-25,2021-02-24,Cobertura de robo,Mazda 3,2018,18483,700,Vencido,1,1
P000009338,2020-02-08,2021-02-07,Responsabilidad civil,Toyota Corolla,2015,38495,500,Al día,0,1
P000009339,2021-03-11,2022-03-11,Cobertura de robo,Kia Forte,2018,10467,500,Al día,0,1
P000009340,2023-10-18,2024-10-17,Cobertura de colisión,Chevrolet Cruze,2012,14130,600,Al día,1,1
P000009341,2020-12-14,2021-12-14,Cobertura total,Volkswagen Jetta,2015,40661,600,Al día,1,0
P000009342,2022-04-08,2023-04-08,Cobertura amplia,Ford Focus,2020,42198,500,Vencido,0,0
P000009343,2021-07-24,2022-07-24,Cobertura total,Toyota Corolla,2020,17835,500,Al día,0,0
P000009344,2025-05-21,2026-05-21,Cobertura de colisión,Volkswagen Jetta,2012,20108,500,Vencido,0,0
P000009345,2024-12-24,2025-12-24,Cobertura de robo,Toyota Corolla,2019,11859,500,Vencido,1,0
P000009346,2021-10-30,2022-10-30,Cobertura de colisión,Toyota Corolla,2011,40032,600,Vencido,1,0
P000009347,2023-06-13,2024-06-12,Cobertura de robo,Honda Civic,2014,35928,700,Vencido,0,0
P000009348,2023-09-20,2024-09-19,Responsabilidad civil,Volkswagen Jetta,2020,33720,700,Al día,0,1
P000009349,2025-05-15,2026-05-15,Cobertura total,Mazda 3,2010,41641,700,Vencido,0,0
P000009350,2021-09-24,2022-09-24,Cobertura total,Volkswagen Jetta,2019,36020,500,Vencido,1,0
P000009351,2022-09-25,2023-09-25,Cobertura total,Ford Focus,2012,22027,500,Al día,1,0
P000009352,2020-08-16,2021-08-16,Cobertura de colisión,Ford Focus,2011,20883,700,Vencido,1,0
P000009353,2022-12-31,2023-12-31,Responsabilidad civil,Ford Focus,2013,49502,500,Vencido,0,0
P000009354,2021-05-19,2022-05-19,Responsabilidad civil,Kia Forte,2018,22269,700,Vencido,1,1
P000009355,2020-03-27,2021-03-27,Cobertura de colisión,Honda Civic,2017,38219,600,Vencido,0,0
P000009356,2020-07-01,2021-07-01,Cobertura amplia,Hyundai Elantra,2021,24969,700,Al día,0,1
P000009357,2021-02-25,2022-02-25,Responsabilidad civil,Hyundai Elantra,2017,47798,700,Vencido,0,0
P000009358,2023-04-30,2024-04-29,Responsabilidad civil,Nissan Sentra,2020,13579,700,Vencido,0,0
P000009359,2021-02-24,2022-02-24,Cobertura de colisión,Toyota Corolla,2016,14050,500,Al día,0,0
P000009360,2025-09-26,2026-09-26,Cobertura amplia,Honda Civic,2018,46156,700,Al día,1,0
P000009361,2024-08-28,2025-08-28,Responsabilidad civil,Hyundai Elantra,2010,28763,600,Al día,1,1
P000009362,2021-08-03,2022-08-03,Cobertura de colisión,Chevrolet Cruze,2019,29418,600,Al día,1,1
P000009363,2020-01-05,2021-01-04,Cobertura amplia,Mazda 3,2012,42458,700,Vencido,1,1
P000009364,2022-07-07,2023-07-07,Cobertura total,Ford Focus,2013,40454,700,Vencido,0,0
P000009365,2020-04-08,2021-04-08,Cobertura de colisión,Toyota Corolla,2015,48248,700,Vencido,0,0
P000009366,2022-07-17,2023-07-17,Cobertura de robo,Honda Civic,2016,37720,600,Al día,1,1
P000009367,2024-10-15,2025-10-15,Responsabilidad civil,Ford Focus,2019,37957,600,Al día,1,1
P000009368,2024-04-27,2025-04-27,Cobertura de robo,Honda Civic,2013,47683,700,Vencido,0,0
P000009369,2021-08-26,2022-08-26,Responsabilidad civil,Nissan Sentra,2017,42444,700,Al día,1,1
P000009370,2023-12-18,2024-12-17,Cobertura amplia,Kia Forte,2013,26427,700,Al día,0,1
P000009371,2023-03-20,2024-03-19,Cobertura amplia,Hyundai Elantra,2010,33594,700,Al día,0,0
P000009372,2022-07-14,2023-07-14,Responsabilidad civil,Honda Civic,2019,39711,500,Vencido,1,1
P000009373,2024-04-24,2025-04-24,Responsabilidad civil,Kia Forte,2022,46598,600,Al día,1,1
P000009374,2021-04-05,2022-04-05,Cobertura de robo,Nissan Sentra,2016,33536,600,Al día,1,0
P000009375,2025-07-07,2026-07-07,Cobertura de colisión,Chevrolet Cruze,2014,49713,600,Al día,1,0
P000009376,2021-11-25,2022-11-25,Cobertura de robo,Toyota Corolla,2018,28990,500,Vencido,1,1
P000009377,2021-03-27,2022-03-27,Cobertura amplia,Toyota Corolla,2016,15841,700,Al día,1,0
P000009378,2022-07-08,2023-07-08,Responsabilidad civil,Honda Civic,2015,36507,500,Vencido,1,0
P000009379,2021-02-20,2022-02-20,Cobertura total,Toyota Corolla,2020,43034,700,Vencido,0,1
P000009380,2023-02-28,2024-02-28,Cobertura amplia,Volkswagen Jetta,2021,19685,500,Al día,1,1
P000009381,2024-01-03,2025-01-02,Cobertura de colisión,Hyundai Elantra,2018,25392,700,Al día,0,1
P000009382,2020-11-08,2021-11-08,Cobertura total,Ford Focus,2014,38505,500,Vencido,1,1
P000009383,2023-09-28,2024-09-27,Cobertura de colisión,Chevrolet Cruze,2010,34536,600,Vencido,0,1
P000009384,2021-04-29,2022-04-29,Responsabilidad civil,Nissan Sentra,2015,24224,600,Vencido,0,1
P000009385,2024-01-16,2025-01-15,Cobertura amplia,Hyundai Elantra,2019,15669,600,Vencido,0,0
P000009386,2020-12-13,2021-12-13,Cobertura amplia,Nissan Sentra,2021,43170,600,Al día,0,1
P000009387,2020-06-26,2021-06-26,Responsabilidad civil,Nissan Sentra,2016,43911,700,Vencido,0,1
P000009388,2021-09-10,2022-09-10,Cobertura amplia,Honda Civic,2022,14139,700,Al día,1,0
P000009389,2021-12-30,2022-12-30,Cobertura total,Honda Civic,2014,48564,600,Al día,0,1
P000009390,2024-10-21,2025-10-21,Cobertura de colisión,Honda Civic,2011,30095,600,Vencido,0,0
P000009391,2025-12-12,2026-12-12,Cobertura de robo,Subaru Impreza,2010,25145,500,Al día,0,1
P000009392,2023-10-03,2024-10-02,Cobertura amplia,Chevrolet Cruze,2020,15647,500,Vencido,1,0
P000009393,2022-01-12,2023-01-12,Cobertura total,Honda Civic,2020,25548,600,Al día,1,1
P000009394,2024-10-07,2025-10-07,Cobertura amplia,Subaru Impreza,2010,13073,500,Al día,0,1
P000009395,2021-09-07,2022-09-07,Cobertura total,Toyota Corolla,2010,28810,700,Al día,0,1
P000009396,2023-05-20,2024-05-19,Responsabilidad civil,Nissan Sentra,2011,15177,500,Al día,1,1
P000009397,2023-03-21,2024-03-20,Cobertura de robo,Chevrolet Cruze,2011,29964,500,Vencido,1,1
P000009398,2023-11-27,2024-11-26,Cobertura de colisión,Honda Civic,2021,21996,700,Vencido,1,1
P000009399,2021-03-01,2022-03-01,Responsabilidad civil,Honda Civic,2022,18558,700,Vencido,1,1
P000009400,2023-01-15,2024-01-15,Cobertura amplia,Chevrolet Cruze,2012,46029,700,Vencido,0,1
P000009401,2025-08-06,2026-08-06,Cobertura amplia,Hyundai Elantra,2019,49848,700,Vencido,0,0
P000009402,2024-02-20,2025-02-19,Cobertura de robo,Toyota Corolla,2018,23019,500,Vencido,0,0
P000009403,2022-12-23,2023-12-23,Responsabilidad civil,Hyundai Elantra,2021,46942,600,Al día,1,1
P000009404,2020-11-08,2021-11-08,Cobertura amplia,Chevrolet Cruze,2012,30994,600,Al día,0,1
P000009405,2020-01-09,2021-01-08,Responsabilidad civil,Toyota Corolla,2022,34769,600,Vencido,1,1
P000009406,2021-08-31,2022-08-31,Cobertura de robo,Chevrolet Cruze,2018,38992,700,Al día,0,1
P000009407,2021-08-23,2022-08-23,Responsabilidad civil,Mazda 3,2015,35701,500,Vencido,1,0
P000009408,2023-08-04,2024-08-03,Cobertura de robo,Chevrolet Cruze,2012,42806,600,Vencido,1,1
P000009409,2021-08-28,2022-08-28,Cobertura de colisión,Toyota Corolla,2020,39093,700,Vencido,1,0
P000009410,2024-05-18,2025-05-18,Responsabilidad civil,Nissan Sentra,2013,28479,600,Al día,0,0
P000009411,2025-01-03,2026-01-03,Cobertura total,Toyota Corolla,2019,41978,500,Vencido,1,0
P000009412,2025-05-13,2026-05-13,Cobertura amplia,Subaru Impreza,2015,25882,700,Vencido,0,1
P000009413,2020-10-02,2021-10-02,Cobertura de robo,Ford Focus,2018,20226,700,Vencido,0,1
P000009414,2021-04-08,2022-04-08,Cobertura de robo,Honda Civic,2020,32488,500,Al día,0,1
P000009415,2024-10-16,2025-10-16,Responsabilidad civil,Chevrolet Cruze,2017,49354,500,Al día,1,0
P000009416,2023-02-14,2024-02-14,Cobertura de robo,Hyundai Elantra,2020,14254,600,Vencido,0,0
P000009417,2021-08-15,2022-08-15,Cobertura de robo,Toyota Corolla,2012,14807,600,Vencido,1,0
P000009418,2021-01-05,2022-01-05,Cobertura amplia,Mazda 3,2017,11196,700,Vencido,1,0
P000009419,2023-08-16,2024-08-15,Cobertura de robo,Volkswagen Jetta,2017,32046,700,Al día,0,0
P000009420,2021-06-06,2022-06-06,Cobertura de colisión,Ford Focus,2021,36814,600,Vencido,1,1
P000009421,2022-01-14,2023-01-14,Cobertura amplia,Honda Civic,2018,16545,600,Vencido,0,1
P000009422,2024-04-26,2025-04-26,Cobertura total,Hyundai Elantra,2010,17004,500,Al día,1,0
P000009423,2023-12-15,2024-12-14,Cobertura total,Kia Forte,2013,11106,700,Vencido,0,1
P000009424,2023-07-31,2024-07-30,Cobertura amplia,Nissan Sentra,2019,47160,600,Vencido,1,1
P000009425,2025-07-17,2026-07-17,Cobertura de colisión,Ford Focus,2017,46925,600,Al día,1,0
P000009426,2024-10-02,2025-10-02,Cobertura total,Hyundai Elantra,2010,13564,500,Al día,1,1
P000009427,2025-05-25,2026-05-25,Cobertura amplia,Hyundai Elantra,2022,34721,600,Al día,0,1
P000009428,2024-08-22,2025-08-22,Cobertura de colisión,Hyundai Elantra,2011,40326,500,Vencido,0,0
P000009429,2023-09-27,2024-09-26,Cobertura amplia,Toyota Corolla,2020,31599,700,Al día,0,1
P000009430,2021-07-20,2022-07-20,Cobertura total,Honda Civic,2019,42493,600,Vencido,0,1
P000009431,2022-10-04,2023-10-04,Cobertura de colisión,Honda Civic,2013,16985,600,Vencido,1,1
P000009432,2024-04-18,2025-04-18,Cobertura amplia,Toyota Corolla,2022,33195,700,Vencido,0,0
P000009433,2024-09-10,2025-09-10,Cobertura de robo,Honda Civic,2014,12627,600,Vencido,1,0
P000009434,2025-07-29,2026-07-29,Cobertura total,Hyundai Elantra,2022,30811,500,Vencido,0,1
P000009435,2025-12-26,2026-12-26,Cobertura de colisión,Honda Civic,2015,28372,700,Vencido,1,0
P000009436,2025-07-10,2026-07-10,Cobertura de colisión,Toyota Corolla,2013,24265,500,Vencido,1,1
P000009437,2025-12-21,2026-12-21,Cobertura amplia,Ford Focus,2018,49978,600,Vencido,0,1
P000009438,2022-07-31,2023-07-31,Responsabilidad civil,Chevrolet Cruze,2022,44684,600,Vencido,1,0
P000009439,2024-04-24,2025-04-24,Cobertura de colisión,Chevrolet Cruze,2015,10529,500,Vencido,0,1
P000009440,2020-12-08,2021-12-08,Responsabilidad civil,Ford Focus,2015,32811,600,Al día,1,1
P000009441,2024-09-23,2025-09-23,Cobertura de colisión,Toyota Corolla,2014,25383,500,Al día,1,0
P000009442,2025-11-28,2026-11-28,Responsabilidad civil,Ford Focus,2015,30741,700,Vencido,0,0
P000009443,2022-06-17,2023-06-17,Cobertura total,Toyota Corolla,2013,25561,600,Vencido,1,0
P000009444,2020-12-23,2021-12-23,Responsabilidad civil,Chevrolet Cruze,2010,21388,700,Al día,1,0
P000009445,2022-08-21,2023-08-21,Cobertura total,Nissan Sentra,2014,10769,700,Al día,1,1
P000009446,2024-01-21,2025-01-20,Cobertura de robo,Honda Civic,2016,11783,500,Al día,1,0
P000009447,2020-01-12,2021-01-11,Cobertura total,Ford Focus,2022,25274,500,Vencido,0,0
P000009448,2022-04-12,2023-04-12,Cobertura de colisión,Hyundai Elantra,2018,11776,500,Vencido,1,1
P000009449,2020-03-11,2021-03-11,Cobertura de robo,Kia Forte,2019,44514,700,Vencido,0,1
P000009450,2024-01-24,2025-01-23,Responsabilidad civil,Ford Focus,2020,20565,600,Al día,1,0
P000009451,2025-04-25,2026-04-25,Responsabilidad civil,Hyundai Elantra,2011,14409,600,Vencido,1,1
P000009452,2021-07-01,2022-07-01,Cobertura de colisión,Volkswagen Jetta,2022,20310,600,Vencido,0,0
P000009453,2021-03-27,2022-03-27,Cobertura amplia,Hyundai Elantra,2011,40986,700,Al día,1,1
P000009454,2020-09-01,2021-09-01,Cobertura de robo,Toyota Corolla,2021,25431,500,Vencido,0,1
P000009455,2023-12-01,2024-11-30,Responsabilidad civil,Volkswagen Jetta,2021,42038,500,Al día,0,0
P000009456,2024-01-18,2025-01-17,Cobertura total,Volkswagen Jetta,2014,18637,500,Al día,0,1
P000009457,2021-07-24,2022-07-24,Cobertura de robo,Kia Forte,2017,45599,500,Vencido,0,0
P000009458,2023-04-22,2024-04-21,Cobertura de robo,Chevrolet Cruze,2018,21219,700,Vencido,0,0
P000009459,2025-02-28,2026-02-28,Cobertura de colisión,Volkswagen Jetta,2019,19571,600,Vencido,1,1
P000009460,2021-08-13,2022-08-13,Cobertura amplia,Kia Forte,2019,46624,600,Al día,0,1
P000009461,2024-09-20,2025-09-20,Responsabilidad civil,Ford Focus,2021,23276,600,Vencido,0,0
P000009462,2022-09-20,2023-09-20,Cobertura amplia,Nissan Sentra,2011,16882,600,Al día,1,1
P000009463,2022-05-13,2023-05-13,Cobertura amplia,Ford Focus,2021,29834,700,Al día,0,0
P000009464,2022-07-08,2023-07-08,Responsabilidad civil,Mazda 3,2013,39340,600,Vencido,0,1
P000009465,2020-08-16,2021-08-16,Cobertura de colisión,Nissan Sentra,2014,47315,600,Al día,1,1
P000009466,2021-07-18,2022-07-18,Cobertura amplia,Ford Focus,2012,14273,700,Vencido,0,1
P000009467,2021-04-25,2022-04-25,Cobertura amplia,Toyota Corolla,2019,37766,500,Vencido,1,0
P000009468,2021-08-09,2022-08-09,Cobertura de robo,Ford Focus,2021,34334,700,Vencido,1,0
P000009469,2024-03-26,2025-03-26,Cobertura total,Ford Focus,2021,20099,500,Al día,1,1
P000009470,2020-04-17,2021-04-17,Cobertura total,Ford Focus,2017,16829,700,Al día,1,0
P000009471,2024-10-05,2025-10-05,Responsabilidad civil,Mazda 3,2018,12593,700,Vencido,0,0
P000009472,2024-03-02,2025-03-02,Cobertura de colisión,Toyota Corolla,2010,12199,600,Al día,1,1
P000009473,2020-08-09,2021-08-09,Cobertura de colisión,Chevrolet Cruze,2020,19933,700,Al día,1,0
P000009474,2021-03-10,2022-03-10,Cobertura amplia,Nissan Sentra,2012,15885,500,Vencido,1,1
P000009475,2020-10-29,2021-10-29,Cobertura de colisión,Toyota Corolla,2019,40724,500,Al día,0,0
P000009476,2025-05-07,2026-05-07,Cobertura total,Honda Civic,2019,24835,700,Vencido,1,0
P000009477,2021-10-09,2022-10-09,Cobertura total,Toyota Corolla,2015,14820,600,Al día,1,0
P000009478,2020-05-03,2021-05-03,Responsabilidad civil,Ford Focus,2014,29704,700,Vencido,1,1
P000009479,2021-08-24,2022-08-24,Cobertura de robo,Nissan Sentra,2013,12225,500,Vencido,0,0
P000009480,2024-02-05,2025-02-04,Cobertura de colisión,Chevrolet Cruze,2020,31198,500,Vencido,0,0
P000009481,2021-08-01,2022-08-01,Cobertura total,Chevrolet Cruze,2012,10323,500,Al día,0,1
P000009482,2020-11-19,2021-11-19,Cobertura amplia,Chevrolet Cruze,2022,36343,600,Vencido,0,0
P000009483,2022-09-30,2023-09-30,Cobertura total,Nissan Sentra,2011,37294,600,Al día,1,0
P000009484,2020-11-11,2021-11-11,Cobertura total,Kia Forte,2015,18431,500,Al día,1,1
P000009485,2020-02-21,2021-02-20,Cobertura amplia,Chevrolet Cruze,2014,15053,500,Vencido,1,1
P000009486,2024-09-01,2025-09-01,Cobertura amplia,Nissan Sentra,2011,37847,700,Vencido,0,1
P000009487,2021-09-05,2022-09-05,Cobertura total,Volkswagen Jetta,2015,48779,700,Vencido,0,0
P000009488,2022-01-17,2023-01-17,Cobertura total,Chevrolet Cruze,2014,49652,600,Vencido,0,1
P000009489,2025-04-08,2026-04-08,Cobertura amplia,Honda Civic,2017,36140,600,Al día,0,0
P000009490,2021-07-27,2022-07-27,Responsabilidad civil,Volkswagen Jetta,2010,44821,500,Al día,1,1
P000009491,2025-11-30,2026-11-30,Cobertura amplia,Nissan Sentra,2014,30081,500,Vencido,1,1
P000009492,2023-05-11,2024-05-10,Cobertura de robo,Mazda 3,2017,30087,700,Al día,0,0
P000009493,2025-04-09,2026-04-09,Cobertura de colisión,Ford Focus,2014,24563,600,Vencido,1,0
P000009494,2024-08-12,2025-08-12,Cobertura de colisión,Hyundai Elantra,2014,47635,700,Al día,1,1
P000009495,2023-10-13,2024-10-12,Cobertura total,Subaru Impreza,2011,38333,500,Vencido,1,1
P000009496,2024-12-23,2025-12-23,Responsabilidad civil,Nissan Sentra,2016,46529,500,Al día,1,0
P000009497,2020-02-24,2021-02-23,Cobertura de robo,Toyota Corolla,2021,29750,600,Vencido,1,0
P000009498,2023-03-20,2024-03-19,Cobertura total,Honda Civic,2020,46672,600,Al día,0,1
P000009499,2021-03-31,2022-03-31,Cobertura de colisión,Ford Focus,2015,14012,500,Al día,0,0
P000009500,2021-09-30,2022-09-30,Responsabilidad civil,Chevrolet Cruze,2011,38907,600,Al día,1,1
P000009501,2020-09-02,2021-09-02,Cobertura de robo,Toyota Corolla,2018,38732,700,Vencido,1,1
P000009502,2020-05-11,2021-05-11,Cobertura amplia,Mazda 3,2021,41328,600,Al día,0,0
P000009503,2021-12-11,2022-12-11,Responsabilidad civil,Volkswagen Jetta,2017,27480,700,Al día,1,1
P000009504,2025-08-23,2026-08-23,Cobertura amplia,Toyota Corolla,2019,16993,700,Vencido,0,0
P000009505,2021-10-18,2022-10-18,Cobertura total,Mazda 3,2012,48415,500,Vencido,1,0
P000009506,2020-02-14,2021-02-13,Cobertura amplia,Toyota Corolla,2018,48224,500,Vencido,0,1
P000009507,2024-06-11,2025-06-11,Responsabilidad civil,Hyundai Elantra,2022,45905,600,Al día,1,1
P000009508,2024-10-01,2025-10-01,Cobertura de robo,Chevrolet Cruze,2010,21074,700,Vencido,0,0
P000009509,2025-02-03,2026-02-03,Cobertura total,Chevrolet Cruze,2019,20744,700,Al día,1,0
P000009510,2022-11-22,2023-11-22,Cobertura amplia,Nissan Sentra,2017,23309,700,Vencido,1,0
P000009511,2025-08-17,2026-08-17,Cobertura total,Subaru Impreza,2021,49036,600,Vencido,1,0
P000009512,2023-06-07,2024-06-06,Cobertura de colisión,Ford Focus,2022,38101,700,Vencido,1,1
P000009513,2022-07-20,2023-07-20,Cobertura de colisión,Chevrolet Cruze,2018,48759,700,Vencido,1,0
P000009514,2024-10-01,2025-10-01,Cobertura de robo,Honda Civic,2011,19227,500,Vencido,0,1
P000009515,2021-10-04,2022-10-04,Cobertura amplia,Chevrolet Cruze,2019,42477,500,Vencido,0,0
P000009516,2023-01-18,2024-01-18,Cobertura amplia,Mazda 3,2014,40805,700,Vencido,0,1
P000009517,2021-01-11,2022-01-11,Responsabilidad civil,Kia Forte,2021,28852,600,Al día,1,1
P000009518,2025-11-06,2026-11-06,Cobertura de colisión,Honda Civic,2019,46134,600,Al día,1,0
P000009519,2024-03-26,2025-03-26,Responsabilidad civil,Toyota Corolla,2014,40573,600,Al día,0,0
P000009520,2021-05-27,2022-05-27,Cobertura de colisión,Hyundai Elantra,2016,27821,500,Al día,1,1
P000009521,2022-05-17,2023-05-17,Cobertura de robo,Volkswagen Jetta,2016,14510,500,Vencido,0,0
P000009522,2024-06-28,2025-06-28,Cobertura de colisión,Chevrolet Cruze,2015,37939,700,Vencido,0,1
P000009523,2020-08-17,2021-08-17,Cobertura de colisión,Honda Civic,2021,27974,500,Vencido,1,0
P000009524,2022-06-15,2023-06-15,Cobertura de colisión,Kia Forte,2016,16416,700,Vencido,0,1
P000009525,2024-05-25,2025-05-25,Cobertura amplia,Honda Civic,2010,14767,500,Al día,1,1
P000009526,2022-01-22,2023-01-22,Cobertura amplia,Toyota Corolla,2021,14733,600,Al día,1,1
P000009527,2020-11-12,2021-11-12,Responsabilidad civil,Toyota Corolla,2016,42125,700,Vencido,1,0
P000009528,2025-04-02,2026-04-02,Cobertura amplia,Ford Focus,2020,24602,600,Al día,0,1
P000009529,2025-05-09,2026-05-09,Cobertura total,Honda Civic,2010,42597,600,Vencido,0,1
P000009530,2023-07-06,2024-07-05,Cobertura total,Kia Forte,2018,15224,600,Al día,1,0
P000009531,2024-07-17,2025-07-17,Responsabilidad civil,Chevrolet Cruze,2018,28756,600,Vencido,0,1
P000009532,2024-04-07,2025-04-07,Cobertura amplia,Honda Civic,2012,45102,600,Al día,1,0
P000009533,2021-11-06,2022-11-06,Cobertura amplia,Hyundai Elantra,2022,27284,600,Vencido,1,0
P000009534,2020-08-11,2021-08-11,Cobertura de colisión,Mazda 3,2010,23560,600,Al día,0,1
P000009535,2024-03-01,2025-03-01,Cobertura de robo,Honda Civic,2019,20838,700,Vencido,0,0
P000009536,2024-10-03,2025-10-03,Responsabilidad civil,Toyota Corolla,2012,18128,700,Vencido,1,1
P000009537,2022-03-08,2023-03-08,Cobertura de colisión,Subaru Impreza,2011,20944,600,Al día,0,0
P000009538,2023-01-10,2024-01-10,Cobertura de colisión,Kia Forte,2012,44873,500,Al día,1,0
P000009539,2021-03-20,2022-03-20,Cobertura de colisión,Subaru Impreza,2016,42828,600,Al día,0,0
P000009540,2021-03-03,2022-03-03,Cobertura de colisión,Mazda 3,2021,42824,500,Vencido,0,0
P000009541,2020-11-14,2021-11-14,Cobertura de robo,Kia Forte,2011,32117,500,Al día,1,0
P000009542,2024-01-25,2025-01-24,Responsabilidad civil,Subaru Impreza,2020,11854,500,Al día,1,0
P000009543,2023-10-06,2024-10-05,Cobertura total,Chevrolet Cruze,2020,28693,700,Al día,1,1
P000009544,2020-04-24,2021-04-24,Cobertura de robo,Honda Civic,2019,12943,700,Al día,0,1
P000009545,2022-09-08,2023-09-08,Cobertura amplia,Hyundai Elantra,2020,31533,700,Vencido,0,0
P000009546,2023-03-01,2024-02-29,Cobertura de robo,Honda Civic,2017,14570,600,Al día,0,0
P000009547,2021-10-28,2022-10-28,Responsabilidad civil,Nissan Sentra,2017,31312,500,Al día,0,0
P000009548,2021-03-12,2022-03-12,Cobertura total,Kia Forte,2010,48276,700,Vencido,0,1
P000009549,2020-09-24,2021-09-24,Cobertura amplia,Kia Forte,2021,39960,500,Vencido,0,1
P000009550,2022-05-17,2023-05-17,Cobertura de colisión,Toyota Corolla,2013,16001,600,Vencido,1,1
P000009551,2020-02-14,2021-02-13,Cobertura de robo,Kia Forte,2011,43636,600,Al día,1,1
P000009552,2023-06-20,2024-06-19,Cobertura de robo,Toyota Corolla,2020,48105,500,Vencido,1,0
P000009553,2022-02-07,2023-02-07,Cobertura de robo,Honda Civic,2014,24956,600,Al día,0,0
P000009554,2022-04-06,2023-04-06,Responsabilidad civil,Chevrolet Cruze,2018,41150,700,Vencido,0,1
P000009555,2020-05-12,2021-05-12,Cobertura de colisión,Nissan Sentra,2014,49157,500,Al día,1,1
P000009556,2022-09-11,2023-09-11,Responsabilidad civil,Chevrolet Cruze,2010,10663,600,Al día,0,0
P000009557,2023-01-07,2024-01-07,Cobertura de colisión,Volkswagen Jetta,2018,27023,600,Vencido,1,1
P000009558,2020-12-14,2021-12-14,Cobertura de robo,Hyundai Elantra,2015,43201,700,Vencido,0,1
P000009559,2020-07-02,2021-07-02,Responsabilidad civil,Toyota Corolla,2021,17716,500,Vencido,1,1
P000009560,2025-06-04,2026-06-04,Cobertura amplia,Toyota Corolla,2015,39158,600,Vencido,0,1
P000009561,2020-07-06,2021-07-06,Responsabilidad civil,Kia Forte,2010,48285,700,Vencido,1,0
P000009562,2020-07-15,2021-07-15,Responsabilidad civil,Chevrolet Cruze,2015,29044,700,Al día,1,1
P000009563,2023-07-12,2024-07-11,Cobertura total,Nissan Sentra,2011,26140,500,Al día,1,1
P000009564,2021-01-16,2022-01-16,Responsabilidad civil,Toyota Corolla,2019,46729,500,Al día,1,0
P000009565,2023-06-18,2024-06-17,Cobertura de colisión,Toyota Corolla,2018,31260,500,Vencido,0,1
P000009566,2020-02-04,2021-02-03,Cobertura de colisión,Honda Civic,2019,20629,600,Vencido,0,0
P000009567,2023-12-31,2024-12-30,Cobertura de robo,Mazda 3,2021,18142,600,Al día,1,0
P000009568,2023-03-02,2024-03-01,Responsabilidad civil,Hyundai Elantra,2015,47486,600,Vencido,1,1
P000009569,2024-06-18,2025-06-18,Responsabilidad civil,Honda Civic,2020,36722,700,Al día,0,1
P000009570,2025-08-10,2026-08-10,Cobertura de colisión,Honda Civic,2021,20255,600,Vencido,0,1
P000009571,2022-03-09,2023-03-09,Responsabilidad civil,Nissan Sentra,2018,48516,700,Vencido,0,0
P000009572,2023-07-12,2024-07-11,Responsabilidad civil,Subaru Impreza,2020,27165,500,Vencido,1,1
P000009573,2024-05-19,2025-05-19,Cobertura amplia,Chevrolet Cruze,2015,45159,600,Vencido,1,1
P000009574,2023-12-28,2024-12-27,Cobertura total,Ford Focus,2010,37086,600,Vencido,1,0
P000009575,2021-06-14,2022-06-14,Cobertura de colisión,Toyota Corolla,2011,37365,500,Vencido,0,0
P000009576,2021-02-02,2022-02-02,Cobertura de colisión,Ford Focus,2014,16098,600,Al día,1,0
P000009577,2023-09-19,2024-09-18,Cobertura de robo,Honda Civic,2010,21029,500,Vencido,1,1
P000009578,2024-07-26,2025-07-26,Cobertura de colisión,Toyota Corolla,2010,40385,700,Vencido,0,1
P000009579,2025-08-24,2026-08-24,Cobertura de robo,Chevrolet Cruze,2016,24505,700,Vencido,0,0
P000009580,2021-02-17,2022-02-17,Responsabilidad civil,Ford Focus,2018,16767,700,Al día,1,0
P000009581,2025-08-18,2026-08-18,Cobertura amplia,Honda Civic,2022,27811,500,Vencido,1,0
P000009582,2021-09-07,2022-09-07,Cobertura total,Mazda 3,2011,26423,700,Vencido,1,1
P000009583,2020-04-07,2021-04-07,Cobertura amplia,Toyota Corolla,2014,13304,500,Vencido,1,0
P000009584,2024-04-14,2025-04-14,Cobertura de robo,Hyundai Elantra,2017,11985,700,Al día,1,1
P000009585,2025-05-07,2026-05-07,Cobertura amplia,Nissan Sentra,2010,49902,500,Al día,1,0
P000009586,2020-06-02,2021-06-02,Responsabilidad civil,Chevrolet Cruze,2012,30668,700,Al día,1,0
P000009587,2023-04-03,2024-04-02,Cobertura amplia,Toyota Corolla,2022,15838,500,Al día,0,1
P000009588,2021-10-22,2022-10-22,Cobertura amplia,Chevrolet Cruze,2015,31003,500,Al día,1,1
P000009589,2021-09-12,2022-09-12,Cobertura amplia,Toyota Corolla,2020,10811,500,Al día,0,0
P000009590,2025-03-11,2026-03-11,Cobertura amplia,Hyundai Elantra,2016,25698,600,Vencido,1,1
P000009591,2020-11-18,2021-11-18,Cobertura de colisión,Kia Forte,2012,18670,700,Vencido,0,0
P000009592,2021-01-17,2022-01-17,Cobertura total,Chevrolet Cruze,2020,11852,500,Al día,1,0
P000009593,2022-08-06,2023-08-06,Cobertura de colisión,Toyota Corolla,2022,32823,500,Al día,0,0
P000009594,2022-06-02,2023-06-02,Cobertura amplia,Toyota Corolla,2020,31846,600,Vencido,1,1
P000009595,2021-07-30,2022-07-30,Cobertura de robo,Chevrolet Cruze,2020,16653,700,Vencido,0,1
P000009596,2021-10-21,2022-10-21,Responsabilidad civil,Honda Civic,2020,36412,600,Vencido,0,1
P000009597,2025-08-16,2026-08-16,Cobertura de colisión,Honda Civic,2017,46689,500,Vencido,0,1
P000009598,2025-10-15,2026-10-15,Responsabilidad civil,Nissan Sentra,2011,35792,700,Vencido,0,1
P000009599,2025-11-13,2026-11-13,Cobertura amplia,Toyota Corolla,2012,48361,500,Al día,0,1
P000009600,2023-10-30,2024-10-29,Cobertura amplia,Toyota Corolla,2011,12272,600,Al día,0,0
P000009601,2025-01-06,2026-01-06,Cobertura de robo,Honda Civic,2019,32392,700,Al día,1,0
P000009602,2021-06-21,2022-06-21,Cobertura de robo,Subaru Impreza,2018,31723,700,Al día,1,1
P000009603,2023-10-20,2024-10-19,Responsabilidad civil,Subaru Impreza,2011,12881,500,Vencido,0,1
P000009604,2023-04-06,2024-04-05,Responsabilidad civil,Honda Civic,2010,31950,700,Al día,1,0
P000009605,2024-01-15,2025-01-14,Cobertura amplia,Toyota Corolla,2017,26978,700,Vencido,0,0
P000009606,2024-10-30,2025-10-30,Cobertura de colisión,Ford Focus,2021,43032,700,Vencido,0,1
P000009607,2020-06-12,2021-06-12,Cobertura de colisión,Toyota Corolla,2018,34388,500,Vencido,1,1
P000009608,2024-05-06,2025-05-06,Cobertura amplia,Nissan Sentra,2022,40786,700,Vencido,1,0
P000009609,2022-09-06,2023-09-06,Cobertura de robo,Volkswagen Jetta,2013,23820,500,Vencido,1,1
P000009610,2022-05-05,2023-05-05,Cobertura de colisión,Volkswagen Jetta,2019,19882,500,Vencido,0,1
P000009611,2020-11-03,2021-11-03,Responsabilidad civil,Subaru Impreza,2016,21698,500,Al día,1,0
P000009612,2021-09-16,2022-09-16,Responsabilidad civil,Honda Civic,2013,29351,700,Vencido,0,1
P000009613,2025-07-30,2026-07-30,Cobertura amplia,Chevrolet Cruze,2011,27493,500,Al día,0,1
P000009614,2021-02-02,2022-02-02,Cobertura de colisión,Ford Focus,2020,26143,600,Al día,0,0
P000009615,2020-03-02,2021-03-02,Cobertura de robo,Subaru Impreza,2018,32504,500,Vencido,1,1
P000009616,2021-08-07,2022-08-07,Cobertura amplia,Hyundai Elantra,2013,29053,500,Vencido,0,1
P000009617,2023-06-21,2024-06-20,Cobertura total,Hyundai Elantra,2016,14760,500,Al día,0,0
P000009618,2020-12-23,2021-12-23,Cobertura amplia,Mazda 3,2014,15545,500,Vencido,1,0
P000009619,2025-08-05,2026-08-05,Cobertura total,Honda Civic,2015,11590,500,Vencido,1,1
P000009620,2021-01-20,2022-01-20,Responsabilidad civil,Volkswagen Jetta,2017,49778,600,Vencido,1,0
P000009621,2025-02-05,2026-02-05,Cobertura de robo,Honda Civic,2017,25331,700,Vencido,1,1
P000009622,2023-07-08,2024-07-07,Cobertura amplia,Hyundai Elantra,2018,48051,700,Al día,1,1
P000009623,2021-11-26,2022-11-26,Cobertura de colisión,Hyundai Elantra,2012,24249,500,Vencido,0,1
P000009624,2023-04-25,2024-04-24,Cobertura amplia,Mazda 3,2017,31918,500,Al día,1,0
P000009625,2021-10-23,2022-10-23,Responsabilidad civil,Toyota Corolla,2020,28743,700,Al día,0,1
P000009626,2020-10-06,2021-10-06,Cobertura de robo,Hyundai Elantra,2013,14340,700,Vencido,0,1
P000009627,2023-02-21,2024-02-21,Cobertura de colisión,Subaru Impreza,2012,30282,500,Al día,1,1
P000009628,2024-01-28,2025-01-27,Responsabilidad civil,Chevrolet Cruze,2015,44184,600,Vencido,0,1
P000009629,2023-12-18,2024-12-17,Cobertura de colisión,Toyota Corolla,2015,13340,600,Al día,0,1
P000009630,2020-12-31,2021-12-31,Responsabilidad civil,Nissan Sentra,2021,12542,500,Al día,1,1
P000009631,2020-10-18,2021-10-18,Cobertura total,Chevrolet Cruze,2022,21570,700,Al día,1,0
P000009632,2022-01-03,2023-01-03,Cobertura de colisión,Ford Focus,2015,15711,500,Al día,1,0
P000009633,2025-03-02,2026-03-02,Responsabilidad civil,Kia Forte,2022,14229,600,Al día,0,0
P000009634,2022-11-22,2023-11-22,Cobertura de colisión,Ford Focus,2020,24886,600,Vencido,1,1
P000009635,2025-04-22,2026-04-22,Cobertura amplia,Toyota Corolla,2020,48305,500,Vencido,0,0
P000009636,2022-11-14,2023-11-14,Responsabilidad civil,Ford Focus,2020,37731,500,Vencido,1,0
P000009637,2024-12-15,2025-12-15,Cobertura de robo,Honda Civic,2019,48771,700,Al día,0,0
P000009638,2021-07-29,2022-07-29,Responsabilidad civil,Honda Civic,2016,33232,600,Vencido,1,1
P000009639,2021-05-22,2022-05-22,Responsabilidad civil,Honda Civic,2016,38155,500,Vencido,0,0
P000009640,2025-06-22,2026-06-22,Responsabilidad civil,Toyota Corolla,2022,15826,700,Vencido,0,0
P000009641,2020-06-11,2021-06-11,Cobertura de colisión,Nissan Sentra,2015,12028,700,Vencido,1,0
P000009642,2024-01-28,2025-01-27,Cobertura total,Chevrolet Cruze,2014,10950,600,Al día,0,0
P000009643,2023-03-20,2024-03-19,Responsabilidad civil,Ford Focus,2019,14293,500,Al día,1,1
P000009644,2024-06-30,2025-06-30,Cobertura de robo,Toyota Corolla,2019,49179,700,Vencido,1,0
P000009645,2024-08-02,2025-08-02,Cobertura total,Volkswagen Jetta,2011,10095,600,Al día,0,1
P000009646,2021-06-12,2022-06-12,Cobertura total,Nissan Sentra,2020,28458,600,Vencido,0,1
P000009647,2024-12-10,2025-12-10,Cobertura de colisión,Honda Civic,2016,11610,600,Vencido,0,1
P000009648,2024-02-11,2025-02-10,Cobertura de colisión,Ford Focus,2016,22679,700,Vencido,1,0
P000009649,2025-09-30,2026-09-30,Responsabilidad civil,Kia Forte,2012,19533,700,Al día,0,1
P000009650,2023-07-08,2024-07-07,Cobertura amplia,Nissan Sentra,2012,22429,700,Al día,0,0
P000009651,2024-03-10,2025-03-10,Cobertura de colisión,Hyundai Elantra,2016,45643,600,Vencido,0,0
P000009652,2020-12-07,2021-12-07,Cobertura de colisión,Ford Focus,2010,38640,500,Al día,1,1
P000009653,2024-08-19,2025-08-19,Cobertura amplia,Volkswagen Jetta,2021,12880,600,Al día,1,0
P000009654,2025-09-03,2026-09-03,Cobertura de robo,Chevrolet Cruze,2015,10427,500,Al día,0,1
P000009655,2025-01-17,2026-01-17,Cobertura de robo,Toyota Corolla,2022,18287,500,Al día,0,0
P000009656,2022-12-12,2023-12-12,Cobertura total,Honda Civic,2014,39276,600,Al día,0,0
P000009657,2020-06-23,2021-06-23,Cobertura total,Honda Civic,2014,38149,600,Al día,1,1
P000009658,2020-08-21,2021-08-21,Cobertura de robo,Chevrolet Cruze,2017,24881,500,Al día,0,1
P000009659,2022-09-29,2023-09-29,Cobertura de colisión,Volkswagen Jetta,2011,24041,600,Vencido,1,0
P000009660,2020-02-02,2021-02-01,Cobertura total,Kia Forte,2014,41510,500,Al día,1,0
P000009661,2021-09-25,2022-09-25,Responsabilidad civil,Kia Forte,2022,10747,600,Vencido,1,0
P000009662,2021-03-07,2022-03-07,Responsabilidad civil,Chevrolet Cruze,2017,47144,500,Vencido,1,1
P000009663,2023-04-05,2024-04-04,Cobertura de robo,Toyota Corolla,2013,37453,600,Al día,1,0
P000009664,2024-03-19,2025-03-19,Cobertura de colisión,Toyota Corolla,2018,18396,700,Al día,0,1
P000009665,2021-10-10,2022-10-10,Cobertura total,Kia Forte,2015,38747,600,Vencido,1,0
P000009666,2024-06-23,2025-06-23,Cobertura de robo,Volkswagen Jetta,2020,26252,700,Vencido,1,1
P000009667,2020-10-25,2021-10-25,Cobertura amplia,Honda Civic,2019,19691,500,Vencido,0,1
P000009668,2022-07-02,2023-07-02,Cobertura amplia,Toyota Corolla,2018,17354,700,Vencido,0,1
P000009669,2024-05-09,2025-05-09,Cobertura de colisión,Volkswagen Jetta,2010,24992,600,Vencido,0,1
P000009670,2025-03-08,2026-03-08,Cobertura de colisión,Nissan Sentra,2014,40499,600,Al día,1,1
P000009671,2021-01-17,2022-01-17,Cobertura de robo,Chevrolet Cruze,2011,20550,500,Vencido,1,1
P000009672,2023-11-30,2024-11-29,Cobertura total,Nissan Sentra,2014,26372,700,Vencido,1,0
P000009673,2025-03-23,2026-03-23,Cobertura de robo,Toyota Corolla,2014,45587,500,Vencido,0,1
P000009674,2025-04-02,2026-04-02,Cobertura amplia,Hyundai Elantra,2016,48736,700,Al día,1,1
P000009675,2025-12-31,2026-12-31,Cobertura total,Toyota Corolla,2018,16668,700,Vencido,0,1
P000009676,2025-03-19,2026-03-19,Cobertura de robo,Hyundai Elantra,2015,19067,500,Vencido,1,1
P000009677,2021-03-22,2022-03-22,Cobertura de colisión,Kia Forte,2019,22909,700,Vencido,0,0
P000009678,2020-12-17,2021-12-17,Cobertura de colisión,Toyota Corolla,2014,11719,500,Al día,0,1
P000009679,2022-01-08,2023-01-08,Cobertura de colisión,Honda Civic,2018,48813,600,Vencido,0,0
P000009680,2021-03-19,2022-03-19,Cobertura de colisión,Toyota Corolla,2014,14569,600,Al día,1,0
P000009681,2024-06-13,2025-06-13,Cobertura amplia,Subaru Impreza,2022,18122,600,Al día,0,0
P000009682,2024-11-09,2025-11-09,Cobertura de colisión,Toyota Corolla,2011,23872,500,Vencido,1,1
P000009683,2022-03-28,2023-03-28,Responsabilidad civil,Toyota Corolla,2017,17794,700,Al día,0,0
P000009684,2024-07-02,2025-07-02,Responsabilidad civil,Honda Civic,2016,47375,600,Vencido,1,1
P000009685,2023-09-08,2024-09-07,Cobertura amplia,Toyota Corolla,2010,40306,600,Vencido,0,0
P000009686,2020-09-21,2021-09-21,Cobertura total,Hyundai Elantra,2021,45918,500,Al día,1,1
P000009687,2023-07-23,2024-07-22,Responsabilidad civil,Chevrolet Cruze,2014,29875,700,Vencido,0,1
P000009688,2023-11-03,2024-11-02,Cobertura total,Nissan Sentra,2012,13542,500,Vencido,0,0
P000009689,2025-06-14,2026-06-14,Cobertura total,Hyundai Elantra,2013,39130,700,Vencido,1,1
P000009690,2022-05-20,2023-05-20,Cobertura amplia,Honda Civic,2018,34889,600,Al día,0,0
P000009691,2025-05-04,2026-05-04,Cobertura de colisión,Toyota Corolla,2016,26523,600,Vencido,1,0
P000009692,2021-04-13,2022-04-13,Responsabilidad civil,Hyundai Elantra,2016,22839,600,Vencido,0,0
P000009693,2023-02-14,2024-02-14,Cobertura amplia,Hyundai Elantra,2017,40196,600,Vencido,0,1
P000009694,2025-02-04,2026-02-04,Responsabilidad civil,Chevrolet Cruze,2014,16720,700,Vencido,0,1
P000009695,2020-06-05,2021-06-05,Responsabilidad civil,Nissan Sentra,2011,34464,600,Al día,0,0
P000009696,2021-09-29,2022-09-29,Cobertura total,Toyota Corolla,2013,22747,500,Al día,1,0
P000009697,2025-04-08,2026-04-08,Cobertura de robo,Ford Focus,2019,39533,500,Vencido,0,0
P000009698,2021-08-19,2022-08-19,Responsabilidad civil,Chevrolet Cruze,2021,38565,500,Al día,0,1
P000009699,2022-05-24,2023-05-24,Responsabilidad civil,Subaru Impreza,2017,35106,500,Vencido,0,1
P000009700,2023-08-04,2024-08-03,Cobertura total,Nissan Sentra,2011,44323,700,Vencido,0,0
P000009701,2020-05-08,2021-05-08,Cobertura total,Toyota Corolla,2011,47928,500,Vencido,0,1
P000009702,2024-04-06,2025-04-06,Cobertura de colisión,Toyota Corolla,2014,41328,600,Al día,1,0
P000009703,2020-09-12,2021-09-12,Cobertura de colisión,Volkswagen Jetta,2020,13000,600,Vencido,0,0
P000009704,2024-01-20,2025-01-19,Cobertura total,Volkswagen Jetta,2018,31287,600,Al día,1,1
P000009705,2024-10-27,2025-10-27,Cobertura de colisión,Honda Civic,2015,22575,600,Vencido,1,0
P000009706,2025-04-23,2026-04-23,Cobertura amplia,Honda Civic,2012,44510,700,Vencido,1,1
P000009707,2022-05-24,2023-05-24,Cobertura total,Chevrolet Cruze,2011,10271,600,Vencido,0,0
P000009708,2020-08-09,2021-08-09,Cobertura amplia,Honda Civic,2018,10950,700,Vencido,0,1
P000009709,2022-05-16,2023-05-16,Responsabilidad civil,Ford Focus,2022,27581,700,Al día,1,0
P000009710,2020-04-03,2021-04-03,Cobertura total,Honda Civic,2011,34539,700,Al día,1,0
P000009711,2024-09-28,2025-09-28,Cobertura de robo,Kia Forte,2015,32101,700,Vencido,0,1
P000009712,2023-01-10,2024-01-10,Responsabilidad civil,Hyundai Elantra,2014,44372,600,Vencido,1,0
P000009713,2022-10-29,2023-10-29,Cobertura de colisión,Hyundai Elantra,2013,48893,500,Al día,0,1
P000009714,2021-12-22,2022-12-22,Cobertura de robo,Nissan Sentra,2020,14723,500,Vencido,0,0
P000009715,2020-12-08,2021-12-08,Cobertura total,Honda Civic,2014,46149,700,Al día,0,0
P000009716,2021-08-03,2022-08-03,Responsabilidad civil,Ford Focus,2014,27820,700,Vencido,0,1
P000009717,2020-10-10,2021-10-10,Cobertura de colisión,Kia Forte,2012,47296,500,Al día,1,1
P000009718,2023-01-26,2024-01-26,Cobertura amplia,Ford Focus,2017,38629,600,Vencido,0,0
P000009719,2024-07-17,2025-07-17,Cobertura amplia,Hyundai Elantra,2021,48107,500,Vencido,0,1
P000009720,2020-11-30,2021-11-30,Responsabilidad civil,Toyota Corolla,2010,27182,500,Al día,1,0
P000009721,2023-05-06,2024-05-05,Responsabilidad civil,Kia Forte,2014,15841,500,Vencido,0,0
P000009722,2025-01-23,2026-01-23,Cobertura amplia,Nissan Sentra,2013,28771,600,Al día,1,0
P000009723,2024-09-15,2025-09-15,Cobertura amplia,Kia Forte,2015,49983,600,Al día,1,0
P000009724,2025-11-19,2026-11-19,Cobertura total,Hyundai Elantra,2016,38757,700,Vencido,1,1
P000009725,2022-05-26,2023-05-26,Cobertura de robo,Toyota Corolla,2021,42959,700,Al día,1,1
P000009726,2022-11-28,2023-11-28,Cobertura de colisión,Toyota Corolla,2021,34492,500,Al día,1,0
P000009727,2022-01-23,2023-01-23,Cobertura amplia,Toyota Corolla,2018,24593,500,Vencido,0,1
P000009728,2020-08-08,2021-08-08,Cobertura total,Chevrolet Cruze,2014,39012,500,Al día,0,0
P000009729,2021-01-13,2022-01-13,Responsabilidad civil,Subaru Impreza,2013,28155,500,Al día,0,0
P000009730,2024-10-21,2025-10-21,Cobertura de robo,Chevrolet Cruze,2019,19057,700,Vencido,1,1
P000009731,2023-11-01,2024-10-31,Cobertura total,Mazda 3,2010,49126,600,Al día,1,0
P000009732,2023-05-01,2024-04-30,Cobertura total,Mazda 3,2014,18149,500,Al día,0,1
P000009733,2021-11-04,2022-11-04,Responsabilidad civil,Chevrolet Cruze,2022,13146,600,Al día,1,1
P000009734,2022-03-24,2023-03-24,Cobertura de colisión,Hyundai Elantra,2015,44662,500,Vencido,1,0
P000009735,2023-12-01,2024-11-30,Cobertura de robo,Hyundai Elantra,2020,19169,600,Al día,0,0
P000009736,2024-09-12,2025-09-12,Responsabilidad civil,Volkswagen Jetta,2020,30146,500,Vencido,1,1
P000009737,2025-05-26,2026-05-26,Cobertura de robo,Honda Civic,2013,27103,500,Al día,1,0
P000009738,2025-05-01,2026-05-01,Cobertura amplia,Chevrolet Cruze,2016,41771,700,Al día,0,0
P000009739,2021-10-20,2022-10-20,Cobertura de robo,Volkswagen Jetta,2016,19768,600,Al día,0,0
P000009740,2024-11-24,2025-11-24,Cobertura amplia,Ford Focus,2017,26492,700,Vencido,0,1
P000009741,2023-12-23,2024-12-22,Responsabilidad civil,Ford Focus,2015,35211,700,Vencido,0,1
P000009742,2024-05-12,2025-05-12,Cobertura de robo,Toyota Corolla,2017,18265,600,Al día,0,1
P000009743,2020-02-10,2021-02-09,Responsabilidad civil,Ford Focus,2021,37795,500,Vencido,1,1
P000009744,2022-03-24,2023-03-24,Cobertura de robo,Volkswagen Jetta,2016,31200,600,Al día,0,1
P000009745,2020-11-14,2021-11-14,Cobertura total,Ford Focus,2012,13667,600,Al día,1,1
P000009746,2021-08-15,2022-08-15,Cobertura amplia,Hyundai Elantra,2022,39481,600,Al día,1,0
P000009747,2023-08-19,2024-08-18,Cobertura de colisión,Ford Focus,2019,40074,600,Vencido,0,1
P000009748,2023-07-20,2024-07-19,Cobertura amplia,Honda Civic,2016,24646,600,Al día,0,0
P000009749,2020-02-28,2021-02-27,Cobertura de robo,Toyota Corolla,2014,24844,700,Vencido,1,0
P000009750,2021-09-08,2022-09-08,Cobertura de colisión,Nissan Sentra,2017,46056,600,Vencido,1,0
P000009751,2025-02-21,2026-02-21,Cobertura de robo,Toyota Corolla,2016,11390,700,Al día,0,1
P000009752,2021-08-27,2022-08-27,Cobertura de colisión,Mazda 3,2022,25135,500,Al día,0,0
P000009753,2025-08-07,2026-08-07,Cobertura amplia,Honda Civic,2012,21168,500,Al día,0,1
P000009754,2023-07-20,2024-07-19,Responsabilidad civil,Chevrolet Cruze,2015,42399,500,Al día,0,0
P000009755,2021-04-10,2022-04-10,Cobertura total,Subaru Impreza,2020,48041,600,Al día,1,1
P000009756,2024-07-22,2025-07-22,Cobertura amplia,Hyundai Elantra,2019,24321,500,Al día,1,0
P000009757,2022-12-12,2023-12-12,Cobertura amplia,Honda Civic,2018,28044,600,Vencido,0,1
P000009758,2025-11-02,2026-11-02,Cobertura de robo,Toyota Corolla,2016,35652,700,Vencido,0,1
P000009759,2020-01-16,2021-01-15,Cobertura total,Ford Focus,2019,34135,700,Al día,0,0
P000009760,2025-01-19,2026-01-19,Cobertura total,Toyota Corolla,2016,36281,600,Al día,1,1
P000009761,2021-05-29,2022-05-29,Cobertura de robo,Nissan Sentra,2014,29631,700,Vencido,0,0
P000009762,2025-01-14,2026-01-14,Cobertura de colisión,Kia Forte,2010,16689,500,Al día,1,1
P000009763,2021-02-03,2022-02-03,Cobertura de colisión,Kia Forte,2017,20286,600,Al día,1,0
P000009764,2020-05-29,2021-05-29,Cobertura de robo,Chevrolet Cruze,2013,33452,700,Vencido,0,0
P000009765,2022-06-14,2023-06-14,Cobertura total,Volkswagen Jetta,2018,19197,700,Al día,1,1
P000009766,2022-02-07,2023-02-07,Cobertura de colisión,Ford Focus,2022,11310,600,Vencido,1,0
P000009767,2024-09-17,2025-09-17,Cobertura total,Nissan Sentra,2010,43579,600,Vencido,1,1
P000009768,2021-11-11,2022-11-11,Cobertura de robo,Honda Civic,2012,41886,600,Vencido,0,0
P000009769,2024-03-26,2025-03-26,Cobertura de colisión,Nissan Sentra,2020,16087,500,Al día,0,1
P000009770,2022-06-04,2023-06-04,Responsabilidad civil,Volkswagen Jetta,2022,38149,600,Al día,0,0
P000009771,2023-11-26,2024-11-25,Responsabilidad civil,Chevrolet Cruze,2021,21203,500,Vencido,0,1
P000009772,2022-05-09,2023-05-09,Cobertura de robo,Chevrolet Cruze,2014,11795,700,Al día,1,0
P000009773,2022-02-21,2023-02-21,Cobertura de robo,Nissan Sentra,2011,42103,600,Vencido,1,1
P000009774,2020-02-28,2021-02-27,Responsabilidad civil,Subaru Impreza,2019,28909,500,Vencido,1,0
P000009775,2024-02-25,2025-02-24,Responsabilidad civil,Hyundai Elantra,2022,29745,700,Vencido,1,0
P000009776,2024-01-30,2025-01-29,Cobertura amplia,Nissan Sentra,2012,16241,500,Al día,1,0
P000009777,2020-03-07,2021-03-07,Cobertura de robo,Honda Civic,2013,16683,500,Vencido,1,0
P000009778,2023-05-21,2024-05-20,Cobertura amplia,Honda Civic,2016,24190,700,Vencido,1,1
P000009779,2023-06-11,2024-06-10,Cobertura total,Mazda 3,2013,22918,600,Vencido,1,1
P000009780,2025-08-18,2026-08-18,Responsabilidad civil,Nissan Sentra,2011,16663,600,Vencido,0,1
P000009781,2021-05-25,2022-05-25,Cobertura de colisión,Hyundai Elantra,2021,32707,500,Vencido,1,0
P000009782,2025-08-06,2026-08-06,Cobertura de robo,Toyota Corolla,2013,25879,500,Vencido,1,1
P000009783,2025-02-10,2026-02-10,Cobertura amplia,Ford Focus,2011,27751,700,Vencido,1,1
P000009784,2024-08-22,2025-08-22,Cobertura amplia,Nissan Sentra,2022,39484,600,Vencido,1,1
P000009785,2024-08-07,2025-08-07,Cobertura total,Volkswagen Jetta,2012,34057,600,Vencido,0,1
P000009786,2023-12-11,2024-12-10,Cobertura amplia,Hyundai Elantra,2018,20719,500,Al día,0,1
P000009787,2023-12-13,2024-12-12,Cobertura total,Toyota Corolla,2020,44889,600,Vencido,1,1
P000009788,2024-10-10,2025-10-10,Cobertura de robo,Hyundai Elantra,2011,17499,700,Al día,1,0
P000009789,2025-11-12,2026-11-12,Cobertura de robo,Honda Civic,2012,30131,600,Al día,0,1
P000009790,2023-10-07,2024-10-06,Responsabilidad civil,Honda Civic,2012,49099,500,Vencido,0,1
P000009791,2021-04-09,2022-04-09,Cobertura de robo,Chevrolet Cruze,2017,10596,500,Vencido,0,0
P000009792,2021-12-21,2022-12-21,Cobertura de robo,Subaru Impreza,2021,13175,600,Vencido,0,0
P000009793,2025-02-22,2026-02-22,Cobertura de robo,Volkswagen Jetta,2018,34191,500,Vencido,0,0
P000009794,2024-10-20,2025-10-20,Cobertura de colisión,Mazda 3,2014,49668,700,Vencido,0,0
P000009795,2024-03-08,2025-03-08,Cobertura amplia,Nissan Sentra,2011,21627,500,Al día,0,1
P000009796,2021-12-25,2022-12-25,Cobertura total,Chevrolet Cruze,2011,21854,700,Al día,0,1
P000009797,2021-10-28,2022-10-28,Cobertura total,Subaru Impreza,2020,27384,600,Vencido,0,0
P000009798,2024-11-20,2025-11-20,Cobertura de robo,Mazda 3,2015,43144,500,Vencido,1,1
P000009799,2024-04-11,2025-04-11,Cobertura amplia,Toyota Corolla,2016,34833,500,Vencido,1,0
P000009800,2023-03-13,2024-03-12,Cobertura de colisión,Mazda 3,2019,47547,500,Al día,1,1
P000009801,2024-11-26,2025-11-26,Cobertura total,Volkswagen Jetta,2010,43752,700,Vencido,1,0
P000009802,2023-03-06,2024-03-05,Cobertura de robo,Hyundai Elantra,2014,25520,700,Vencido,1,1
P000009803,2021-02-10,2022-02-10,Cobertura de robo,Toyota Corolla,2015,10015,700,Al día,0,0
P000009804,2020-12-24,2021-12-24,Responsabilidad civil,Toyota Corolla,2016,10437,600,Al día,0,1
P000009805,2021-03-01,2022-03-01,Cobertura de robo,Mazda 3,2011,10461,700,Vencido,0,1
P000009806,2021-01-02,2022-01-02,Cobertura total,Mazda 3,2014,27883,700,Vencido,1,1
P000009807,2020-03-08,2021-03-08,Cobertura amplia,Nissan Sentra,2016,14801,700,Vencido,0,0
P000009808,2024-08-11,2025-08-11,Cobertura de colisión,Honda Civic,2013,26340,500,Vencido,0,0
P000009809,2021-02-28,2022-02-28,Cobertura total,Mazda 3,2021,36878,700,Al día,1,1
P000009810,2025-07-26,2026-07-26,Cobertura total,Nissan Sentra,2012,44475,500,Al día,0,1
P000009811,2021-02-12,2022-02-12,Cobertura de colisión,Ford Focus,2021,38017,500,Al día,0,1
P000009812,2024-12-24,2025-12-24,Cobertura amplia,Chevrolet Cruze,2020,29173,600,Al día,1,0
P000009813,2025-08-23,2026-08-23,Cobertura total,Toyota Corolla,2019,37976,500,Vencido,1,0
P000009814,2020-05-13,2021-05-13,Cobertura de colisión,Mazda 3,2018,22124,600,Al día,0,1
P000009815,2023-04-02,2024-04-01,Cobertura total,Toyota Corolla,2016,40974,700,Al día,0,1
P000009816,2024-09-18,2025-09-18,Cobertura total,Toyota Corolla,2019,21960,500,Al día,0,0
P000009817,2022-05-17,2023-05-17,Responsabilidad civil,Ford Focus,2016,17790,700,Vencido,0,1
P000009818,2022-07-01,2023-07-01,Cobertura amplia,Honda Civic,2014,47274,600,Vencido,0,1
P000009819,2025-02-05,2026-02-05,Cobertura amplia,Nissan Sentra,2015,49521,600,Al día,0,0
P000009820,2024-04-09,2025-04-09,Cobertura de robo,Hyundai Elantra,2021,41160,700,Al día,0,0
P000009821,2021-04-13,2022-04-13,Cobertura de colisión,Nissan Sentra,2017,32105,500,Vencido,1,1
P000009822,2022-03-12,2023-03-12,Cobertura de colisión,Subaru Impreza,2013,21147,500,Vencido,0,0
P000009823,2025-04-07,2026-04-07,Cobertura amplia,Nissan Sentra,2012,15181,700,Al día,0,1
P000009824,2021-05-24,2022-05-24,Cobertura amplia,Nissan Sentra,2018,19517,700,Vencido,1,0
P000009825,2023-12-07,2024-12-06,Responsabilidad civil,Volkswagen Jetta,2019,19994,600,Al día,1,1
P000009826,2025-03-15,2026-03-15,Cobertura total,Honda Civic,2010,44171,500,Al día,1,0
P000009827,2024-08-18,2025-08-18,Cobertura de robo,Hyundai Elantra,2021,31813,600,Al día,0,1
P000009828,2024-06-09,2025-06-09,Cobertura de robo,Honda Civic,2011,46297,700,Vencido,1,1
P000009829,2020-02-01,2021-01-31,Cobertura de colisión,Hyundai Elantra,2020,45129,500,Al día,1,1
P000009830,2024-03-14,2025-03-14,Cobertura amplia,Hyundai Elantra,2012,20819,600,Al día,1,0
P000009831,2022-07-06,2023-07-06,Cobertura de robo,Mazda 3,2011,48750,600,Vencido,1,0
P000009832,2025-09-09,2026-09-09,Cobertura de colisión,Hyundai Elantra,2022,15964,500,Vencido,0,1
P000009833,2023-03-07,2024-03-06,Cobertura de robo,Kia Forte,2012,44074,700,Vencido,1,1
P000009834,2023-01-01,2024-01-01,Cobertura de robo,Toyota Corolla,2021,14573,500,Vencido,0,1
P000009835,2022-12-19,2023-12-19,Cobertura de colisión,Volkswagen Jetta,2016,29798,500,Al día,1,0
P000009836,2023-06-13,2024-06-12,Cobertura amplia,Hyundai Elantra,2020,10331,500,Al día,0,1
P000009837,2024-08-25,2025-08-25,Cobertura amplia,Subaru Impreza,2016,28146,700,Al día,0,1
P000009838,2022-09-16,2023-09-16,Cobertura de robo,Ford Focus,2020,42623,700,Al día,0,1
P000009839,2020-01-18,2021-01-17,Cobertura total,Honda Civic,2016,38271,600,Al día,0,1
P000009840,2024-08-25,2025-08-25,Responsabilidad civil,Volkswagen Jetta,2021,28250,600,Vencido,0,1
P000009841,2020-05-13,2021-05-13,Responsabilidad civil,Toyota Corolla,2017,40723,600,Al día,0,1
P000009842,2020-03-04,2021-03-04,Cobertura total,Toyota Corolla,2011,28958,700,Vencido,0,1
P000009843,2020-04-17,2021-04-17,Cobertura amplia,Honda Civic,2013,11165,500,Vencido,0,1
P000009844,2021-09-20,2022-09-20,Cobertura amplia,Toyota Corolla,2018,37199,500,Al día,0,0
P000009845,2024-03-13,2025-03-13,Cobertura amplia,Toyota Corolla,2017,27668,600,Vencido,0,1
P000009846,2025-10-26,2026-10-26,Cobertura de robo,Volkswagen Jetta,2020,41117,500,Vencido,0,1
P000009847,2023-07-24,2024-07-23,Responsabilidad civil,Toyota Corolla,2022,26629,700,Al día,0,0
P000009848,2023-10-04,2024-10-03,Responsabilidad civil,Subaru Impreza,2021,16913,600,Al día,0,0
P000009849,2021-11-29,2022-11-29,Cobertura total,Ford Focus,2010,42362,600,Vencido,0,1
P000009850,2024-10-27,2025-10-27,Responsabilidad civil,Kia Forte,2020,22359,500,Vencido,0,0
P000009851,2022-09-17,2023-09-17,Cobertura total,Chevrolet Cruze,2016,35533,500,Al día,1,1
P000009852,2024-05-22,2025-05-22,Responsabilidad civil,Hyundai Elantra,2016,43498,700,Al día,0,0
P000009853,2022-02-28,2023-02-28,Cobertura de robo,Ford Focus,2011,31441,500,Vencido,0,1
P000009854,2024-05-30,2025-05-30,Cobertura total,Honda Civic,2019,12558,700,Vencido,0,1
P000009855,2020-07-30,2021-07-30,Cobertura total,Mazda 3,2016,31296,600,Al día,1,0
P000009856,2024-10-23,2025-10-23,Cobertura total,Toyota Corolla,2010,23828,700,Vencido,0,1
P000009857,2021-06-11,2022-06-11,Cobertura total,Chevrolet Cruze,2020,46778,600,Vencido,1,0
P000009858,2024-05-18,2025-05-18,Cobertura de colisión,Honda Civic,2016,24814,700,Vencido,1,0
P000009859,2021-12-12,2022-12-12,Responsabilidad civil,Subaru Impreza,2010,20273,500,Al día,0,0
P000009860,2024-07-09,2025-07-09,Responsabilidad civil,Subaru Impreza,2013,42226,500,Al día,1,0
P000009861,2023-07-27,2024-07-26,Cobertura amplia,Hyundai Elantra,2020,37931,600,Al día,1,1
P000009862,2025-10-19,2026-10-19,Cobertura de colisión,Kia Forte,2018,41056,500,Al día,1,1
P000009863,2021-10-10,2022-10-10,Cobertura de robo,Subaru Impreza,2015,30394,500,Al día,0,1
P000009864,2024-11-26,2025-11-26,Cobertura amplia,Subaru Impreza,2020,21777,700,Al día,0,0
P000009865,2022-08-04,2023-08-04,Cobertura de robo,Toyota Corolla,2019,32393,700,Al día,0,0
P000009866,2021-02-11,2022-02-11,Cobertura amplia,Toyota Corolla,2016,49422,600,Vencido,0,0
P000009867,2021-06-01,2022-06-01,Cobertura total,Honda Civic,2012,18038,600,Al día,1,1
P000009868,2025-08-27,2026-08-27,Cobertura total,Hyundai Elantra,2015,13746,700,Al día,0,0
P000009869,2021-04-29,2022-04-29,Cobertura de colisión,Honda Civic,2020,23477,700,Al día,0,0
P000009870,2024-05-24,2025-05-24,Cobertura amplia,Mazda 3,2011,34959,500,Vencido,1,1
P000009871,2022-12-01,2023-12-01,Cobertura de robo,Toyota Corolla,2014,45107,700,Al día,0,0
P000009872,2021-10-13,2022-10-13,Cobertura amplia,Subaru Impreza,2021,12643,700,Vencido,1,0
P000009873,2023-08-13,2024-08-12,Cobertura total,Subaru Impreza,2018,38523,600,Vencido,0,1
P000009874,2022-04-14,2023-04-14,Responsabilidad civil,Hyundai Elantra,2016,12464,700,Vencido,1,0
P000009875,2021-01-16,2022-01-16,Responsabilidad civil,Ford Focus,2020,37196,700,Vencido,1,0
P000009876,2021-01-17,2022-01-17,Cobertura de robo,Toyota Corolla,2012,49272,700,Al día,0,1
P000009877,2020-04-15,2021-04-15,Responsabilidad civil,Toyota Corolla,2017,45531,500,Vencido,0,0
P000009878,2024-11-26,2025-11-26,Cobertura de robo,Honda Civic,2020,37792,500,Vencido,1,1
P000009879,2020-02-17,2021-02-16,Cobertura de colisión,Chevrolet Cruze,2014,40502,600,Vencido,0,1
P000009880,2021-09-18,2022-09-18,Responsabilidad civil,Chevrolet Cruze,2014,44385,700,Al día,1,0
P000009881,2020-04-23,2021-04-23,Cobertura amplia,Hyundai Elantra,2013,10578,500,Al día,0,0
P000009882,2020-11-18,2021-11-18,Responsabilidad civil,Honda Civic,2017,45395,500,Al día,0,1
P000009883,2024-04-15,2025-04-15,Cobertura de colisión,Chevrolet Cruze,2022,10324,600,Vencido,1,1
P000009884,2020-04-13,2021-04-13,Responsabilidad civil,Mazda 3,2015,31918,500,Al día,1,0
P000009885,2021-06-18,2022-06-18,Cobertura total,Volkswagen Jetta,2022,16857,600,Vencido,0,1
P000009886,2025-02-01,2026-02-01,Cobertura de robo,Ford Focus,2017,11846,700,Vencido,1,0
P000009887,2024-01-06,2025-01-05,Cobertura de robo,Honda Civic,2015,20725,600,Al día,0,1
P000009888,2022-02-03,2023-02-03,Cobertura de colisión,Volkswagen Jetta,2021,25448,500,Vencido,1,1
P000009889,2022-09-08,2023-09-08,Cobertura total,Subaru Impreza,2018,21573,700,Al día,1,1
P000009890,2022-06-27,2023-06-27,Cobertura total,Nissan Sentra,2016,25505,600,Al día,0,0
P000009891,2023-05-01,2024-04-30,Cobertura amplia,Volkswagen Jetta,2014,25963,500,Vencido,0,1
P000009892,2022-03-04,2023-03-04,Cobertura de robo,Toyota Corolla,2010,48829,700,Vencido,0,0
P000009893,2022-10-01,2023-10-01,Cobertura de colisión,Hyundai Elantra,2018,10006,700,Vencido,0,0
P000009894,2024-03-28,2025-03-28,Cobertura total,Honda Civic,2018,44269,600,Vencido,1,1
P000009895,2022-12-02,2023-12-02,Cobertura amplia,Ford Focus,2021,43644,700,Vencido,1,1
P000009896,2020-07-30,2021-07-30,Cobertura de robo,Kia Forte,2017,30602,700,Al día,1,0
P000009897,2023-01-31,2024-01-31,Cobertura de robo,Volkswagen Jetta,2022,45622,700,Vencido,0,0
P000009898,2020-12-05,2021-12-05,Cobertura total,Honda Civic,2010,45372,600,Vencido,1,0
P000009899,2021-08-11,2022-08-11,Cobertura de robo,Toyota Corolla,2021,22910,600,Vencido,1,0
P000009900,2020-04-04,2021-04-04,Cobertura total,Toyota Corolla,2013,12263,700,Vencido,0,1
P000009901,2021-02-27,2022-02-27,Cobertura de robo,Chevrolet Cruze,2011,45878,500,Vencido,0,0
P000009902,2021-03-30,2022-03-30,Cobertura de colisión,Nissan Sentra,2011,42484,500,Al día,1,1
P000009903,2025-02-23,2026-02-23,Responsabilidad civil,Honda Civic,2014,19386,500,Vencido,0,1
P000009904,2021-05-17,2022-05-17,Responsabilidad civil,Honda Civic,2019,47565,600,Al día,0,1
P000009905,2021-03-14,2022-03-14,Cobertura de robo,Toyota Corolla,2011,16128,500,Al día,0,1
P000009906,2021-08-03,2022-08-03,Cobertura total,Nissan Sentra,2014,21991,600,Vencido,0,0
P000009907,2023-03-02,2024-03-01,Cobertura de robo,Hyundai Elantra,2010,43382,600,Al día,1,0
P000009908,2022-12-09,2023-12-09,Cobertura total,Toyota Corolla,2017,47904,600,Vencido,0,0
P000009909,2022-01-09,2023-01-09,Cobertura de colisión,Ford Focus,2017,21340,700,Vencido,1,1
P000009910,2021-01-15,2022-01-15,Responsabilidad civil,Toyota Corolla,2012,10682,700,Vencido,1,1
P000009911,2020-11-12,2021-11-12,Cobertura amplia,Nissan Sentra,2012,47122,600,Al día,1,0
P000009912,2025-07-17,2026-07-17,Cobertura de colisión,Volkswagen Jetta,2014,30564,500,Vencido,1,1
P000009913,2024-01-20,2025-01-19,Cobertura amplia,Hyundai Elantra,2017,19242,500,Al día,1,1
P000009914,2022-05-01,2023-05-01,Responsabilidad civil,Ford Focus,2014,30373,700,Al día,0,1
P000009915,2024-05-19,2025-05-19,Cobertura de colisión,Kia Forte,2019,38405,500,Al día,1,0
P000009916,2021-02-16,2022-02-16,Cobertura total,Hyundai Elantra,2013,25513,500,Al día,1,0
P000009917,2025-07-04,2026-07-04,Cobertura de robo,Nissan Sentra,2021,49386,700,Vencido,1,1
P000009918,2020-03-30,2021-03-30,Cobertura de robo,Ford Focus,2017,24682,700,Al día,0,0
P000009919,2024-08-21,2025-08-21,Responsabilidad civil,Toyota Corolla,2022,16458,600,Vencido,0,1
P000009920,2020-10-28,2021-10-28,Responsabilidad civil,Chevrolet Cruze,2010,38803,600,Vencido,1,1
P000009921,2025-06-15,2026-06-15,Cobertura de colisión,Ford Focus,2019,19354,600,Vencido,0,1
P000009922,2020-11-08,2021-11-08,Responsabilidad civil,Honda Civic,2012,29763,700,Vencido,0,0
P000009923,2022-05-11,2023-05-11,Cobertura de robo,Volkswagen Jetta,2020,25394,700,Al día,1,1
P000009924,2024-09-15,2025-09-15,Cobertura de colisión,Chevrolet Cruze,2013,16840,500,Al día,0,1
P000009925,2024-03-17,2025-03-17,Cobertura de robo,Kia Forte,2014,28213,700,Al día,1,1
P000009926,2023-07-08,2024-07-07,Cobertura de colisión,Honda Civic,2018,24347,500,Al día,1,0
P000009927,2025-01-20,2026-01-20,Cobertura de colisión,Chevrolet Cruze,2013,31349,500,Al día,0,1
P000009928,2021-10-21,2022-10-21,Cobertura amplia,Mazda 3,2010,11919,700,Vencido,0,1
P000009929,2022-01-06,2023-01-06,Cobertura total,Honda Civic,2014,24202,600,Vencido,1,1
P000009930,2023-05-08,2024-05-07,Cobertura total,Toyota Corolla,2020,12675,500,Vencido,0,0
P000009931,2020-02-11,2021-02-10,Cobertura total,Ford Focus,2016,18650,500,Vencido,1,0
P000009932,2022-01-01,2023-01-01,Cobertura total,Chevrolet Cruze,2017,13000,500,Vencido,1,0
P000009933,2020-05-08,2021-05-08,Cobertura total,Honda Civic,2021,39846,700,Al día,0,0
P000009934,2021-04-25,2022-04-25,Responsabilidad civil,Chevrolet Cruze,2020,42578,700,Vencido,1,1
P000009935,2023-11-05,2024-11-04,Responsabilidad civil,Hyundai Elantra,2014,38631,600,Al día,0,0
P000009936,2023-11-21,2024-11-20,Cobertura amplia,Subaru Impreza,2017,27695,500,Al día,1,1
P000009937,2025-06-05,2026-06-05,Cobertura total,Ford Focus,2014,33333,700,Al día,0,1
P000009938,2020-01-21,2021-01-20,Cobertura de colisión,Toyota Corolla,2015,38390,700,Vencido,0,0
P000009939,2021-10-10,2022-10-10,Cobertura de colisión,Volkswagen Jetta,2022,24038,600,Al día,0,1
P000009940,2025-11-07,2026-11-07,Cobertura amplia,Kia Forte,2014,25008,600,Vencido,1,0
P000009941,2022-11-08,2023-11-08,Cobertura de colisión,Toyota Corolla,2019,25401,600,Vencido,0,0
P000009942,2021-05-13,2022-05-13,Cobertura de robo,Kia Forte,2022,28700,700,Al día,1,1
P000009943,2022-02-28,2023-02-28,Cobertura de colisión,Ford Focus,2015,13749,600,Vencido,0,1
P000009944,2020-05-01,2021-05-01,Responsabilidad civil,Ford Focus,2011,46112,500,Vencido,0,0
P000009945,2020-04-04,2021-04-04,Cobertura amplia,Nissan Sentra,2013,10672,600,Al día,1,0
P000009946,2025-10-22,2026-10-22,Cobertura de robo,Ford Focus,2012,49306,500,Al día,0,0
P000009947,2025-09-27,2026-09-27,Responsabilidad civil,Toyota Corolla,2021,21823,600,Vencido,1,1
P000009948,2021-09-16,2022-09-16,Responsabilidad civil,Kia Forte,2013,23638,600,Al día,0,0
P000009949,2022-06-04,2023-06-04,Cobertura amplia,Subaru Impreza,2012,32227,600,Al día,1,1
P000009950,2024-02-03,2025-02-02,Cobertura de robo,Subaru Impreza,2022,21770,700,Al día,0,0
P000009951,2021-04-15,2022-04-15,Cobertura total,Nissan Sentra,2016,37595,500,Vencido,1,1
P000009952,2022-06-07,2023-06-07,Cobertura de robo,Toyota Corolla,2017,27866,600,Al día,1,0
P000009953,2020-04-30,2021-04-30,Cobertura de robo,Chevrolet Cruze,2012,10432,500,Vencido,1,1
P000009954,2023-09-03,2024-09-02,Cobertura amplia,Toyota Corolla,2018,16998,700,Vencido,0,1
P000009955,2021-07-21,2022-07-21,Responsabilidad civil,Ford Focus,2011,14994,500,Al día,1,1
P000009956,2022-06-19,2023-06-19,Cobertura de robo,Honda Civic,2010,20888,600,Al día,0,1
P000009957,2020-12-07,2021-12-07,Responsabilidad civil,Chevrolet Cruze,2019,18939,500,Vencido,1,1
P000009958,2021-06-02,2022-06-02,Responsabilidad civil,Toyota Corolla,2010,25972,500,Al día,0,1
P000009959,2023-01-01,2024-01-01,Cobertura de colisión,Hyundai Elantra,2010,42538,600,Al día,1,0
P000009960,2023-01-25,2024-01-25,Cobertura total,Honda Civic,2013,37955,600,Al día,0,0
P000009961,2025-05-26,2026-05-26,Cobertura total,Ford Focus,2011,44518,700,Vencido,1,0
P000009962,2022-03-27,2023-03-27,Cobertura amplia,Subaru Impreza,2015,43531,600,Al día,0,1
P000009963,2021-01-11,2022-01-11,Cobertura total,Honda Civic,2019,45601,700,Al día,0,1
P000009964,2023-11-28,2024-11-27,Cobertura de colisión,Honda Civic,2022,22777,500,Vencido,0,1
P000009965,2023-04-20,2024-04-19,Cobertura amplia,Ford Focus,2010,43780,700,Al día,1,1
P000009966,2025-03-28,2026-03-28,Cobertura de robo,Hyundai Elantra,2015,41600,500,Al día,1,1
P000009967,2025-07-23,2026-07-23,Responsabilidad civil,Ford Focus,2010,48059,600,Vencido,0,0
P000009968,2024-11-21,2025-11-21,Cobertura de robo,Ford Focus,2018,40247,500,Al día,0,1
P000009969,2025-09-30,2026-09-30,Responsabilidad civil,Volkswagen Jetta,2018,43617,600,Al día,1,0
P000009970,2024-06-26,2025-06-26,Cobertura de colisión,Kia Forte,2011,27376,700,Vencido,0,0
P000009971,2022-03-01,2023-03-01,Cobertura de colisión,Nissan Sentra,2020,49381,500,Al día,1,0
P000009972,2022-10-21,2023-10-21,Cobertura de robo,Volkswagen Jetta,2012,26017,700,Vencido,0,1
P000009973,2021-12-09,2022-12-09,Cobertura total,Toyota Corolla,2021,41857,600,Vencido,1,1
P000009974,2022-03-21,2023-03-21,Responsabilidad civil,Volkswagen Jetta,2010,25417,700,Al día,0,1
P000009975,2023-02-25,2024-02-25,Cobertura total,Toyota Corolla,2022,45945,500,Al día,1,1
P000009976,2024-05-28,2025-05-28,Cobertura amplia,Kia Forte,2011,45559,700,Al día,0,1
P000009977,2021-02-25,2022-02-25,Responsabilidad civil,Honda Civic,2013,28654,700,Vencido,1,1
P000009978,2023-06-30,2024-06-29,Cobertura de robo,Hyundai Elantra,2014,32599,600,Vencido,1,1
P000009979,2021-11-09,2022-11-09,Cobertura de colisión,Kia Forte,2021,29198,600,Al día,1,0
P000009980,2022-04-23,2023-04-23,Cobertura amplia,Toyota Corolla,2011,32748,600,Al día,1,1
P000009981,2025-06-21,2026-06-21,Cobertura de colisión,Toyota Corolla,2016,28712,500,Al día,1,0
P000009982,2024-11-10,2025-11-10,Cobertura amplia,Volkswagen Jetta,2015,43448,700,Vencido,0,1
P000009983,2025-01-01,2026-01-01,Cobertura amplia,Hyundai Elantra,2010,25022,500,Vencido,0,1
P000009984,2024-10-01,2025-10-01,Cobertura de robo,Nissan Sentra,2020,10216,700,Al día,1,0
P000009985,2023-01-17,2024-01-17,Cobertura de robo,Nissan Sentra,2018,28641,700,Al día,0,0
P000009986,2023-07-29,2024-07-28,Responsabilidad civil,Nissan Sentra,2012,33466,700,Vencido,1,1
P000009987,2021-03-16,2022-03-16,Cobertura de colisión,Honda Civic,2013,12978,600,Al día,0,1
P000009988,2024-04-17,2025-04-17,Cobertura de colisión,Toyota Corolla,2015,18244,500,Vencido,1,1
P000009989,2024-10-24,2025-10-24,Cobertura total,Honda Civic,2012,44390,600,Vencido,1,1
P000009990,2022-03-29,2023-03-29,Cobertura de robo,Honda Civic,2015,24020,600,Vencido,1,0
P000009991,2023-12-16,2024-12-15,Cobertura de robo,Volkswagen Jetta,2020,47533,700,Al día,1,0
P000009992,2024-03-11,2025-03-11,Cobertura de robo,Chevrolet Cruze,2021,24587,500,Al día,0,0
P000009993,2020-09-20,2021-09-20,Cobertura amplia,Mazda 3,2018,40097,700,Al día,1,0
P000009994,2025-01-14,2026-01-14,Responsabilidad civil,Subaru Impreza,2010,18638,500,Vencido,0,1
P000009995,2021-11-16,2022-11-16,Cobertura amplia,Toyota Corolla,2013,23017,700,Vencido,1,1
P000009996,2020-05-18,2021-05-18,Cobertura de robo,Ford Focus,2020,22961,700,Vencido,1,1
P000009997,2025-09-25,2026-09-25,Cobertura de colisión,Toyota Corolla,2018,13280,600,Vencido,1,0
P000009998,2022-11-02,2023-11-02,Responsabilidad civil,Ford Focus,2011,49969,500,Vencido,0,0
P000009999,2024-08-05,2025-08-05,Cobertura total,Chevrolet Cruze,2011,44986,500,Vencido,1,1
